        Frequency / MHz                S1,1/abs,dB
----------------------------------------------------------------------
                     500                    -0.052596946
                   502.5                    -0.054338922
                     505                    -0.056164844
                   507.5                    -0.058074741
                     510                    -0.060065205
                   512.5                    -0.062133082
                     515                    -0.064279237
                   517.5                     -0.06649728
                     520                    -0.068787726
                   522.5                    -0.071147325
                     525                    -0.073573897
                   527.5                    -0.076063538
                     530                    -0.078615042
                   532.5                    -0.081223675
                     535                    -0.083889987
                   537.5                    -0.086609043
                     540                    -0.089377701
                   542.5                    -0.092195177
                     545                    -0.095055828
                   547.5                    -0.097959627
                     550                     -0.10090187
                   552.5                     -0.10388085
                     555                     -0.10689256
                   557.5                     -0.10993528
                     560                     -0.11300549
                   562.5                     -0.11610149
                     565                     -0.11921957
                   567.5                     -0.12235633
                     570                     -0.12551071
                   572.5                     -0.12867924
                     575                      -0.1318592
                   577.5                     -0.13504798
                     580                     -0.13824228
                   582.5                     -0.14144207
                     585                     -0.14464171
                   587.5                     -0.14784177
                     590                     -0.15103741
                   592.5                     -0.15422809
                     595                     -0.15741165
                   597.5                     -0.16058351
                     600                     -0.16374486
                   602.5                     -0.16689234
                     605                     -0.17002268
                   607.5                     -0.17313574
                     610                     -0.17622834
                   612.5                     -0.17930106
                     615                     -0.18234988
                   617.5                     -0.18537365
                     620                     -0.18837218
                   622.5                     -0.19134209
                     625                     -0.19428551
                   627.5                     -0.19719739
                     630                     -0.20007863
                   632.5                     -0.20292551
                     635                     -0.20574091
                   637.5                     -0.20852164
                     640                     -0.21126689
                   642.5                     -0.21397614
                     645                     -0.21664896
                   647.5                     -0.21928481
                     650                     -0.22188117
                   652.5                     -0.22444067
                     655                     -0.22696091
                   657.5                     -0.22944283
                     660                     -0.23188503
                   662.5                     -0.23428753
                     665                     -0.23665081
                   667.5                     -0.23897372
                     670                     -0.24125762
                   672.5                     -0.24350155
                     675                     -0.24570602
                   677.5                     -0.24787222
                     680                     -0.24999819
                   682.5                      -0.2520854
                     685                     -0.25413499
                   687.5                     -0.25614752
                     690                     -0.25812215
                   692.5                     -0.26005892
                     695                     -0.26196104
                   697.5                     -0.26382644
                     700                     -0.26565773
                   702.5                     -0.26745428
                     705                     -0.26921788
                   707.5                     -0.27094858
                     710                     -0.27264786
                   712.5                     -0.27431631
                     715                     -0.27595391
                   717.5                      -0.2775635
                     720                     -0.27914428
                   722.5                     -0.28069722
                     725                     -0.28222443
                   727.5                     -0.28372661
                     730                     -0.28520395
                   732.5                     -0.28665872
                     735                     -0.28809077
                   737.5                     -0.28950267
                     740                     -0.29089349
                   742.5                     -0.29226607
                     745                     -0.29362076
                   747.5                     -0.29495898
                     750                     -0.29628067
                   752.5                     -0.29758815
                     755                     -0.29888167
                   757.5                     -0.30016309
                     760                     -0.30143284
                   762.5                     -0.30269237
                     765                     -0.30394177
                   767.5                     -0.30518381
                     770                     -0.30641799
                   772.5                     -0.30764585
                     775                      -0.3088689
                   777.5                     -0.31008702
                     780                     -0.31130154
                   782.5                     -0.31251373
                     785                     -0.31372436
                   787.5                     -0.31493417
                     790                     -0.31614388
                   792.5                     -0.31735407
                     795                     -0.31856639
                   797.5                     -0.31978042
                     800                     -0.32099827
                   802.5                     -0.32221879
                     805                      -0.3234447
                   807.5                     -0.32467424
                     810                     -0.32590997
                   812.5                     -0.32715122
                     815                     -0.32839992
                   817.5                     -0.32965583
                     820                     -0.33091811
                   822.5                     -0.33218858
                     825                     -0.33346736
                   827.5                     -0.33475453
                     830                     -0.33605008
                   832.5                     -0.33735449
                     835                     -0.33866812
                   837.5                     -0.33999125
                     840                     -0.34132299
                   842.5                     -0.34266503
                     845                     -0.34401568
                   847.5                     -0.34537585
                     850                     -0.34674412
                   852.5                     -0.34812325
                     855                     -0.34950991
                   857.5                     -0.35090647
                     860                     -0.35231037
                   862.5                     -0.35372245
                     865                     -0.35514299
                   867.5                     -0.35657077
                     870                     -0.35800562
                   872.5                      -0.3594469
                     875                     -0.36089387
                   877.5                     -0.36234751
                     880                      -0.3638054
                   882.5                      -0.3652675
                     885                     -0.36673335
                   887.5                     -0.36820373
                     890                     -0.36967487
                   892.5                     -0.37114864
                     895                     -0.37262297
                   897.5                     -0.37409799
                     900                      -0.3755717
                   902.5                       -0.377044
                     905                      -0.3785145
                   907.5                     -0.37998042
                     910                     -0.38144369
                   912.5                     -0.38290156
                     915                     -0.38435304
                   917.5                     -0.38579824
                     920                     -0.38723494
                   922.5                     -0.38866298
                     925                     -0.39008127
                   927.5                     -0.39148864
                     930                     -0.39288364
                   932.5                     -0.39426555
                     935                     -0.39563402
                   937.5                     -0.39698705
                     940                     -0.39832535
                   942.5                     -0.39964583
                     945                     -0.40094828
                   947.5                     -0.40223194
                     950                     -0.40349491
                   952.5                     -0.40473719
                     955                     -0.40595755
                   957.5                     -0.40715611
                     960                     -0.40832903
                   962.5                     -0.40947859
                     965                     -0.41060137
                   967.5                     -0.41169848
                     970                     -0.41276836
                   972.5                     -0.41380862
                     975                     -0.41482085
                   977.5                     -0.41580391
                     980                     -0.41675496
                   982.5                     -0.41767656
                     985                     -0.41856414
                   987.5                     -0.41942012
                     990                     -0.42024297
                   992.5                     -0.42103217
                     995                     -0.42178701
                   997.5                     -0.42250683
                    1000                     -0.42319136
                  1002.5                     -0.42384158
                    1005                     -0.42445469
                  1007.5                     -0.42503162
                    1010                     -0.42557275
                  1012.5                     -0.42607691
                    1015                     -0.42654365
                  1017.5                     -0.42697399
                    1020                     -0.42736664
                  1022.5                     -0.42772288
                    1025                     -0.42804244
                  1027.5                     -0.42832308
                    1030                     -0.42856886
                  1032.5                     -0.42877709
                    1035                     -0.42895057
                  1037.5                     -0.42908571
                    1040                     -0.42918693
                  1042.5                     -0.42925145
                    1045                     -0.42928015
                  1047.5                     -0.42927682
                    1050                     -0.42923783
                  1052.5                     -0.42916578
                    1055                     -0.42906163
                  1057.5                      -0.4289252
                    1060                     -0.42875517
                  1062.5                     -0.42855778
                    1065                     -0.42832897
                  1067.5                     -0.42807057
                    1070                     -0.42778465
                  1072.5                     -0.42747181
                    1075                      -0.4271318
                  1077.5                      -0.4267677
                    1080                     -0.42637825
                  1082.5                     -0.42596553
                    1085                     -0.42553026
                  1087.5                      -0.4250744
                    1090                     -0.42459814
                  1092.5                     -0.42410293
                    1095                     -0.42359001
                  1097.5                     -0.42306056
                    1100                     -0.42251503
                  1102.5                     -0.42195636
                    1105                     -0.42138374
                  1107.5                     -0.42080009
                    1110                     -0.42020546
                  1112.5                     -0.41960138
                    1115                      -0.4189906
                  1117.5                     -0.41837089
                    1120                     -0.41774608
                  1122.5                     -0.41711697
                    1125                     -0.41648462
                  1127.5                     -0.41585111
                    1130                     -0.41521491
                  1132.5                     -0.41458079
                    1135                     -0.41394729
                  1137.5                     -0.41331703
                    1140                     -0.41269097
                  1142.5                     -0.41206927
                    1145                     -0.41145375
                  1147.5                     -0.41084483
                    1150                     -0.41024409
                  1152.5                     -0.40965322
                    1155                     -0.40907044
                  1157.5                     -0.40850086
                    1160                     -0.40794202
                  1162.5                     -0.40739543
                    1165                     -0.40686282
                  1167.5                     -0.40634406
                    1170                     -0.40584051
                  1172.5                     -0.40535234
                    1175                      -0.4048815
                  1177.5                     -0.40442675
                    1180                     -0.40398985
                  1182.5                     -0.40357015
                    1185                     -0.40316946
                  1187.5                     -0.40278801
                    1190                     -0.40242467
                  1192.5                     -0.40208132
                    1195                     -0.40175847
                  1197.5                     -0.40145417
                    1200                     -0.40117075
                  1202.5                     -0.40090737
                    1205                     -0.40066498
                  1207.5                     -0.40044148
                    1210                     -0.40023882
                  1212.5                     -0.40005653
                    1215                     -0.39989375
                  1217.5                     -0.39975202
                    1220                     -0.39962729
                  1222.5                      -0.3995237
                    1225                     -0.39943838
                  1227.5                     -0.39937209
                    1230                     -0.39932414
                  1232.5                      -0.3992929
                    1235                     -0.39927884
                  1237.5                     -0.39928156
                    1240                     -0.39929882
                  1242.5                     -0.39933334
                    1245                      -0.3993818
                  1247.5                     -0.39944449
                    1250                     -0.39952081
                  1252.5                     -0.39960845
                    1255                      -0.3997079
                  1257.5                     -0.39981865
                    1260                     -0.39993916
                  1262.5                     -0.40006938
                    1265                     -0.40020622
                  1267.5                     -0.40035182
                    1270                     -0.40050301
                  1272.5                     -0.40066041
                    1275                     -0.40082179
                  1277.5                      -0.4009871
                    1280                     -0.40115509
                  1282.5                     -0.40132458
                    1285                     -0.40149491
                  1287.5                     -0.40166635
                    1290                     -0.40183387
                  1292.5                       -0.402001
                    1295                     -0.40216447
                  1297.5                     -0.40232316
                    1300                     -0.40247804
                  1302.5                     -0.40262727
                    1305                     -0.40276926
                  1307.5                     -0.40290407
                    1310                     -0.40303074
                  1312.5                     -0.40314695
                    1315                     -0.40325333
                  1317.5                     -0.40335035
                    1320                     -0.40343476
                  1322.5                     -0.40350753
                    1325                      -0.4035674
                  1327.5                     -0.40361336
                    1330                     -0.40364614
                  1332.5                     -0.40366364
                    1335                     -0.40366694
                  1337.5                     -0.40365338
                    1340                     -0.40362539
                  1342.5                     -0.40358032
                    1345                      -0.4035194
                  1347.5                     -0.40344074
                    1350                      -0.4033457
                  1352.5                     -0.40323382
                    1355                     -0.40310384
                  1357.5                     -0.40295675
                    1360                      -0.4027927
                  1362.5                     -0.40261155
                    1365                     -0.40241199
                  1367.5                     -0.40219695
                    1370                     -0.40196378
                  1372.5                     -0.40171516
                    1375                     -0.40144862
                  1377.5                     -0.40116727
                    1380                     -0.40087038
                  1382.5                     -0.40055795
                    1385                     -0.40023198
                  1387.5                      -0.3998907
                    1390                     -0.39953668
                  1392.5                     -0.39917074
                    1395                      -0.3987914
                  1397.5                     -0.39840134
                    1400                     -0.39799944
                  1402.5                     -0.39759009
                    1405                     -0.39716948
                  1407.5                      -0.3967424
                    1410                     -0.39630745
                  1412.5                     -0.39586675
                    1415                     -0.39542177
                  1417.5                     -0.39497167
                    1420                     -0.39451837
                  1422.5                     -0.39406425
                    1425                     -0.39360754
                  1427.5                     -0.39315279
                    1430                     -0.39269876
                  1432.5                     -0.39224585
                    1435                     -0.39179766
                  1437.5                     -0.39135359
                    1440                     -0.39091652
                  1442.5                     -0.39048542
                    1445                      -0.3900637
                  1447.5                      -0.3896504
                    1450                      -0.3892477
                  1452.5                     -0.38885667
                    1455                     -0.38847924
                  1457.5                     -0.38811534
                    1460                     -0.38776662
                  1462.5                     -0.38743377
                    1465                     -0.38711839
                  1467.5                     -0.38682129
                    1470                     -0.38654346
                  1472.5                     -0.38628637
                    1475                     -0.38604918
                  1477.5                     -0.38583655
                    1480                     -0.38564583
                  1482.5                     -0.38547842
                    1485                     -0.38533741
                  1487.5                     -0.38522169
                    1490                     -0.38513174
                  1492.5                     -0.38506993
                    1495                       -0.385036
                  1497.5                     -0.38502853
                    1500                     -0.38505073
                  1502.5                     -0.38510338
                    1505                     -0.38518595
                  1507.5                     -0.38529947
                    1510                     -0.38544143
                  1512.5                      -0.3856169
                    1515                     -0.38582297
                  1517.5                     -0.38605949
                    1520                     -0.38632905
                  1522.5                     -0.38662927
                    1525                      -0.3869628
                  1527.5                      -0.3873266
                    1530                     -0.38772315
                  1532.5                     -0.38815012
                    1535                     -0.38861099
                  1537.5                     -0.38910115
                    1540                     -0.38962301
                  1542.5                     -0.39017354
                    1545                     -0.39075604
                  1547.5                     -0.39136829
                    1550                     -0.39200968
                  1552.5                     -0.39267926
                    1555                     -0.39337606
                  1557.5                     -0.39410168
                    1560                     -0.39485446
                  1562.5                     -0.39563152
                    1565                     -0.39643597
                  1567.5                     -0.39726452
                    1570                     -0.39811526
                  1572.5                      -0.3989909
                    1575                     -0.39988631
                  1577.5                     -0.40080441
                    1580                     -0.40174137
                  1582.5                     -0.40269783
                    1585                      -0.4036729
                  1587.5                     -0.40466464
                    1590                     -0.40567383
                  1592.5                     -0.40669705
                    1595                     -0.40773263
                  1597.5                       -0.408783
                    1600                      -0.4098459
                  1602.5                     -0.41091857
                    1605                     -0.41200126
                  1607.5                     -0.41309259
                    1610                     -0.41419177
                  1612.5                     -0.41529604
                    1615                     -0.41640867
                  1617.5                      -0.4175243
                    1620                     -0.41864551
                  1622.5                     -0.41976774
                    1625                     -0.42089254
                  1627.5                     -0.42201842
                    1630                     -0.42314445
                  1632.5                      -0.4242707
                    1635                      -0.4253941
                  1637.5                      -0.4265173
                    1640                     -0.42763702
                  1642.5                     -0.42875334
                    1645                      -0.4298658
                  1647.5                     -0.43097383
                    1650                     -0.43207698
                  1652.5                     -0.43317408
                    1655                     -0.43426765
                  1657.5                     -0.43535275
                    1660                     -0.43643303
                  1662.5                     -0.43750878
                    1665                     -0.43857539
                  1667.5                     -0.43963799
                    1670                     -0.44069407
                  1672.5                     -0.44174326
                    1675                     -0.44278615
                  1677.5                     -0.44382501
                    1680                     -0.44485807
                  1682.5                     -0.44588594
                    1685                      -0.4469098
                  1687.5                     -0.44792964
                    1690                     -0.44894654
                  1692.5                     -0.44996123
                    1695                     -0.45097413
                  1697.5                     -0.45198623
                    1700                     -0.45299841
                  1702.5                     -0.45401173
                    1705                     -0.45502813
                  1707.5                     -0.45604802
                    1710                     -0.45707323
                  1712.5                     -0.45810301
                    1715                     -0.45914056
                  1717.5                     -0.46018702
                    1720                     -0.46124532
                  1722.5                     -0.46231412
                    1725                     -0.46339437
                  1727.5                     -0.46449166
                    1730                     -0.46560653
                  1732.5                     -0.46673717
                    1735                     -0.46789109
                  1737.5                     -0.46906408
                    1740                     -0.47026248
                  1742.5                     -0.47148628
                    1745                     -0.47273798
                  1747.5                      -0.4740176
                    1750                     -0.47532941
                  1752.5                     -0.47667659
                    1755                     -0.47805886
                  1757.5                     -0.47947692
                    1760                     -0.48093437
                  1762.5                     -0.48243482
                    1765                     -0.48397896
                  1767.5                     -0.48556717
                    1770                     -0.48720477
                  1772.5                     -0.48889121
                    1775                     -0.49062795
                  1777.5                     -0.49242002
                    1780                     -0.49426867
                  1782.5                     -0.49617314
                    1785                     -0.49813652
                  1787.5                     -0.50016187
                    1790                     -0.50225124
                  1792.5                      -0.5044044
                    1795                     -0.50662463
                  1797.5                     -0.50891342
                    1800                      -0.5112739
                  1802.5                     -0.51370277
                    1805                     -0.51620693
                  1807.5                     -0.51878706
                    1810                     -0.52144097
                  1812.5                     -0.52417403
                    1815                     -0.52698677
                  1817.5                     -0.52987912
                    1820                     -0.53285188
                  1822.5                     -0.53590945
                    1825                     -0.53904896
                  1827.5                     -0.54227543
                    1830                     -0.54558513
                  1832.5                     -0.54898275
                    1835                     -0.55246786
                  1837.5                     -0.55603974
                    1840                     -0.55970058
                  1842.5                     -0.56345154
                    1845                     -0.56729297
                  1847.5                     -0.57122459
                    1850                     -0.57524442
                  1852.5                     -0.57935716
                    1855                      -0.5835601
                  1857.5                      -0.5878539
                    1860                     -0.59224038
                  1862.5                     -0.59671918
                    1865                     -0.60128792
                  1867.5                     -0.60594812
                    1870                     -0.61069798
                  1872.5                     -0.61554142
                    1875                     -0.62047444
                  1877.5                     -0.62549678
                    1880                     -0.63061142
                  1882.5                     -0.63581453
                    1885                     -0.64110667
                  1887.5                     -0.64648819
                    1890                     -0.65195747
                  1892.5                     -0.65751631
                    1895                     -0.66316155
                  1897.5                     -0.66889418
                    1900                     -0.67471219
                  1902.5                     -0.68061748
                    1905                     -0.68660804
                  1907.5                     -0.69268418
                    1910                     -0.69884367
                  1912.5                     -0.70508756
                    1915                     -0.71141513
                  1917.5                     -0.71782681
                    1920                     -0.72432275
                  1922.5                     -0.73089894
                    1925                     -0.73755951
                  1927.5                     -0.74430333
                    1930                     -0.75112883
                  1932.5                     -0.75803647
                    1935                     -0.76502712
                  1937.5                      -0.7721005
                    1940                     -0.77925828
                  1942.5                     -0.78649912
                    1945                     -0.79382429
                  1947.5                     -0.80123428
                    1950                     -0.80872985
                  1952.5                     -0.81631116
                    1955                     -0.82398301
                  1957.5                      -0.8317425
                    1960                     -0.83959268
                  1962.5                     -0.84753407
                    1965                     -0.85557177
                  1967.5                     -0.86370331
                    1970                     -0.87193305
                  1972.5                     -0.88026465
                    1975                     -0.88869882
                  1977.5                     -0.89723751
                    1980                     -0.90588658
                  1982.5                       -0.914646
                    1985                     -0.92352023
                  1987.5                     -0.93251441
                    1990                     -0.94163083
                  1992.5                     -0.95087398
                    1995                     -0.96024708
                  1997.5                     -0.96975754
                    2000                      -0.9794075
                  2002.5                     -0.98920257
                    2005                     -0.99914811
                  2007.5                      -1.0092491
                    2010                      -1.0195126
                  2012.5                      -1.0299448
                    2015                      -1.0405516
                  2017.5                      -1.0513377
                    2020                      -1.0623122
                  2022.5                      -1.0734811
                    2025                      -1.0848511
                  2027.5                       -1.096432
                    2030                      -1.1082285
                  2032.5                      -1.1202513
                    2035                      -1.1325088
                  2037.5                      -1.1450078
                    2040                      -1.1577559
                  2042.5                      -1.1707653
                    2045                       -1.184045
                  2047.5                      -1.1976022
                    2050                      -1.2114489
                  2052.5                      -1.2255935
                    2055                      -1.2400466
                  2057.5                      -1.2548196
                    2060                      -1.2699218
                  2062.5                      -1.2853654
                    2065                      -1.3011589
                  2067.5                      -1.3173161
                    2070                      -1.3338481
                  2072.5                      -1.3507665
                    2075                      -1.3680819
                  2077.5                      -1.3858071
                    2080                      -1.4039535
                  2082.5                      -1.4225336
                    2085                      -1.4415623
                  2087.5                      -1.4610502
                    2090                      -1.4810078
                  2092.5                      -1.5014534
                    2095                      -1.5223945
                  2097.5                       -1.543848
                    2100                      -1.5658257
                  2102.5                      -1.5883405
                    2105                      -1.6114067
                  2107.5                      -1.6350385
                    2110                      -1.6592478
                  2112.5                      -1.6840504
                    2115                      -1.7094572
                  2117.5                      -1.7354845
                    2120                      -1.7621436
                  2122.5                      -1.7894516
                    2125                       -1.817422
                  2127.5                      -1.8460665
                    2130                      -1.8754001
                  2132.5                       -1.905436
                    2135                       -1.936191
                  2137.5                      -1.9676766
                    2140                      -1.9999049
                  2142.5                       -2.032893
                    2145                      -2.0666539
                  2147.5                      -2.1012006
                    2150                      -2.1365472
                  2152.5                      -2.1727065
                    2155                       -2.209692
                  2157.5                      -2.2475173
                    2160                      -2.2861948
                  2162.5                      -2.3257386
                    2165                      -2.3661605
                  2167.5                      -2.4074719
                    2170                      -2.4496873
                  2172.5                      -2.4928174
                    2175                       -2.536875
                  2177.5                      -2.5818693
                    2180                      -2.6278144
                  2182.5                      -2.6747176
                    2185                      -2.7225913
                  2187.5                      -2.7714457
                    2190                       -2.821289
                  2192.5                      -2.8721312
                    2195                      -2.9239793
                  2197.5                      -2.9768427
                    2200                      -3.0307296
                  2202.5                      -3.0856422
                    2205                      -3.1415901
                  2207.5                      -3.1985771
                    2210                      -3.2566077
                  2212.5                      -3.3156843
                    2215                        -3.37581
                  2217.5                      -3.4369847
                    2220                      -3.4992102
                  2222.5                      -3.5624854
                    2225                      -3.6268057
                  2227.5                      -3.6921686
                    2230                      -3.7585691
                  2232.5                      -3.8260004
                    2235                      -3.8944519
                  2237.5                       -3.963916
                    2240                      -4.0343777
                  2242.5                      -4.1058244
                    2245                      -4.1782376
                  2247.5                       -4.251599
                    2250                      -4.3258861
                  2252.5                      -4.4010753
                    2255                      -4.4771372
                  2257.5                      -4.5540432
                    2260                      -4.6317587
                  2262.5                      -4.7102466
                    2265                      -4.7894644
                  2267.5                        -4.86937
                    2270                      -4.9499111
                  2272.5                      -5.0310379
                    2275                      -5.1126884
                  2277.5                      -5.1948025
                    2280                      -5.2773113
                  2282.5                      -5.3601425
                    2285                      -5.4432173
                  2287.5                      -5.5264502
                    2290                      -5.6097518
                  2292.5                      -5.6930269
                    2295                      -5.7761726
                  2297.5                      -5.8590794
                    2300                      -5.9416336
                  2302.5                      -6.0237106
                    2305                      -6.1051857
                  2307.5                      -6.1859207
                    2310                      -6.2657753
                  2312.5                      -6.3446044
                    2315                      -6.4222523
                  2317.5                       -6.498558
                    2320                      -6.5733596
                  2322.5                      -6.6464875
                    2325                      -6.7177665
                  2327.5                      -6.7870197
                    2330                      -6.8540674
                  2332.5                      -6.9187256
                    2335                      -6.9808138
                  2337.5                      -7.0401492
                    2340                      -7.0965487
                  2342.5                      -7.1498342
                    2345                      -7.1998326
                  2347.5                      -7.2463757
                    2350                      -7.2892983
                  2352.5                      -7.3284499
                    2355                      -7.3636861
                  2357.5                      -7.3948761
                    2360                      -7.4218986
                  2362.5                      -7.4446503
                    2365                      -7.4630404
                  2367.5                      -7.4769957
                    2370                      -7.4864586
                  2372.5                      -7.4913917
                    2375                      -7.4917743
                  2377.5                      -7.4876056
                    2380                      -7.4788996
                  2382.5                      -7.4656926
                    2385                      -7.4480386
                  2387.5                      -7.4260067
                    2390                      -7.3996843
                  2392.5                      -7.3691743
                    2395                      -7.3345926
                  2397.5                      -7.2960703
                    2400                      -7.2537505
                  2402.5                      -7.2077849
                    2405                      -7.1583322
                  2407.5                      -7.1055663
                    2410                       -7.049657
                  2412.5                       -6.990787
                    2415                      -6.9291387
                  2417.5                      -6.8648962
                    2420                      -6.7982447
                  2422.5                      -6.7293691
                    2425                      -6.6584499
                  2427.5                      -6.5856709
                    2430                      -6.5112064
                  2432.5                      -6.4352333
                    2435                      -6.3579159
                  2437.5                      -6.2794182
                    2440                      -6.1998991
                  2442.5                       -6.119508
                    2445                      -6.0383912
                  2447.5                      -5.9566871
                    2450                      -5.8745295
                  2452.5                      -5.7920427
                    2455                       -5.709345
                  2457.5                      -5.6265493
                    2460                      -5.5437628
                  2462.5                      -5.4610836
                    2465                      -5.3786042
                  2467.5                      -5.2964174
                    2470                      -5.2145984
                  2472.5                       -5.133229
                    2475                      -5.0523745
                  2477.5                      -4.9721042
                    2480                      -4.8924795
                  2482.5                      -4.8135525
                    2485                      -4.7353772
                  2487.5                      -4.6580011
                    2490                      -4.5814665
                  2492.5                      -4.5058115
                    2495                      -4.4310713
                  2497.5                      -4.3572815
                    2500                      -4.2844683
                  2502.5                      -4.2126582
                    2505                      -4.1418742
                  2507.5                      -4.0721349
                    2510                      -4.0034606
                  2512.5                      -3.9358657
                    2515                      -3.8693621
                  2517.5                      -3.8039626
                    2520                      -3.7396732
                  2522.5                      -3.6765043
                    2525                      -3.6144575
                  2527.5                      -3.5535391
                    2530                      -3.4937498
                  2532.5                      -3.4350895
                    2535                      -3.3775607
                  2537.5                      -3.3211566
                    2540                      -3.2658759
                  2542.5                      -3.2117165
                    2545                      -3.1586687
                  2547.5                      -3.1067264
                    2550                      -3.0558867
                  2552.5                      -3.0061343
                    2555                      -2.9574643
                  2557.5                      -2.9098677
                    2560                      -2.8633293
                  2562.5                      -2.8178407
                    2565                      -2.7733887
                  2567.5                      -2.7299617
                    2570                      -2.6875438
                  2572.5                      -2.6461221
                    2575                      -2.6056817
                  2577.5                       -2.566208
                    2580                      -2.5276867
                  2582.5                      -2.4900997
                    2585                       -2.453432
                  2587.5                      -2.4176664
                    2590                      -2.3827859
                  2592.5                      -2.3487729
                    2595                      -2.3156094
                  2597.5                      -2.2832765
                    2600                       -2.251757
                  2602.5                       -2.221032
                    2605                      -2.1910842
                  2607.5                      -2.1618894
                    2610                       -2.133434
                  2612.5                      -2.1056964
                    2615                      -2.0786562
                  2617.5                      -2.0522955
                    2620                      -2.0265918
                  2622.5                      -2.0015266
                    2625                      -1.9770796
                  2627.5                      -1.9532319
                    2630                      -1.9299607
                  2632.5                      -1.9072486
                    2635                      -1.8850739
                  2637.5                       -1.863419
                    2640                      -1.8422598
                  2642.5                      -1.8215805
                    2645                       -1.801358
                  2647.5                      -1.7815734
                    2650                      -1.7622097
                  2652.5                      -1.7432436
                    2655                      -1.7246591
                  2657.5                       -1.706437
                    2660                      -1.6885582
                  2662.5                      -1.6710018
                    2665                      -1.6537536
                  2667.5                      -1.6367955
                    2670                      -1.6201065
                  2672.5                      -1.6036727
                    2675                      -1.5874769
                  2677.5                      -1.5715012
                    2680                      -1.5557339
                  2682.5                      -1.5401551
                    2685                      -1.5247535
                  2687.5                      -1.5095114
                    2690                      -1.4944195
                  2692.5                      -1.4794606
                    2695                      -1.4646232
                  2697.5                      -1.4498962
                    2700                      -1.4352662
                  2702.5                      -1.4207242
                    2705                      -1.4062612
                  2707.5                      -1.3918622
                    2710                      -1.3775248
                  2712.5                      -1.3632351
                    2715                      -1.3489904
                  2717.5                      -1.3347789
                    2720                      -1.3205977
                  2722.5                      -1.3064401
                    2725                      -1.2923024
                  2727.5                      -1.2781793
                    2730                      -1.2640646
                  2732.5                      -1.2499614
                    2735                      -1.2358621
                  2737.5                      -1.2217674
                    2740                      -1.2076751
                  2742.5                      -1.1935872
                    2745                      -1.1795023
                  2747.5                      -1.1654235
                    2750                      -1.1513478
                  2752.5                      -1.1372832
                    2755                      -1.1232274
                  2757.5                      -1.1091875
                    2760                      -1.0951645
                  2762.5                      -1.0811655
                    2765                      -1.0671924
                  2767.5                      -1.0532523
                    2770                      -1.0393515
                  2772.5                      -1.0254929
                    2775                      -1.0116871
                  2777.5                      -0.9979388
                    2780                     -0.98425494
                  2782.5                     -0.97064278
                    2785                     -0.95711265
                  2787.5                     -0.94367009
                    2790                     -0.93032258
                  2792.5                      -0.9170805
                    2795                      -0.9039522
                  2797.5                     -0.89094437
                    2800                      -0.8780679
                  2802.5                     -0.86533247
                    2805                     -0.85274257
                  2807.5                     -0.84031124
                    2810                     -0.82804682
                  2812.5                      -0.8159564
                    2815                     -0.80404841
                  2817.5                     -0.79233384
                    2820                     -0.78081805
                  2822.5                      -0.7695119
                    2825                     -0.75842101
                  2827.5                     -0.74755578
                    2830                     -0.73692146
                  2832.5                       -0.726528
                    2835                      -0.7163799
                  2837.5                     -0.70648508
                    2840                     -0.69685028
                  2842.5                     -0.68748055
                    2845                      -0.6783826
                  2847.5                     -0.66955951
                    2850                     -0.66101896
                  2852.5                     -0.65276315
                    2855                     -0.64479773
                  2857.5                     -0.63712641
                    2860                     -0.62974968
                  2862.5                     -0.62267249
                    2865                     -0.61589629
                  2867.5                     -0.60942244
                    2870                     -0.60325272
                  2872.5                     -0.59738599
                    2875                     -0.59182264
                  2877.5                     -0.58656243
                    2880                     -0.58160537
                  2882.5                     -0.57694803
                    2885                      -0.5725885
                  2887.5                     -0.56852336
                    2890                     -0.56475066
                  2892.5                     -0.56126448
                    2895                     -0.55806294
                  2897.5                     -0.55513721
                    2900                     -0.55248486
                  2902.5                     -0.55009802
                    2905                     -0.54797154
                  2907.5                      -0.5460946
                    2910                      -0.5444624
                  2912.5                      -0.5430659
                    2915                     -0.54189426
                  2917.5                     -0.54094055
                    2920                     -0.54019233
                  2922.5                     -0.53964125
                    2925                      -0.5392749
                  2927.5                     -0.53908282
                    2930                     -0.53905171
                  2932.5                     -0.53917203
                    2935                     -0.53942834
                  2937.5                       -0.539809
                    2940                     -0.54029952
                  2942.5                     -0.54088885
                    2945                     -0.54156113
                  2947.5                     -0.54230346
                    2950                     -0.54309998
                  2952.5                     -0.54393806
                    2955                     -0.54480173
                  2957.5                     -0.54567676
                    2960                     -0.54654602
                  2962.5                     -0.54739942
                    2965                     -0.54821874
                  2967.5                     -0.54898889
                    2970                     -0.54969769
                  2972.5                     -0.55032863
                    2975                     -0.55086813
                  2977.5                     -0.55130124
                    2980                     -0.55161444
                  2982.5                     -0.55179518
                    2985                     -0.55182919
                  2987.5                     -0.55170328
                    2990                     -0.55140472
                  2992.5                      -0.5509229
                    2995                     -0.55024713
                  2997.5                     -0.54936436
                    3000                     -0.54826444

