        Frequency / MHz                S1,1/abs,dB
----------------------------------------------------------------------
                     500                      -1.5643519
                   502.5                      -2.0082404
                     505                      -2.5055702
                   507.5                      -3.0558258
                     510                      -3.6560161
                   512.5                      -4.2989197
                     515                      -4.9704124
                   517.5                      -5.6458016
                     520                      -6.2859103
                   522.5                      -6.8353876
                     525                      -7.2282077
                   527.5                      -7.4046963
                     530                      -7.3356766
                   532.5                      -7.0370094
                     535                      -6.5614066
                   537.5                      -5.9751264
                     540                      -5.3376554
                   542.5                      -4.6929515
                     545                      -4.0695338
                   547.5                      -3.4841154
                     550                      -2.9454594
                   552.5                      -2.4573791
                     555                      -2.0207397
                   557.5                       -1.634728
                     560                      -1.2976115
                   562.5                      -1.0071841
                     565                      -0.7610084
                   567.5                     -0.55654987
                     570                     -0.39123786
                   572.5                     -0.26247125
                     575                     -0.16762399
                   577.5                     -0.10400096
                     580                    -0.068823043
                   582.5                    -0.059182107
                     585                    -0.072005868
                   587.5                     -0.10403608
                     590                     -0.15181798
                   592.5                     -0.21169371
                     595                     -0.27983989
                   597.5                     -0.35231814
                     600                      -0.4251737
                   602.5                     -0.49455427
                     605                     -0.55687062
                   607.5                     -0.60895184
                     610                     -0.64822698
                   612.5                     -0.67286508
                     615                     -0.68186551
                   617.5                      -0.6751078
                     620                     -0.65331942
                   622.5                     -0.61797009
                     625                     -0.57113687
                   627.5                     -0.51532098
                     630                     -0.45327135
                   632.5                     -0.38779747
                     635                     -0.32162685
                   637.5                     -0.25728763
                     640                     -0.19701442
                   642.5                     -0.14270218
                     645                    -0.095865179
                   647.5                    -0.057629482
                     650                    -0.028738463
                   652.5                   -0.0095533563
                     655                   -8.283493e-05
                   657.5                  -1.9661158e-07
                     660                   -0.0086691839
                   662.5                    -0.025174114
                     665                    -0.048357341
                   667.5                    -0.076855411
                     670                     -0.10914856
                   672.5                     -0.14360961
                     675                     -0.17856966
                   677.5                     -0.21237951
                     680                     -0.24348336
                   682.5                     -0.27048372
                     685                      -0.2922075
                   687.5                     -0.30776383
                     690                     -0.31658123
                   692.5                     -0.31842684
                     695                     -0.31341411
                   697.5                     -0.30197687
                     700                     -0.28483959
                   702.5                     -0.26295458
                     705                     -0.23744903
                   707.5                     -0.20955504
                     710                     -0.18054376
                   712.5                     -0.15166426
                     715                     -0.12409028
                   717.5                    -0.098874475
                     720                    -0.076916195
                   722.5                    -0.058934208
                     725                    -0.045451071
                   727.5                     -0.03678347
                     730                    -0.033047449
                   732.5                    -0.034153871
                     735                    -0.039830288
                   737.5                    -0.049625658
                     740                    -0.062944779
                   742.5                    -0.079062798
                     745                    -0.097158915
                   747.5                     -0.11635533
                     750                     -0.13574782
                   752.5                     -0.15444181
                     755                     -0.17160052
                   757.5                     -0.18647372
                     760                     -0.19843369
                   762.5                     -0.20700264
                     765                     -0.21187057
                   767.5                     -0.21291189
                     770                     -0.21017685
                   772.5                     -0.20389332
                     775                     -0.19444191
                   777.5                     -0.18233457
                     780                     -0.16818541
                   782.5                     -0.15267278
                     785                     -0.13650992
                   787.5                      -0.1204068
                     790                      -0.1050417
                   792.5                    -0.091034792
                     795                    -0.078920582
                   797.5                    -0.069132003
                     800                    -0.061988782
                   802.5                    -0.057688819
                     805                    -0.056306129
                   807.5                     -0.05778619
                     810                    -0.061964769
                   812.5                    -0.068562571
                     815                    -0.077213144
                   817.5                    -0.087469198
                     820                    -0.098828374
                   822.5                     -0.11075222
                     825                     -0.12269284
                   827.5                     -0.13411127
                     830                     -0.14450606
                   832.5                     -0.15343365
                     835                     -0.16052662
                   837.5                     -0.16550995
                     840                     -0.16820992
                   842.5                     -0.16856287
                     845                     -0.16661472
                   847.5                     -0.16251062
                     850                     -0.15649333
                   852.5                     -0.14888283
                     855                     -0.14005894
                   857.5                     -0.13044497
                     860                     -0.12048311
                   862.5                     -0.11061799
                     865                     -0.10127146
                   867.5                    -0.092829867
                     870                    -0.085629883
                   872.5                    -0.079941327
                     875                    -0.075961375
                   877.5                    -0.073810397
                     880                    -0.073524121
                   882.5                    -0.075061195
                     885                    -0.078302882
                   887.5                    -0.083062831
                     890                    -0.089092036
                   892.5                     -0.09609487
                     895                      -0.1037411
                   897.5                     -0.11168074
                     900                     -0.11955691
                   902.5                     -0.12702606
                     905                     -0.13376813
                   907.5                     -0.13950654
                     910                      -0.1440136
                   912.5                     -0.14712009
                     915                     -0.14872675
                   917.5                     -0.14880536
                     920                     -0.14739407
                   922.5                      -0.1445997
                     925                     -0.14058555
                   927.5                     -0.13556868
                     930                     -0.12979921
                   932.5                     -0.12356029
                     935                     -0.11714042
                   937.5                     -0.11083256
                     940                     -0.10491485
                   942.5                    -0.099639523
                     945                    -0.095223479
                   947.5                    -0.091843632
                     950                    -0.089622353
                   952.5                    -0.088633791
                     955                    -0.088894896
                   957.5                     -0.09037207
                     960                    -0.092975306
                   962.5                    -0.096572548
                     965                     -0.10099222
                   967.5                     -0.10603103
                     970                      -0.1114617
                   972.5                     -0.11704858
                     975                     -0.12255227
                   977.5                     -0.12774474
                     980                     -0.13241394
                   982.5                     -0.13637771
                     985                     -0.13949039
                   987.5                     -0.14164583
                     990                     -0.14278475
                   992.5                     -0.14289098
                     995                     -0.14200137
                   997.5                     -0.14018899
                    1000                     -0.13757181
                  1002.5                     -0.13429919
                    1005                     -0.13054258
                  1007.5                     -0.12649467
                    1010                     -0.12235269
                  1012.5                     -0.11831566
                    1015                     -0.11456946
                  1017.5                     -0.11128722
                    1020                     -0.10861175
                  1022.5                     -0.10666257
                    1025                     -0.10552126
                  1027.5                     -0.10523181
                    1030                     -0.10580707
                  1032.5                     -0.10721464
                    1035                     -0.10939435
                  1037.5                     -0.11225035
                    1040                      -0.1156644
                  1042.5                     -0.11949218
                    1045                     -0.12357952
                  1047.5                      -0.1277641
                    1050                     -0.13188041
                  1052.5                     -0.13577361
                    1055                     -0.13930134
                  1057.5                     -0.14234071
                    1060                     -0.14479074
                  1062.5                     -0.14658312
                    1065                     -0.14767922
                  1067.5                     -0.14807063
                    1070                     -0.14778201
                  1072.5                     -0.14686671
                    1075                     -0.14540521
                  1077.5                     -0.14349935
                    1080                     -0.14126902
                  1082.5                     -0.13884644
                    1085                     -0.13636659
                  1087.5                     -0.13396531
                    1090                      -0.1317728
                  1092.5                     -0.12990849
                    1095                     -0.12846956
                  1097.5                     -0.12754089
                    1100                     -0.12717872
                  1102.5                     -0.12741425
                    1105                     -0.12825873
                  1107.5                     -0.12969088
                    1110                     -0.13166977
                  1112.5                     -0.13413195
                    1115                     -0.13699671
                  1117.5                     -0.14016639
                    1120                     -0.14353551
                  1122.5                     -0.14699342
                    1125                     -0.15042764
                  1127.5                     -0.15372832
                    1130                     -0.15679975
                  1132.5                     -0.15955523
                    1135                     -0.16192484
                  1137.5                     -0.16385861
                    1140                     -0.16532643
                  1142.5                     -0.16632068
                    1145                     -0.16685262
                  1147.5                     -0.16695607
                    1150                     -0.16668286
                  1152.5                     -0.16609971
                    1155                     -0.16528652
                  1157.5                     -0.16433053
                    1160                     -0.16332461
                  1162.5                     -0.16236157
                    1165                      -0.1615324
                  1167.5                     -0.16092015
                    1170                     -0.16059792
                  1172.5                      -0.1606259
                    1175                     -0.16105013
                  1177.5                     -0.16190055
                    1180                     -0.16318624
                  1182.5                     -0.16490631
                    1185                     -0.16703733
                  1187.5                     -0.16954346
                    1190                      -0.1723765
                  1192.5                     -0.17547417
                    1195                     -0.17877225
                  1197.5                     -0.18219447
                    1200                     -0.18566897
                  1202.5                     -0.18912099
                    1205                     -0.19248248
                  1207.5                     -0.19568793
                    1210                     -0.19868987
                  1212.5                     -0.20144374
                    1215                      -0.2039221
                  1217.5                     -0.20610932
                    1220                      -0.2080049
                  1222.5                     -0.20962209
                    1225                     -0.21098406
                  1227.5                     -0.21213077
                    1230                     -0.21310629
                  1232.5                     -0.21396706
                    1235                     -0.21476965
                  1237.5                     -0.21558102
                    1240                     -0.21646008
                  1242.5                     -0.21747145
                    1245                     -0.21866898
                  1247.5                     -0.22010669
                    1250                     -0.22182547
                  1252.5                     -0.22386146
                    1255                     -0.22623838
                  1257.5                     -0.22896968
                    1260                     -0.23205787
                  1262.5                     -0.23549608
                    1265                     -0.23926846
                  1267.5                     -0.24334647
                    1270                     -0.24769853
                  1272.5                     -0.25228424
                    1275                     -0.25706036
                  1277.5                     -0.26197946
                    1280                     -0.26699601
                  1282.5                     -0.27206214
                    1285                     -0.27713569
                  1287.5                     -0.28217735
                    1290                     -0.28715199
                  1292.5                     -0.29203742
                    1295                     -0.29681301
                  1297.5                      -0.3014688
                    1300                     -0.30600511
                  1302.5                     -0.31043195
                    1305                       -0.314764
                  1307.5                     -0.31902994
                    1310                     -0.32326335
                  1312.5                     -0.32750323
                    1315                     -0.33179492
                  1317.5                     -0.33619043
                    1320                     -0.34074255
                  1322.5                     -0.34550457
                    1325                     -0.35053159
                  1327.5                     -0.35587644
                    1330                     -0.36158687
                  1332.5                     -0.36771147
                    1335                     -0.37428522
                  1337.5                     -0.38134625
                    1340                      -0.3889173
                  1342.5                     -0.39701549
                    1345                     -0.40565318
                  1347.5                     -0.41482949
                    1350                     -0.42453769
                  1352.5                      -0.4347647
                    1355                     -0.44548708
                  1357.5                     -0.45667874
                    1360                     -0.46830829
                  1362.5                      -0.4803393
                    1365                     -0.49273759
                  1367.5                      -0.5054644
                    1370                      -0.5184888
                  1372.5                     -0.53178165
                    1375                     -0.54532041
                  1377.5                     -0.55909078
                    1380                     -0.57309274
                  1382.5                     -0.58733199
                    1385                     -0.60183173
                  1387.5                     -0.61662854
                    1390                     -0.63177061
                  1392.5                     -0.64732502
                    1395                     -0.66337215
                  1397.5                     -0.68000423
                    1400                     -0.69732604
                  1402.5                     -0.71545551
                    1405                     -0.73451724
                  1407.5                     -0.75464289
                    1410                     -0.77596946
                  1412.5                     -0.79863095
                    1415                     -0.82276477
                  1417.5                     -0.84850114
                    1420                     -0.87596686
                  1422.5                     -0.90527947
                    1425                     -0.93654685
                  1427.5                     -0.96986563
                    1430                      -1.0053216
                  1432.5                      -1.0429904
                    1435                      -1.0829367
                  1437.5                      -1.1252173
                    1440                      -1.1698826
                  1442.5                      -1.2169812
                    1445                      -1.2665639
                  1447.5                       -1.318687
                    1450                      -1.3734174
                  1452.5                      -1.4308426
                    1455                      -1.4910728
                  1457.5                      -1.5542472
                    1460                      -1.6205421
                  1462.5                      -1.6901744
                    1465                      -1.7634125
                  1467.5                       -1.840575
                    1470                       -1.922037
                  1472.5                      -2.0082385
                    1475                      -2.0996767
                  1477.5                      -2.1969183
                    1480                       -2.300592
                  1482.5                       -2.411392
                    1485                      -2.5300745
                  1487.5                      -2.6574583
                    1490                      -2.7944192
                  1492.5                       -2.941889
                    1495                      -3.1008467
                  1497.5                      -3.2723194
                    1500                      -3.4573752
                  1502.5                      -3.6571108
                    1505                      -3.8726535
                  1507.5                      -4.1051405
                    1510                      -4.3557109
                  1512.5                      -4.6254799
                    1515                      -4.9155144
                  1517.5                      -5.2267896
                    1520                      -5.5601278
                  1522.5                      -5.9161212
                    1525                      -6.2950015
                  1527.5                      -6.6964788
                    1530                      -7.1194938
                  1532.5                      -7.5619005
                    1535                      -8.0200223
                  1537.5                      -8.4881034
                    1540                      -8.9576547
                  1542.5                      -9.4168035
                    1545                       -9.849836
                  1547.5                      -10.237312
                    1550                      -10.557215
                  1552.5                      -10.787554
                    1555                      -10.910209
                  1557.5                      -10.915042
                    1560                      -10.802529
                  1562.5                      -10.583642
                    1565                      -10.276996
                  1567.5                      -9.9047176
                    1570                      -9.4886473
                  1572.5                      -9.0479073
                    1575                      -8.5978379
                  1577.5                      -8.1499596
                    1580                      -7.7124553
                  1582.5                      -7.2908259
                    1585                      -6.8885415
                  1587.5                      -6.5075816
                    1590                      -6.1488544
                  1592.5                      -5.8125295
                    1595                      -5.4982528
                  1597.5                      -5.2053261
                    1600                      -4.9328177
                  1602.5                      -4.6796501
                    1605                      -4.4446573
                  1607.5                      -4.2266218
                    1610                      -4.0243135
                  1612.5                      -3.8365069
                    1615                      -3.6620006
                  1617.5                      -3.4996317
                    1620                       -3.348283
                  1622.5                      -3.2069011
                    1625                      -3.0744931
                  1627.5                      -2.9501457
                    1630                      -2.8330218
                  1632.5                      -2.7223698
                    1635                      -2.6175254
                  1637.5                      -2.5179088
                    1640                      -2.4230292
                  1642.5                      -2.3324818
                    1645                       -2.245937
                  1647.5                      -2.1631394
                    1650                      -2.0839027
                  1652.5                      -2.0080938
                    1655                      -1.9356254
                  1657.5                      -1.8664513
                    1660                      -1.8005443
                  1662.5                      -1.7378986
                    1665                      -1.6785106
                  1667.5                      -1.6223766
                    1670                      -1.5694784
                  1672.5                      -1.5197812
                    1675                      -1.4732285
                  1677.5                      -1.4297374
                    1680                      -1.3891971
                  1682.5                       -1.351465
                    1685                      -1.3163747
                  1687.5                        -1.28373
                    1690                      -1.2533178
                  1692.5                      -1.2249024
                    1695                      -1.1982408
                  1697.5                      -1.1730836
                    1700                      -1.1491825
                  1702.5                      -1.1262979
                    1705                      -1.1042075
                  1707.5                       -1.082707
                    1710                      -1.0616205
                  1712.5                       -1.040804
                    1715                      -1.0201475
                  1717.5                     -0.99957549
                    1720                      -0.9790532
                  1722.5                     -0.95857689
                    1725                      -0.9381791
                  1727.5                     -0.91791922
                    1730                     -0.89788326
                  1732.5                     -0.87817417
                    1735                     -0.85890796
                  1737.5                      -0.8402069
                    1740                     -0.82218968
                  1742.5                     -0.80497312
                    1745                     -0.78865343
                  1747.5                      -0.7733161
                    1750                     -0.75902146
                  1752.5                     -0.74580426
                    1755                     -0.73367425
                  1757.5                     -0.72261049
                    1760                     -0.71256921
                  1762.5                     -0.70347325
                    1765                     -0.69523001
                  1767.5                     -0.68772434
                    1770                     -0.68082706
                  1772.5                     -0.67439626
                    1775                     -0.66828993
                  1777.5                     -0.66236552
                    1780                     -0.65648513
                  1782.5                     -0.65052734
                    1785                     -0.64438492
                  1787.5                     -0.63797366
                    1790                      -0.6312297
                  1792.5                     -0.62412058
                    1795                     -0.61663707
                  1797.5                     -0.60879757
                    1800                     -0.60064697
                  1802.5                     -0.59224986
                    1805                     -0.58369142
                  1807.5                     -0.57507095
                    1810                     -0.56649899
                  1812.5                     -0.55808808
                    1815                     -0.54994995
                  1817.5                     -0.54219355
                    1820                     -0.53491323
                  1822.5                     -0.52819075
                    1825                     -0.52208821
                  1827.5                     -0.51664898
                    1830                     -0.51188827
                  1832.5                     -0.50780203
                    1835                     -0.50436213
                  1837.5                     -0.50151802
                    1840                     -0.49919912
                  1842.5                     -0.49731736
                    1845                     -0.49577298
                  1847.5                     -0.49445578
                    1850                     -0.49325308
                  1852.5                      -0.4920519
                    1855                     -0.49074735
                  1857.5                     -0.48923912
                    1860                     -0.48744682
                  1862.5                     -0.48530342
                    1865                     -0.48276583
                  1867.5                     -0.47980994
                    1870                     -0.47643744
                  1872.5                     -0.47266909
                    1875                     -0.46854789
                  1877.5                     -0.46413824
                    1880                     -0.45951732
                  1882.5                     -0.45477573
                    1885                     -0.45001303
                  1887.5                     -0.44533044
                    1890                     -0.44082728
                  1892.5                     -0.43659992
                    1895                     -0.43273307
                  1897.5                     -0.42929948
                    1900                     -0.42635226
                  1902.5                      -0.4239298
                    1905                     -0.42204738
                  1907.5                     -0.42069924
                    1910                     -0.41985979
                  1912.5                     -0.41948443
                    1915                     -0.41951072
                  1917.5                     -0.41985991
                    1920                     -0.42044582
                  1922.5                      -0.4211709
                    1925                     -0.42193829
                  1927.5                     -0.42264659
                    1930                     -0.42320444
                  1932.5                     -0.42353059
                    1935                     -0.42355307
                  1937.5                     -0.42321783
                    1940                      -0.4224899
                  1942.5                     -0.42135294
                    1945                     -0.41981284
                  1947.5                     -0.41789312
                    1950                      -0.4156388
                  1952.5                     -0.41310883
                    1955                     -0.41037756
                  1957.5                     -0.40753155
                    1960                     -0.40466072
                  1962.5                     -0.40185958
                    1965                      -0.3992198
                  1967.5                     -0.39682868
                    1970                     -0.39476306
                  1972.5                     -0.39308606
                    1975                     -0.39184898
                  1977.5                     -0.39108089
                    1980                     -0.39079592
                  1982.5                     -0.39098506
                    1985                     -0.39162527
                  1987.5                     -0.39267103
                    1990                     -0.39406322
                  1992.5                     -0.39573116
                    1995                     -0.39759037
                  1997.5                     -0.39955344
                    2000                     -0.40152635
                  2002.5                     -0.40342335
                    2005                     -0.40515838
                  2007.5                     -0.40665629
                    2010                     -0.40785485
                  2012.5                      -0.4087059
                    2015                     -0.40918128
                  2017.5                     -0.40926825
                    2020                     -0.40897609
                  2022.5                     -0.40833132
                    2025                     -0.40737722
                  2027.5                       -0.406174
                    2030                     -0.40479416
                  2032.5                     -0.40331866
                    2035                     -0.40183594
                  2037.5                     -0.40043535
                    2040                     -0.39920564
                  2042.5                     -0.39822681
                    2045                     -0.39757201
                  2047.5                     -0.39730347
                    2050                     -0.39746579
                  2052.5                     -0.39808743
                    2055                      -0.3991798
                  2057.5                     -0.40073469
                    2060                     -0.40272927
                  2062.5                     -0.40511782
                    2065                     -0.40784714
                  2067.5                     -0.41084558
                    2070                     -0.41403447
                  2072.5                     -0.41733031
                    2075                     -0.42064499
                  2077.5                     -0.42389362
                    2080                     -0.42699794
                  2082.5                     -0.42988501
                    2085                     -0.43249797
                  2087.5                     -0.43479058
                    2090                     -0.43673837
                  2092.5                     -0.43833062
                    2095                     -0.43957901
                  2097.5                     -0.44050722
                    2100                     -0.44116201
                  2102.5                     -0.44160108
                    2105                     -0.44189971
                  2107.5                     -0.44213622
                    2110                     -0.44239891
                  2112.5                     -0.44277803
                    2115                     -0.44335907
                  2117.5                     -0.44422656
                    2120                     -0.44545468
                  2122.5                     -0.44710331
                    2125                     -0.44922317
                  2127.5                     -0.45184471
                    2130                      -0.4549828
                  2132.5                     -0.45863471
                    2135                     -0.46277794
                  2137.5                     -0.46737633
                    2140                     -0.47237698
                  2142.5                     -0.47771415
                    2145                     -0.48331524
                  2147.5                     -0.48909635
                    2150                     -0.49497659
                  2152.5                     -0.50087033
                    2155                      -0.5067001
                  2157.5                     -0.51239607
                    2160                      -0.5178994
                  2162.5                     -0.52316597
                    2165                     -0.52816796
                  2167.5                     -0.53289383
                    2170                     -0.53735406
                  2172.5                     -0.54157404
                    2175                      -0.5455978
                  2177.5                     -0.54948882
                    2180                     -0.55331924
                  2182.5                     -0.55717558
                    2185                     -0.56115047
                  2187.5                     -0.56534074
                    2190                     -0.56984492
                  2192.5                     -0.57475709
                    2195                     -0.58016491
                  2197.5                     -0.58614652
                    2200                     -0.59276427
                  2202.5                     -0.60006972
                    2205                     -0.60809599
                  2207.5                     -0.61685708
                    2210                     -0.62635095
                  2212.5                     -0.63655676
                    2215                      -0.6474405
                  2217.5                      -0.6589491
                    2220                     -0.67102348
                  2222.5                     -0.68359145
                    2225                     -0.69657762
                  2227.5                     -0.70990607
                    2230                     -0.72349979
                  2232.5                     -0.73729429
                    2235                     -0.75122923
                  2237.5                     -0.76526082
                    2240                     -0.77936149
                  2242.5                     -0.79352374
                    2245                     -0.80775651
                  2247.5                      -0.8220958
                    2250                     -0.83659541
                  2252.5                     -0.85132988
                    2255                     -0.86639897
                  2257.5                     -0.88191337
                    2260                     -0.89800306
                  2262.5                     -0.91480957
                    2265                     -0.93247856
                  2267.5                     -0.95116767
                    2270                     -0.97102875
                  2272.5                     -0.99221419
                    2275                      -1.0148685
                  2277.5                      -1.0391263
                    2280                      -1.0651151
                  2282.5                      -1.0929397
                    2285                      -1.1226964
                  2287.5                      -1.1544634
                    2290                      -1.1883024
                  2292.5                      -1.2242595
                    2295                      -1.2623699
                  2297.5                       -1.302658
                    2300                      -1.3451394
                  2302.5                      -1.3898285
                    2305                      -1.4367428
                  2307.5                      -1.4859059
                    2310                      -1.5373551
                  2312.5                       -1.591148
                    2315                      -1.6473688
                  2317.5                      -1.7061314
                    2320                      -1.7675936
                  2322.5                      -1.8319526
                    2325                      -1.8994596
                  2327.5                      -1.9704208
                    2330                      -2.0452001
                  2332.5                      -2.1242278
                    2335                      -2.2079978
                  2337.5                      -2.2970754
                    2340                      -2.3920964
                  2342.5                      -2.4937692
                    2345                      -2.6028733
                  2347.5                      -2.7202681
                    2350                      -2.8468855
                  2352.5                       -2.983737
                    2355                      -3.1319175
                  2357.5                      -3.2926029
                    2360                      -3.4670644
                  2362.5                      -3.6566679
                    2365                      -3.8628872
                  2367.5                      -4.0873182
                    2370                      -4.3316876
                  2372.5                       -4.597878
                    2375                      -4.8879472
                  2377.5                      -5.2041605
                    2380                      -5.5490204
                  2382.5                      -5.9253039
                    2385                      -6.3361167
                  2387.5                      -6.7849262
                    2390                      -7.2756235
                  2392.5                      -7.8125539
                    2395                      -8.4005251
                  2397.5                      -9.0447452
                    2400                      -9.7505906
                  2402.5                      -10.523057
                    2405                      -11.365499
                  2407.5                      -12.277023
                    2410                       -13.24722
                  2412.5                      -14.246345
                    2415                      -15.209572
                  2417.5                      -16.020509
                    2420                       -16.51824
                  2422.5                      -16.564217
                    2425                       -16.14154
                  2427.5                       -15.36938
                    2430                      -14.412026
                  2432.5                      -13.398147
                    2435                       -12.40302
                  2437.5                      -11.462766
                    2440                      -10.591157
                  2442.5                      -9.7907376
                    2445                      -9.0588941
                  2447.5                       -8.390948
                    2450                      -7.7816164
                  2452.5                      -7.2256902
                    2455                      -6.7183126
                  2457.5                      -6.2550697
                    2460                      -5.8319883
                  2462.5                      -5.4455088
                    2465                       -5.092431
                  2467.5                      -4.7698655
                    2470                      -4.4751897
                  2472.5                      -4.2060052
                    2475                      -3.9601053
                  2477.5                      -3.7354443
                    2480                      -3.5301162
                  2482.5                      -3.3423379
                    2485                      -3.1704325
                  2487.5                      -3.0128243
                    2490                      -2.8680322
                  2492.5                      -2.7346642
                    2495                       -2.611425
                  2497.5                       -2.497107
                    2500                      -2.3906056
                  2502.5                       -2.290914
                    2505                      -2.1971319
                  2507.5                      -2.1084653
                    2510                      -2.0242342
                  2512.5                      -1.9438675
                    2515                      -1.8669035
                  2517.5                      -1.7929869
                    2520                      -1.7218604
                  2522.5                      -1.6533573
                    2525                      -1.5873939
                  2527.5                      -1.5239482
                    2530                       -1.463056
                  2532.5                      -1.4047941
                    2535                      -1.3492615
                  2537.5                      -1.2965711
                    2540                      -1.2468319
                  2542.5                       -1.200136
                    2545                      -1.1565583
                  2547.5                      -1.1161314
                    2550                      -1.0788533
                  2552.5                      -1.0446708
                    2555                      -1.0134888
                  2557.5                      -0.9851576
                    2560                     -0.95948532
                  2562.5                     -0.93623448
                    2565                      -0.9151328
                  2567.5                      -0.8958723
                    2570                     -0.87813313
                  2572.5                     -0.86157538
                    2575                     -0.84586669
                  2577.5                     -0.83068334
                    2580                     -0.81572304
                  2582.5                     -0.80071961
                    2585                     -0.78544668
                  2587.5                     -0.76972946
                    2590                     -0.75344906
                  2592.5                     -0.73654452
                    2595                     -0.71901448
                  2597.5                     -0.70091945
                    2600                     -0.68236781
                  2602.5                     -0.66351736
                    2605                     -0.64456301
                  2607.5                     -0.62572642
                    2610                     -0.60724953
                  2612.5                     -0.58937366
                    2615                     -0.57233981
                  2617.5                     -0.55636442
                    2620                     -0.54164025
                  2622.5                     -0.52832178
                    2625                     -0.51652227
                  2627.5                     -0.50630074
                    2630                     -0.49767004
                  2632.5                     -0.49058467
                    2635                     -0.48494988
                  2637.5                     -0.48062094
                    2640                     -0.47740684
                  2642.5                     -0.47508479
                    2645                     -0.47339947
                  2647.5                     -0.47208004
                    2650                     -0.47085112
                  2652.5                      -0.4694365
                    2655                     -0.46758412
                  2657.5                      -0.4650653
                    2660                     -0.46169032
                  2662.5                     -0.45731901
                    2665                     -0.45185905
                  2667.5                     -0.44528137
                    2670                     -0.43761229
                  2672.5                     -0.42893757
                    2675                     -0.41939187
                  2677.5                     -0.40916097
                    2680                     -0.39846723
                  2682.5                     -0.38755984
                    2685                     -0.37670539
                  2687.5                      -0.3661719
                    2690                     -0.35622342
                  2692.5                       -0.347101
                    2695                     -0.33901563
                  2697.5                     -0.33213945
                    2700                     -0.32659818
                  2702.5                     -0.32245982
                    2705                     -0.31974398
                  2707.5                      -0.3184046
                    2710                     -0.31834645
                  2712.5                      -0.3194151
                    2715                     -0.32141392
                  2717.5                      -0.3241049
                    2720                     -0.32722237
                  2722.5                      -0.3304805
                    2725                      -0.3335919
                  2727.5                     -0.33626912
                    2730                     -0.33825259
                  2732.5                     -0.33931007
                    2735                     -0.33925256
                  2737.5                     -0.33794693
                    2740                     -0.33531561
                  2742.5                     -0.33134775
                    2745                      -0.3260919
                  2747.5                     -0.31966576
                    2750                     -0.31223657
                  2752.5                     -0.30402625
                    2755                     -0.29529335
                  2757.5                     -0.28632528
                    2760                     -0.27742147
                  2762.5                     -0.26888342
                    2765                     -0.26099981
                  2767.5                     -0.25403195
                    2770                     -0.24820686
                  2772.5                     -0.24370234
                    2775                     -0.24064081
                  2777.5                     -0.23908421
                    2780                     -0.23903051
                  2782.5                     -0.24041634
                    2785                     -0.24310964
                  2787.5                     -0.24692322
                    2790                     -0.25162317
                  2792.5                     -0.25692687
                    2795                     -0.26252728
                  2797.5                     -0.26810085
                    2800                     -0.27332164
                  2802.5                     -0.27787505
                    2805                     -0.28147494
                  2807.5                     -0.28387874
                    2810                     -0.28489353
                  2812.5                     -0.28439499
                    2815                     -0.28232301
                  2817.5                      -0.2786957
                    2820                     -0.27360287
                  2822.5                     -0.26720561
                    2825                     -0.25972547
                  2827.5                        -0.25144
                    2830                     -0.24266203
                  2832.5                     -0.23373359
                    2835                      -0.2250055
                  2837.5                     -0.21682194
                    2840                     -0.20950599
                  2842.5                     -0.20334606
                    2845                     -0.19858072
                  2847.5                     -0.19539035
                    2850                      -0.1938878
                  2852.5                     -0.19411455
                    2855                     -0.19603365
                  2857.5                     -0.19953754
                    2860                     -0.20444444
                  2862.5                     -0.21050837
                    2865                     -0.21742963
                  2867.5                     -0.22486472
                    2870                     -0.23244128
                  2872.5                      -0.2397765
                    2875                     -0.24649045
                  2877.5                     -0.25222616
                    2880                     -0.25666932
                  2882.5                     -0.25955909
                    2885                     -0.26070372
                  2887.5                     -0.25999188
                    2890                     -0.25740025
                  2892.5                     -0.25299079
                    2895                     -0.24691535
                  2897.5                     -0.23940254
                    2900                      -0.2307527
                  2902.5                     -0.22132026
                    2905                     -0.21149864
                  2907.5                     -0.20170323
                    2910                     -0.19235243
                  2912.5                     -0.18384356
                    2915                     -0.17654722
                  2917.5                     -0.17077548
                    2920                     -0.16678101
                  2922.5                     -0.16473894
                    2925                     -0.16473984
                  2927.5                      -0.1667869
                    2930                     -0.17079073
                  2932.5                     -0.17657801
                    2935                      -0.1838874
                  2937.5                     -0.19239085
                    2940                     -0.20169809
                  2942.5                     -0.21137487
                    2945                     -0.22095787
                  2947.5                     -0.22998881
                    2950                      -0.2380144
                  2952.5                     -0.24462791
                    2955                     -0.24947697
                  2957.5                     -0.25228908
                    2960                     -0.25288106
                  2962.5                     -0.25117605
                    2965                      -0.2471994
                  2967.5                     -0.24109098
                    2970                     -0.23309129
                  2972.5                     -0.22352949
                    2975                     -0.21281303
                  2977.5                     -0.20140765
                    2980                     -0.18981315
                  2982.5                     -0.17854052
                    2985                     -0.16809359
                  2987.5                     -0.15893647
                    2990                     -0.15148928
                  2992.5                     -0.14609298
                    2995                      -0.1430033
                  2997.5                     -0.14237848
                    3000                     -0.14426848

