        Frequency / MHz                S1,1/abs,dB
----------------------------------------------------------------------
                     500                    -0.086964773
                   502.5                    -0.087888652
                     505                    -0.088751328
                   507.5                    -0.089553393
                     510                     -0.09029641
                   512.5                    -0.090980691
                     515                    -0.091606947
                   517.5                    -0.092176682
                     520                    -0.092690648
                   522.5                    -0.093149291
                     525                    -0.093554591
                   527.5                    -0.093905615
                     530                     -0.09420631
                   532.5                    -0.094455503
                     535                    -0.094655132
                   537.5                    -0.094807423
                     540                    -0.094910214
                   542.5                    -0.094967895
                     545                    -0.094980501
                   547.5                    -0.094949369
                     550                     -0.09487601
                   552.5                    -0.094761405
                     555                    -0.094606994
                   557.5                    -0.094413225
                     560                    -0.094183528
                   562.5                    -0.093916549
                     565                    -0.093614866
                   567.5                        -0.09328
                     570                    -0.092913724
                   572.5                    -0.092516101
                     575                    -0.092089213
                   577.5                    -0.091634639
                     580                    -0.091152916
                   582.5                    -0.090646795
                     585                    -0.090116125
                   587.5                    -0.089564094
                     590                    -0.088990806
                   592.5                    -0.088396939
                     595                     -0.08778402
                   597.5                    -0.087155151
                     600                    -0.086510951
                   602.5                    -0.085851249
                     605                    -0.085178648
                   607.5                    -0.084494703
                     610                    -0.083800005
                   612.5                    -0.083096566
                     615                    -0.082384928
                   617.5                    -0.081666166
                     620                    -0.080942946
                   622.5                    -0.080215817
                     625                    -0.079485901
                   627.5                    -0.078753327
                     630                      -0.0780207
                   632.5                    -0.077288872
                     635                    -0.076558915
                   637.5                    -0.075832109
                     640                    -0.075110221
                   642.5                    -0.074392543
                     645                    -0.073681839
                   647.5                    -0.072978517
                     650                    -0.072283767
                   652.5                    -0.071597908
                     655                    -0.070922382
                   657.5                     -0.07025937
                     660                    -0.069608249
                   662.5                    -0.068970955
                     665                    -0.068348018
                   667.5                    -0.067740018
                     670                    -0.067148833
                   672.5                    -0.066573582
                     675                     -0.06601598
                   677.5                    -0.065478089
                     680                    -0.064959123
                   682.5                    -0.064459908
                     685                    -0.063982496
                   687.5                    -0.063524985
                     690                    -0.063091668
                   692.5                    -0.062679797
                     695                    -0.062292056
                   697.5                    -0.061927362
                     700                    -0.061588345
                   702.5                    -0.061275226
                     705                    -0.060987687
                   707.5                    -0.060725745
                     710                    -0.060490833
                   712.5                    -0.060283748
                     715                    -0.060103447
                   717.5                    -0.059952354
                     720                    -0.059828974
                   722.5                    -0.059734841
                     725                    -0.059669976
                   727.5                    -0.059634262
                     730                    -0.059628944
                   732.5                    -0.059653314
                     735                    -0.059708231
                   737.5                    -0.059794192
                     740                    -0.059909827
                   742.5                    -0.060056811
                     745                    -0.060235375
                   747.5                    -0.060444889
                     750                    -0.060686631
                   752.5                    -0.060958645
                     755                    -0.061262771
                   757.5                    -0.061598239
                     760                    -0.061965031
                   762.5                    -0.062363628
                     765                    -0.062794348
                   767.5                    -0.063256519
                     770                    -0.063749602
                   772.5                    -0.064275297
                     775                    -0.064831578
                   777.5                     -0.06541889
                     780                    -0.066037909
                   782.5                    -0.066687156
                     785                    -0.067368224
                   787.5                    -0.068079482
                     790                    -0.068821237
                   792.5                    -0.069593069
                     795                    -0.070395523
                   797.5                    -0.071226924
                     800                    -0.072088795
                   802.5                    -0.072979857
                     805                    -0.073899415
                   807.5                    -0.074847445
                     810                    -0.075824798
                   812.5                    -0.076829986
                     815                    -0.077862854
                   817.5                    -0.078923179
                     820                    -0.080010384
                   822.5                     -0.08112344
                     825                    -0.082263284
                   827.5                    -0.083428347
                     830                     -0.08462061
                   832.5                    -0.085836415
                     835                    -0.087077303
                   837.5                    -0.088341827
                     840                    -0.089630476
                   842.5                    -0.090942952
                     845                      -0.0922757
                   847.5                    -0.093633272
                     850                    -0.095012832
                   852.5                    -0.096412623
                     855                    -0.097834074
                   857.5                    -0.099274645
                     860                     -0.10073529
                   862.5                     -0.10221696
                     865                     -0.10371656
                   867.5                     -0.10523426
                     870                     -0.10676994
                   872.5                     -0.10832221
                     875                     -0.10989138
                   877.5                     -0.11147749
                     880                     -0.11307969
                   882.5                     -0.11469571
                     885                     -0.11632779
                   887.5                     -0.11797311
                     890                     -0.11963199
                   892.5                     -0.12130287
                     895                     -0.12298793
                   897.5                     -0.12468496
                     900                     -0.12639217
                   902.5                     -0.12811075
                     905                     -0.12983969
                   907.5                      -0.1315784
                     910                     -0.13332594
                   912.5                     -0.13508329
                     915                     -0.13684878
                   917.5                     -0.13862011
                     920                     -0.14039944
                   922.5                     -0.14218672
                     925                     -0.14397778
                   927.5                     -0.14577603
                     930                     -0.14757893
                   932.5                     -0.14938608
                     935                     -0.15119845
                   937.5                     -0.15301288
                     940                     -0.15483037
                   942.5                     -0.15665164
                     945                     -0.15847524
                   947.5                     -0.16029928
                     950                     -0.16212488
                   952.5                     -0.16395162
                     955                     -0.16577841
                   957.5                      -0.1676049
                     960                     -0.16943063
                   962.5                     -0.17125582
                     965                     -0.17307849
                   967.5                     -0.17490131
                     970                     -0.17672088
                   972.5                     -0.17853716
                     975                     -0.18035133
                   977.5                     -0.18216133
                     980                     -0.18396866
                   982.5                     -0.18577056
                     985                     -0.18756859
                   987.5                     -0.18936309
                     990                     -0.19115045
                   992.5                     -0.19293367
                     995                     -0.19470935
                   997.5                     -0.19648098
                    1000                     -0.19824561
                  1002.5                     -0.20000302
                    1005                     -0.20175484
                  1007.5                     -0.20349891
                    1010                     -0.20523514
                  1012.5                     -0.20696372
                    1015                     -0.20868523
                  1017.5                     -0.21039831
                    1020                     -0.21210288
                  1022.5                     -0.21379914
                    1025                     -0.21548692
                  1027.5                      -0.2171662
                    1030                     -0.21883649
                  1032.5                     -0.22049719
                    1035                     -0.22214952
                  1037.5                     -0.22379168
                    1040                     -0.22542468
                  1042.5                     -0.22704872
                    1045                     -0.22866222
                  1047.5                      -0.2302665
                    1050                     -0.23186105
                  1052.5                     -0.23344497
                    1055                     -0.23501994
                  1057.5                     -0.23658448
                    1060                     -0.23813953
                  1062.5                     -0.23968559
                    1065                     -0.24122044
                  1067.5                     -0.24274634
                    1070                     -0.24426052
                  1072.5                       -0.245766
                    1075                     -0.24726205
                  1077.5                     -0.24874804
                    1080                     -0.25022469
                  1082.5                     -0.25169069
                    1085                     -0.25314799
                  1087.5                     -0.25459598
                    1090                     -0.25603484
                  1092.5                     -0.25746382
                    1095                      -0.2588843
                  1097.5                     -0.26029545
                    1100                     -0.26169809
                  1102.5                     -0.26309105
                    1105                      -0.2644782
                  1107.5                      -0.2658547
                    1110                     -0.26722406
                  1112.5                     -0.26858558
                    1115                     -0.26993808
                  1117.5                     -0.27128458
                    1120                     -0.27262328
                  1122.5                     -0.27395518
                    1125                     -0.27528076
                  1127.5                     -0.27659876
                    1130                     -0.27791073
                  1132.5                     -0.27921664
                    1135                      -0.2805164
                  1137.5                       -0.281811
                    1140                     -0.28310097
                  1142.5                     -0.28438468
                    1145                     -0.28566481
                  1147.5                     -0.28693976
                    1150                     -0.28821169
                  1152.5                     -0.28947955
                    1155                     -0.29074287
                  1157.5                     -0.29200332
                    1160                     -0.29326259
                  1162.5                     -0.29451702
                    1165                     -0.29577049
                  1167.5                     -0.29702204
                    1170                     -0.29827288
                  1172.5                     -0.29952213
                    1175                      -0.3007694
                  1177.5                      -0.3020176
                    1180                     -0.30326532
                  1182.5                     -0.30451332
                    1185                     -0.30576188
                  1187.5                     -0.30701178
                    1190                     -0.30826279
                  1192.5                     -0.30951575
                    1195                     -0.31077046
                  1197.5                     -0.31202834
                    1200                     -0.31328815
                  1202.5                     -0.31455242
                    1205                     -0.31581944
                  1207.5                      -0.3170907
                    1210                     -0.31836666
                  1212.5                     -0.31964619
                    1215                     -0.32093302
                  1217.5                     -0.32222337
                    1220                     -0.32352048
                  1222.5                     -0.32482384
                    1225                     -0.32613406
                  1227.5                     -0.32745122
                    1230                      -0.3287754
                  1232.5                     -0.33010838
                    1235                     -0.33144976
                  1237.5                      -0.3327976
                    1240                     -0.33415528
                  1242.5                     -0.33552305
                    1245                     -0.33690014
                  1247.5                     -0.33828676
                    1250                     -0.33968492
                  1252.5                     -0.34109328
                    1255                     -0.34251279
                  1257.5                     -0.34394322
                    1260                     -0.34538563
                  1262.5                     -0.34684095
                    1265                     -0.34830862
                  1267.5                     -0.34978852
                    1270                     -0.35128125
                  1272.5                     -0.35278891
                    1275                     -0.35431002
                  1277.5                     -0.35584466
                    1280                     -0.35739496
                  1282.5                     -0.35895895
                    1285                     -0.36053855
                  1287.5                     -0.36213368
                    1290                     -0.36374367
                  1292.5                     -0.36537133
                    1295                     -0.36701437
                  1297.5                     -0.36867454
                    1300                     -0.37035128
                  1302.5                     -0.37204483
                    1305                     -0.37375548
                  1307.5                     -0.37548488
                    1310                     -0.37723225
                  1312.5                     -0.37899761
                    1315                     -0.38078185
                  1317.5                     -0.38258403
                    1320                     -0.38440559
                  1322.5                     -0.38624618
                    1325                     -0.38810679
                  1327.5                      -0.3899861
                    1330                     -0.39188616
                  1332.5                     -0.39380544
                    1335                     -0.39574582
                  1337.5                     -0.39770693
                    1340                     -0.39968792
                  1342.5                     -0.40168956
                    1345                     -0.40371355
                  1347.5                     -0.40575654
                    1350                     -0.40782259
                  1352.5                     -0.40990887
                    1355                     -0.41201774
                  1357.5                     -0.41414784
                    1360                     -0.41630048
                  1362.5                     -0.41847557
                    1365                     -0.42067193
                  1367.5                      -0.4228912
                    1370                      -0.4251324
                  1372.5                     -0.42739563
                    1375                     -0.42968252
                  1377.5                     -0.43199213
                    1380                     -0.43432419
                  1382.5                     -0.43667886
                    1385                     -0.43905712
                  1387.5                     -0.44145763
                    1390                     -0.44388173
                  1392.5                     -0.44632865
                    1395                     -0.44879931
                  1397.5                     -0.45129341
                    1400                     -0.45381095
                  1402.5                     -0.45635149
                    1405                     -0.45891484
                  1407.5                     -0.46150127
                    1410                     -0.46411198
                  1412.5                     -0.46674607
                    1415                     -0.46940416
                  1417.5                     -0.47208497
                    1420                     -0.47478886
                  1422.5                     -0.47751775
                    1425                     -0.48026827
                  1427.5                     -0.48304292
                    1430                     -0.48584093
                  1432.5                     -0.48866308
                    1435                      -0.4915083
                  1437.5                     -0.49437689
                    1440                      -0.4972685
                  1442.5                     -0.50018432
                    1445                     -0.50312165
                  1447.5                     -0.50608386
                    1450                     -0.50906928
                  1452.5                     -0.51207744
                    1455                     -0.51510905
                  1457.5                     -0.51816343
                    1460                     -0.52124044
                  1462.5                     -0.52434188
                    1465                     -0.52746559
                  1467.5                     -0.53061225
                    1470                     -0.53378097
                  1472.5                     -0.53697363
                    1475                     -0.54018934
                  1477.5                     -0.54342765
                    1480                     -0.54668774
                  1482.5                     -0.54997074
                    1485                     -0.55327625
                  1487.5                     -0.55660541
                    1490                     -0.55995592
                  1492.5                     -0.56333009
                    1495                     -0.56672532
                  1497.5                     -0.57014353
                    1500                     -0.57358552
                  1502.5                     -0.57704789
                    1505                     -0.58053305
                  1507.5                     -0.58404113
                    1510                     -0.58757067
                  1512.5                     -0.59112393
                    1515                      -0.5946977
                  1517.5                     -0.59829363
                    1520                     -0.60191295
                  1522.5                     -0.60555416
                    1525                      -0.6092173
                  1527.5                     -0.61290287
                    1530                     -0.61661061
                  1532.5                     -0.62034026
                    1535                     -0.62409169
                  1537.5                     -0.62786728
                    1540                     -0.63166368
                  1542.5                     -0.63548293
                    1545                     -0.63932527
                  1547.5                      -0.6431889
                    1550                     -0.64707501
                  1552.5                     -0.65098566
                    1555                     -0.65491767
                  1557.5                     -0.65887267
                    1560                     -0.66285104
                  1562.5                     -0.66685177
                    1565                      -0.6708753
                  1567.5                     -0.67492307
                    1570                     -0.67899381
                  1572.5                     -0.68308902
                    1575                     -0.68720629
                  1577.5                     -0.69134857
                    1580                     -0.69551566
                  1582.5                     -0.69970588
                    1585                     -0.70392118
                  1587.5                     -0.70816092
                    1590                     -0.71242543
                  1592.5                     -0.71671575
                    1595                     -0.72103124
                  1597.5                     -0.72537258
                    1600                     -0.72974071
                  1602.5                     -0.73413404
                    1605                     -0.73855515
                  1607.5                      -0.7430023
                    1610                     -0.74747644
                  1612.5                     -0.75198022
                    1615                     -0.75650961
                  1617.5                     -0.76106991
                    1620                     -0.76565749
                  1622.5                     -0.77027359
                    1625                     -0.77492116
                  1627.5                     -0.77959828
                    1630                     -0.78430562
                  1632.5                     -0.78904484
                    1635                      -0.7938154
                  1637.5                     -0.79861721
                    1640                     -0.80345207
                  1642.5                     -0.80832077
                    1645                     -0.81322333
                  1647.5                     -0.81815992
                    1650                     -0.82313144
                  1652.5                      -0.8281385
                    1655                     -0.83318181
                  1657.5                     -0.83826214
                    1660                     -0.84338017
                  1662.5                     -0.84853656
                    1665                     -0.85373073
                  1667.5                     -0.85896475
                    1670                     -0.86424125
                  1672.5                     -0.86955655
                    1675                     -0.87491584
                  1677.5                     -0.88031637
                    1680                     -0.88576199
                  1682.5                     -0.89125116
                    1685                     -0.89678579
                  1687.5                     -0.90236632
                    1690                     -0.90799398
                  1692.5                     -0.91367032
                    1695                     -0.91939512
                  1697.5                     -0.92517082
                    1700                     -0.93099691
                  1702.5                     -0.93687501
                    1705                     -0.94280611
                  1707.5                     -0.94879113
                    1710                     -0.95483182
                  1712.5                     -0.96092742
                    1715                     -0.96708177
                  1717.5                       -0.973294
                    1720                     -0.97956508
                  1722.5                     -0.98589758
                    1725                     -0.99229268
                  1727.5                     -0.99875032
                    1730                      -1.0052726
                  1732.5                        -1.01186
                    1735                      -1.0185137
                  1737.5                      -1.0252361
                    1740                      -1.0320285
                  1742.5                      -1.0388908
                    1745                      -1.0458267
                  1747.5                      -1.0528347
                    1750                      -1.0599184
                  1752.5                      -1.0670783
                    1755                      -1.0743158
                  1757.5                      -1.0816318
                    1760                      -1.0890299
                  1762.5                       -1.096509
                    1765                      -1.1040719
                  1767.5                      -1.1117201
                    1770                      -1.1194558
                  1772.5                      -1.1272784
                    1775                      -1.1351919
                  1777.5                      -1.1431968
                    1780                      -1.1512936
                  1782.5                       -1.159487
                    1785                      -1.1677766
                  1787.5                      -1.1761632
                    1790                      -1.1846498
                  1792.5                      -1.1932377
                    1795                      -1.2019291
                  1797.5                      -1.2107271
                    1800                      -1.2196299
                  1802.5                       -1.228641
                    1805                      -1.2377639
                  1807.5                      -1.2469986
                    1810                       -1.256347
                  1812.5                      -1.2658115
                    1815                      -1.2753938
                  1817.5                       -1.285096
                    1820                      -1.2949196
                  1822.5                      -1.3048668
                    1825                      -1.3149388
                  1827.5                      -1.3251393
                    1830                      -1.3354687
                  1832.5                        -1.34593
                    1835                      -1.3565244
                  1837.5                      -1.3672548
                    1840                       -1.378122
                  1842.5                      -1.3891297
                    1845                      -1.4002784
                  1847.5                      -1.4115712
                    1850                      -1.4230097
                  1852.5                      -1.4345969
                    1855                      -1.4463346
                  1857.5                      -1.4582239
                    1860                      -1.4702682
                  1862.5                      -1.4824692
                    1865                      -1.4948296
                  1867.5                       -1.507351
                    1870                      -1.5200351
                  1872.5                      -1.5328858
                    1875                      -1.5459041
                  1877.5                      -1.5590929
                    1880                      -1.5724554
                  1882.5                      -1.5859908
                    1885                      -1.5997045
                  1887.5                      -1.6135984
                    1890                      -1.6276747
                  1892.5                      -1.6419339
                    1895                      -1.6563806
                  1897.5                      -1.6710167
                    1900                      -1.6858435
                  1902.5                      -1.7008653
                    1905                      -1.7160833
                  1907.5                      -1.7315014
                    1910                        -1.74712
                  1912.5                      -1.7629423
                    1915                      -1.7789714
                  1917.5                      -1.7952101
                    1920                      -1.8116601
                  1922.5                       -1.828324
                    1925                      -1.8452048
                  1927.5                      -1.8623049
                    1930                      -1.8796261
                  1932.5                      -1.8971733
                    1935                      -1.9149473
                  1937.5                      -1.9329509
                    1940                       -1.951187
                  1942.5                       -1.969658
                    1945                      -1.9883672
                  1947.5                      -2.0073171
                    1950                      -2.0265098
                  1952.5                      -2.0459492
                    1955                      -2.0656365
                  1957.5                      -2.0855761
                    1960                      -2.1057698
                  1962.5                      -2.1262207
                    1965                      -2.1469311
                  1967.5                      -2.1679041
                    1970                      -2.1891435
                  1972.5                      -2.2106503
                    1975                      -2.2324298
                  1977.5                      -2.2544823
                    1980                      -2.2768126
                  1982.5                      -2.2994223
                    1985                      -2.3223152
                  1987.5                      -2.3454939
                    1990                      -2.3689614
                  1992.5                      -2.3927207
                    1995                      -2.4167751
                  1997.5                      -2.4411268
                    2000                      -2.4657804
                  2002.5                      -2.4907366
                    2005                      -2.5160009
                  2007.5                      -2.5415736
                    2010                      -2.5674605
                  2012.5                      -2.5936653
                    2015                      -2.6201854
                  2017.5                       -2.647032
                    2020                      -2.6742019
                  2022.5                      -2.7017004
                    2025                      -2.7295314
                  2027.5                       -2.757699
                    2030                      -2.7862028
                  2032.5                      -2.8150509
                    2035                      -2.8442414
                  2037.5                      -2.8737802
                    2040                      -2.9036728
                  2042.5                      -2.9339178
                    2045                      -2.9645216
                  2047.5                      -2.9954876
                    2050                      -3.0268167
                  2052.5                      -3.0585138
                    2055                      -3.0905835
                  2057.5                      -3.1230285
                    2060                      -3.1558521
                  2062.5                      -3.1890572
                    2065                      -3.2226462
                  2067.5                      -3.2566259
                    2070                      -3.2909957
                  2072.5                       -3.325763
                    2075                      -3.3609295
                  2077.5                      -3.3964977
                    2080                      -3.4324727
                  2082.5                       -3.468856
                    2085                      -3.5056538
                  2087.5                      -3.5428701
                    2090                      -3.5805049
                  2092.5                      -3.6185654
                    2095                       -3.657054
                  2097.5                      -3.6959722
                    2100                      -3.7353269
                  2102.5                      -3.7751205
                    2105                      -3.8153559
                  2107.5                       -3.856037
                    2110                      -3.8971702
                  2112.5                      -3.9387553
                    2115                      -3.9807973
                  2117.5                      -4.0233013
                    2120                      -4.0662688
                  2122.5                      -4.1097055
                    2125                      -4.1536146
                  2127.5                      -4.1979983
                    2130                      -4.2428637
                  2132.5                      -4.2882092
                    2135                      -4.3340445
                  2137.5                      -4.3803688
                    2140                      -4.4271873
                  2142.5                       -4.474505
                    2145                      -4.5223237
                  2147.5                      -4.5706477
                    2150                      -4.6194804
                  2152.5                      -4.6688243
                    2155                      -4.7186854
                  2157.5                      -4.7690659
                    2160                      -4.8199709
                  2162.5                      -4.8713998
                    2165                      -4.9233606
                  2167.5                      -4.9758544
                    2170                      -5.0288847
                  2172.5                      -5.0824537
                    2175                      -5.1365676
                  2177.5                      -5.1912269
                    2180                      -5.2464362
                  2182.5                      -5.3021968
                    2185                      -5.3585145
                  2187.5                      -5.4153887
                    2190                      -5.4728244
                  2192.5                      -5.5308236
                    2195                      -5.5893881
                  2197.5                      -5.6485206
                    2200                      -5.7082244
                  2202.5                      -5.7685007
                    2205                      -5.8293498
                  2207.5                      -5.8907769
                    2210                      -5.9527814
                  2212.5                       -6.015365
                    2215                      -6.0785274
                  2217.5                      -6.1422722
                    2220                      -6.2065988
                  2222.5                      -6.2715073
                    2225                      -6.3369984
                  2227.5                      -6.4030709
                    2230                      -6.4697255
                  2232.5                      -6.5369617
                    2235                      -6.6047781
                  2237.5                      -6.6731709
                    2240                      -6.7421404
                  2242.5                      -6.8116847
                    2245                      -6.8817992
                  2247.5                      -6.9524826
                    2250                      -7.0237284
                  2252.5                       -7.095534
                    2255                      -7.1678939
                  2257.5                      -7.2408022
                    2260                      -7.3142547
                  2262.5                      -7.3882396
                    2265                      -7.4627545
                  2267.5                      -7.5377883
                    2270                      -7.6133309
                  2272.5                       -7.689373
                    2275                      -7.7659034
                  2277.5                      -7.8429109
                    2280                      -7.9203801
                  2282.5                      -7.9982993
                    2285                      -8.0766494
                  2287.5                      -8.1554173
                    2290                      -8.2345838
                  2292.5                      -8.3141298
                    2295                      -8.3940339
                  2297.5                      -8.4742733
                    2300                      -8.5548241
                  2302.5                      -8.6356657
                    2305                      -8.7167624
                  2307.5                      -8.7980927
                    2310                      -8.8796227
                  2312.5                      -8.9613203
                    2315                      -9.0431481
                  2317.5                      -9.1250723
                    2320                      -9.2070543
                  2322.5                      -9.2890512
                    2325                      -9.3710166
                  2327.5                      -9.4529112
                    2330                      -9.5346795
                  2332.5                      -9.6162754
                    2335                      -9.6976404
                  2337.5                      -9.7787225
                    2340                      -9.8594613
                  2342.5                      -9.9397935
                    2345                      -10.019656
                  2347.5                       -10.09898
                    2350                      -10.177697
                  2352.5                      -10.255731
                    2355                      -10.333008
                  2357.5                       -10.40945
                    2360                      -10.484976
                  2362.5                      -10.559502
                    2365                      -10.632941
                  2367.5                      -10.705205
                    2370                      -10.776205
                  2372.5                      -10.845844
                    2375                      -10.914033
                  2377.5                      -10.980673
                    2380                      -11.045667
                  2382.5                      -11.108919
                    2385                      -11.170329
                  2387.5                      -11.229799
                    2390                      -11.287231
                  2392.5                      -11.342528
                    2395                       -11.39559
                  2397.5                      -11.446326
                    2400                      -11.494641
                  2402.5                      -11.540443
                    2405                      -11.583648
                  2407.5                      -11.624169
                    2410                      -11.661929
                  2412.5                       -11.69685
                    2415                      -11.728865
                  2417.5                      -11.757906
                    2420                      -11.783917
                  2422.5                      -11.806846
                    2425                      -11.826647
                  2427.5                      -11.843283
                    2430                      -11.856721
                  2432.5                      -11.866942
                    2435                      -11.873929
                  2437.5                      -11.877673
                    2440                      -11.878179
                  2442.5                      -11.875453
                    2445                      -11.869512
                  2447.5                      -11.860383
                    2450                      -11.848097
                  2452.5                      -11.832691
                    2455                      -11.814219
                  2457.5                      -11.792728
                    2460                       -11.76828
                  2462.5                       -11.74094
                    2465                      -11.710782
                  2467.5                      -11.677878
                    2470                      -11.642311
                  2472.5                      -11.604166
                    2475                      -11.563529
                  2477.5                      -11.520493
                    2480                      -11.475149
                  2482.5                      -11.427594
                    2485                      -11.377924
                  2487.5                      -11.326236
                    2490                      -11.272628
                  2492.5                      -11.217198
                    2495                      -11.160045
                  2497.5                      -11.101265
                    2500                      -11.040954
                  2502.5                      -10.979206
                    2505                      -10.916116
                  2507.5                      -10.851775
                    2510                      -10.786271
                  2512.5                      -10.719693
                    2515                      -10.652125
                  2517.5                      -10.583649
                    2520                      -10.514346
                  2522.5                      -10.444292
                    2525                       -10.37356
                  2527.5                      -10.302226
                    2530                      -10.230354
                  2532.5                      -10.158012
                    2535                      -10.085263
                  2537.5                       -10.01217
                    2540                      -9.9387847
                  2542.5                      -9.8651676
                    2545                      -9.7913689
                  2547.5                      -9.7174364
                    2550                      -9.6434208
                  2552.5                      -9.5693642
                    2555                      -9.4953103
                  2557.5                      -9.4212986
                    2560                      -9.3473658
                  2562.5                      -9.2735489
                    2565                      -9.1998798
                  2567.5                      -9.1263922
                    2570                      -9.0531125
                  2572.5                      -8.9800704
                    2575                      -8.9072913
                  2577.5                      -8.8347994
                    2580                      -8.7626173
                  2582.5                      -8.6907648
                    2585                      -8.6192626
                  2587.5                       -8.548128
                    2590                      -8.4773791
                  2592.5                      -8.4070302
                    2595                      -8.3370952
                  2597.5                      -8.2675885
                    2600                      -8.1985198
                  2602.5                      -8.1299022
                    2605                      -8.0617452
                  2607.5                      -7.9940576
                    2610                      -7.9268478
                  2612.5                      -7.8601231
                    2615                      -7.7938904
                  2617.5                      -7.7281539
                    2620                      -7.6629212
                  2622.5                      -7.5981939
                    2625                      -7.5339784
                  2627.5                      -7.4702766
                    2630                      -7.4070906
                  2632.5                      -7.3444239
                    2635                      -7.2822784
                  2637.5                       -7.220654
                    2640                      -7.1595526
                  2642.5                      -7.0989726
                    2645                      -7.0389168
                  2647.5                      -6.9793826
                    2650                      -6.9203712
                  2652.5                      -6.8618795
                    2655                      -6.8039069
                  2657.5                      -6.7464534
                    2660                      -6.6895143
                  2662.5                        -6.63309
                    2665                       -6.577177
                  2667.5                      -6.5217729
                    2670                      -6.4668743
                  2672.5                       -6.412479
                    2675                      -6.3585849
                  2677.5                      -6.3051861
                    2680                       -6.252281
                  2682.5                      -6.1998665
                    2685                      -6.1479372
                  2687.5                      -6.0964907
                    2690                      -6.0455224
                  2692.5                      -5.9950298
                    2695                      -5.9450056
                  2697.5                      -5.8954485
                    2700                      -5.8463534
                  2702.5                      -5.7977147
                    2705                      -5.7495311
                  2707.5                      -5.7017951
                    2710                      -5.6545028
                  2712.5                      -5.6076521
                    2715                      -5.5612351
                  2717.5                      -5.5152482
                    2720                      -5.4696883
                  2722.5                      -5.4245486
                    2725                      -5.3798258
                  2727.5                      -5.3355152
                    2730                      -5.2916113
                  2732.5                      -5.2481094
                    2735                      -5.2050053
                  2737.5                      -5.1622951
                    2740                       -5.119971
                  2742.5                      -5.0780314
                    2745                        -5.03647
                  2747.5                      -4.9952827
                    2750                      -4.9544657
                  2752.5                      -4.9140133
                    2755                      -4.8739196
                  2757.5                       -4.834182
                    2760                      -4.7947954
                  2762.5                      -4.7557545
                    2765                      -4.7170556
                  2767.5                      -4.6786931
                    2770                      -4.6406632
                  2772.5                      -4.6029626
                    2775                      -4.5655843
                  2777.5                      -4.5285262
                    2780                      -4.4917817
                  2782.5                      -4.4553482
                    2785                      -4.4192216
                  2787.5                      -4.3833969
                    2790                      -4.3478705
                  2792.5                      -4.3126374
                    2795                      -4.2776938
                  2797.5                      -4.2430364
                    2800                      -4.2086609
                  2802.5                      -4.1745632
                    2805                       -4.140739
                  2807.5                      -4.1071853
                    2810                      -4.0738981
                  2812.5                       -4.040873
                    2815                      -4.0081071
                  2817.5                      -3.9755967
                    2820                      -3.9433383
                  2822.5                      -3.9113276
                    2825                      -3.8795621
                  2827.5                      -3.8480388
                    2830                      -3.8167535
                  2832.5                       -3.785704
                    2835                      -3.7548859
                  2837.5                      -3.7242978
                    2840                      -3.6939346
                  2842.5                      -3.6637947
                    2845                      -3.6338744
                  2847.5                      -3.6041734
                    2850                      -3.5746853
                  2852.5                      -3.5454109
                    2855                      -3.5163451
                  2857.5                      -3.4874858
                    2860                      -3.4588316
                  2862.5                      -3.4303785
                    2865                      -3.4021259
                  2867.5                       -3.374071
                    2870                      -3.3462119
                  2872.5                      -3.3185457
                    2875                      -3.2910709
                  2877.5                      -3.2637852
                    2880                      -3.2366882
                  2882.5                      -3.2097758
                    2885                      -3.1830482
                  2887.5                      -3.1565018
                    2890                      -3.1301386
                  2892.5                      -3.1039534
                    2895                      -3.0779454
                  2897.5                      -3.0521155
                    2900                      -3.0264604
                  2902.5                      -3.0009798
                    2905                      -2.9756725
                  2907.5                      -2.9505369
                    2910                      -2.9255719
                  2912.5                      -2.9007778
                    2915                      -2.8761527
                  2917.5                      -2.8516973
                    2920                      -2.8274075
                  2922.5                      -2.8032872
                    2925                      -2.7793326
                  2927.5                       -2.755544
                    2930                      -2.7319224
                  2932.5                      -2.7084659
                    2935                      -2.6851737
                  2937.5                      -2.6620469
                    2940                      -2.6390847
                  2942.5                      -2.6162885
                    2945                      -2.5936552
                  2947.5                      -2.5711866
                    2950                      -2.5488843
                  2952.5                      -2.5267462
                    2955                      -2.5047726
                  2957.5                      -2.4829659
                    2960                      -2.4613218
                  2962.5                      -2.4398469
                    2965                      -2.4185364
                  2967.5                      -2.3973934
                    2970                       -2.376418
                  2972.5                      -2.3556095
                    2975                      -2.3349711
                  2977.5                      -2.3145018
                    2980                      -2.2942015
                  2982.5                      -2.2740708
                    2985                      -2.2541128
                  2987.5                      -2.2343268
                    2990                      -2.2147129
                  2992.5                      -2.1952748
                    2995                      -2.1760097
                  2997.5                      -2.1569202
                    3000                      -2.1380076

