        Frequency / MHz                S1,1/abs,dB
----------------------------------------------------------------------
                     500                     -0.17416389
                   502.5                     -0.21070218
                     505                     -0.23855994
                   507.5                     -0.25556889
                     510                     -0.26056856
                   512.5                     -0.25351158
                     515                     -0.23542086
                   517.5                     -0.20825636
                     520                     -0.17467124
                   522.5                     -0.13772259
                     525                     -0.10057629
                   527.5                    -0.066232583
                     530                    -0.037297678
                   532.5                    -0.015819398
                     535                    -0.003170722
                   537.5                  -3.6837595e-07
                     540                   -0.0062113976
                   542.5                    -0.021007402
                     545                    -0.042950766
                   547.5                    -0.070086539
                     550                      -0.1000734
                   552.5                     -0.13037374
                     555                     -0.15845171
                   557.5                     -0.18198616
                     560                     -0.19908061
                   562.5                     -0.20842199
                     565                     -0.20940928
                   567.5                     -0.20218669
                     570                     -0.18761622
                   572.5                     -0.16716708
                     575                     -0.14275727
                   577.5                     -0.11656009
                     580                    -0.090801473
                   582.5                    -0.067575954
                     585                    -0.048683882
                   587.5                    -0.035509393
                     590                    -0.028939759
                   592.5                    -0.029315653
                     595                    -0.036429183
                   597.5                    -0.049552728
                     600                    -0.067497475
                   602.5                    -0.088714167
                     605                     -0.11140339
                   607.5                     -0.13367144
                     610                     -0.15367684
                   612.5                      -0.1697921
                     615                     -0.18074406
                   617.5                      -0.1857285
                     620                     -0.18447466
                   622.5                     -0.17726167
                     625                     -0.16488231
                   627.5                     -0.14854882
                     630                     -0.12977635
                   632.5                     -0.11023257
                     635                     -0.09159322
                   637.5                    -0.075403174
                     640                    -0.062954971
                   642.5                    -0.055205942
                     645                    -0.052706302
                   647.5                    -0.055577747
                     650                    -0.063514181
                   652.5                    -0.075807787
                     655                    -0.091412827
                   657.5                     -0.10902554
                     660                     -0.12719251
                   662.5                     -0.14442643
                     665                     -0.15933287
                   667.5                     -0.17072883
                     670                     -0.17775076
                   672.5                     -0.17992433
                     675                     -0.17720478
                   677.5                     -0.16997513
                     680                     -0.15899751
                   682.5                     -0.14534378
                     685                     -0.13028289
                   687.5                     -0.11516967
                     690                     -0.10132651
                   692.5                    -0.089934929
                     695                    -0.081949305
                   697.5                    -0.078023377
                     700                    -0.078467858
                   702.5                    -0.083240311
                     705                    -0.091944786
                   707.5                     -0.10387628
                     710                     -0.11807189
                   712.5                      -0.1333878
                     715                     -0.14860458
                   717.5                     -0.16251103
                     720                     -0.17402651
                   722.5                     -0.18227987
                     725                     -0.18669783
                   727.5                     -0.18704589
                     730                     -0.18345307
                   732.5                     -0.17638944
                     735                     -0.16662049
                   737.5                     -0.15513432
                     740                      -0.1430475
                   742.5                     -0.13150676
                     745                     -0.12159185
                   747.5                     -0.11423293
                     750                     -0.11013162
                   752.5                      -0.1097156
                     755                     -0.11311091
                   757.5                     -0.12013004
                     760                     -0.13029752
                   762.5                     -0.14288148
                     765                     -0.15696189
                   767.5                     -0.17149828
                     770                     -0.18541963
                   772.5                     -0.19771774
                     775                     -0.20753115
                   777.5                     -0.21422542
                     780                     -0.21744957
                   782.5                      -0.2171629
                     785                     -0.21363923
                   787.5                     -0.20744404
                     790                     -0.19937087
                   792.5                     -0.19037528
                     795                     -0.18148532
                   797.5                     -0.17371513
                     800                     -0.16797881
                   802.5                     -0.16501817
                     805                     -0.16534707
                   807.5                     -0.16921089
                     810                     -0.17657048
                   812.5                     -0.18710777
                     815                     -0.20025116
                   817.5                     -0.21522228
                     820                     -0.23109918
                   822.5                     -0.24689135
                     825                     -0.26162875
                   827.5                     -0.27444114
                     830                     -0.28464469
                   832.5                     -0.29179885
                     835                     -0.29574622
                   837.5                     -0.29664314
                     840                     -0.29492955
                   842.5                      -0.2912953
                     845                     -0.28662419
                   847.5                     -0.28191058
                     850                     -0.27817282
                   852.5                     -0.27637297
                     855                     -0.27734018
                   857.5                       -0.281698
                     860                     -0.28982497
                   862.5                     -0.30182309
                     865                     -0.31751044
                   867.5                     -0.33643968
                     870                     -0.35792846
                   872.5                     -0.38111985
                     875                     -0.40505165
                   877.5                     -0.42873928
                     880                     -0.45127235
                   882.5                      -0.4718905
                     885                     -0.49006939
                   887.5                     -0.50557794
                     890                     -0.51850621
                   892.5                     -0.52927148
                     895                     -0.53859507
                   897.5                     -0.54744693
                     900                     -0.55696919
                   902.5                     -0.56839486
                     905                     -0.58295528
                   907.5                      -0.6017876
                     910                     -0.62586087
                   912.5                     -0.65591349
                     915                     -0.69240797
                   917.5                     -0.73550567
                     920                     -0.78507284
                   922.5                     -0.84070153
                     925                     -0.90175654
                   927.5                     -0.96745149
                     930                       -1.036935
                   932.5                      -1.1093989
                     935                      -1.1841889
                   937.5                      -1.2609193
                     940                      -1.3395699
                   942.5                      -1.4205659
                     945                      -1.5048217
                   947.5                      -1.5937528
                     950                      -1.6892458
                   952.5                      -1.7935958
                     955                      -1.9094197
                   957.5                       -2.039538
                     960                       -2.186854
                   962.5                      -2.3542121
                     965                      -2.5442519
                   967.5                      -2.7592447
                     970                      -3.0009031
                   972.5                      -3.2701482
                     975                      -3.5668172
                   977.5                      -3.8892838
                     980                      -4.2339877
                   982.5                      -4.5948579
                     985                      -4.9626985
                   987.5                      -5.3246718
                     990                      -5.6641457
                   992.5                      -5.9612994
                     995                      -6.1949412
                   997.5                       -6.345634
                    1000                      -6.3995958
                  1002.5                       -6.352033
                    1005                      -6.2083981
                  1007.5                      -5.9829309
                    1010                      -5.6952181
                  1012.5                      -5.3663142
                    1015                      -5.0157134
                  1017.5                       -4.659638
                    1020                      -4.3105096
                  1022.5                      -3.9771394
                    1025                      -3.6652744
                  1027.5                      -3.3782131
                    1030                      -3.1173773
                  1032.5                      -2.8827826
                    1035                      -2.6734209
                  1037.5                      -2.4875443
                    1040                      -2.3229138
                  1042.5                      -2.1769772
                    1045                      -2.0470376
                  1047.5                      -1.9303968
                    1050                      -1.8244831
                  1052.5                      -1.7269601
                    1055                      -1.6358219
                  1057.5                      -1.5494608
                    1060                      -1.4667073
                  1062.5                      -1.3868293
                    1065                      -1.3095208
                  1067.5                      -1.2348314
                    1070                      -1.1631002
                  1072.5                      -1.0948611
                    1075                      -1.0307421
                  1077.5                      -0.9713787
                    1080                     -0.91731913
                  1082.5                     -0.86896527
                    1085                     -0.82651673
                  1087.5                     -0.78994115
                    1090                     -0.75896501
                  1092.5                     -0.73308427
                    1095                     -0.71159452
                  1097.5                     -0.69363127
                    1100                     -0.67823128
                  1102.5                     -0.66439597
                    1105                     -0.65116728
                  1107.5                     -0.63768954
                    1110                     -0.62327055
                  1112.5                     -0.60743159
                    1115                     -0.58993506
                  1117.5                     -0.57078763
                    1120                      -0.5502286
                  1122.5                     -0.52869534
                    1125                     -0.50677522
                  1127.5                     -0.48514052
                    1130                     -0.46448658
                  1132.5                     -0.44546742
                    1135                     -0.42863767
                  1137.5                     -0.41440877
                    1140                     -0.40301256
                  1142.5                      -0.3944865
                    1145                     -0.38866688
                  1147.5                     -0.38521158
                    1150                     -0.38362232
                  1152.5                     -0.38328295
                    1155                      -0.3835178
                  1157.5                     -0.38364127
                    1160                     -0.38301649
                  1162.5                       -0.381109
                    1165                     -0.37752705
                  1167.5                     -0.37205825
                    1170                     -0.36468507
                  1172.5                     -0.35557745
                    1175                     -0.34507635
                  1177.5                      -0.3336637
                    1180                     -0.32190933
                  1182.5                     -0.31042497
                    1185                      -0.2998074
                  1187.5                     -0.29059087
                    1190                      -0.2831975
                  1192.5                     -0.27790582
                    1195                     -0.27483033
                  1197.5                     -0.27391068
                    1200                     -0.27492057
                  1202.5                     -0.27748144
                    1205                     -0.28110079
                  1207.5                     -0.28520706
                    1210                     -0.28920233
                  1212.5                     -0.29250813
                    1215                     -0.29462012
                  1217.5                      -0.2951474
                    1220                     -0.29385006
                  1222.5                     -0.29065823
                    1225                     -0.28567618
                  1227.5                       -0.279175
                    1230                     -0.27156304
                  1232.5                     -0.26335053
                    1235                     -0.25510697
                  1237.5                     -0.24740729
                    1240                     -0.24078466
                  1242.5                     -0.23568718
                    1245                     -0.23243624
                  1247.5                     -0.23120663
                    1250                       -0.232009
                  1252.5                     -0.23468951
                    1255                      -0.2389421
                  1257.5                     -0.24433294
                    1260                     -0.25033878
                  1262.5                     -0.25638574
                    1265                     -0.26190238
                  1267.5                     -0.26636531
                    1270                     -0.26934725
                  1272.5                     -0.27055511
                    1275                     -0.26985381
                  1277.5                     -0.26728603
                    1280                       -0.263056
                  1282.5                     -0.25752597
                    1285                     -0.25117375
                  1287.5                     -0.24455693
                    1290                     -0.23826047
                  1292.5                     -0.23285215
                    1295                     -0.22882457
                  1297.5                     -0.22656979
                    1300                     -0.22633457
                  1302.5                     -0.22820295
                    1305                     -0.23209031
                  1307.5                     -0.23774916
                    1310                     -0.24478469
                  1312.5                      -0.2526918
                    1315                     -0.26089263
                  1317.5                     -0.26878201
                    1320                     -0.27578532
                  1322.5                     -0.28140516
                    1325                     -0.28526457
                  1327.5                      -0.2871479
                    1330                     -0.28701556
                  1332.5                     -0.28501271
                    1335                     -0.28145845
                  1337.5                     -0.27681762
                    1340                     -0.27166251
                  1342.5                     -0.26662163
                    1345                     -0.26233283
                  1347.5                     -0.25937957
                    1350                     -0.25825686
                  1352.5                     -0.25931672
                    1355                     -0.26274598
                  1357.5                     -0.26854643
                    1360                     -0.27653843
                  1362.5                     -0.28636335
                    1365                     -0.29752336
                  1367.5                     -0.30940523
                    1370                     -0.32134503
                  1372.5                     -0.33267236
                    1375                      -0.3427769
                  1377.5                     -0.35115759
                    1380                      -0.3574764
                  1382.5                     -0.36158829
                    1385                     -0.36355881
                  1387.5                     -0.36366822
                    1390                     -0.36238371
                  1392.5                     -0.36032923
                    1395                     -0.35823036
                  1397.5                     -0.35685955
                    1400                     -0.35696815
                  1402.5                     -0.35923065
                    1405                     -0.36418821
                  1407.5                     -0.37220457
                    1410                     -0.38343591
                  1412.5                     -0.39781967
                    1415                     -0.41506978
                  1417.5                     -0.43470276
                    1420                     -0.45606922
                  1422.5                     -0.47840868
                    1425                     -0.50091041
                  1427.5                     -0.52278555
                    1430                     -0.54334098
                  1432.5                     -0.56205249
                    1435                     -0.57861425
                  1437.5                     -0.59299124
                    1440                     -0.60543015
                  1442.5                     -0.61645613
                    1445                     -0.62684728
                  1447.5                     -0.63757521
                    1450                     -0.64974598
                  1452.5                      -0.6645189
                    1455                     -0.68302606
                  1457.5                     -0.70629839
                    1460                     -0.73519362
                  1462.5                     -0.77034572
                    1465                     -0.81212415
                  1467.5                     -0.86061811
                    1470                      -0.9156389
                  1472.5                     -0.97674494
                    1475                      -1.0432942
                  1477.5                      -1.1145156
                    1480                      -1.1896108
                  1482.5                      -1.2678562
                    1485                      -1.3487321
                  1487.5                      -1.4320509
                    1490                      -1.5180613
                  1492.5                      -1.6075556
                    1495                      -1.7019298
                  1497.5                      -1.8032252
                    1500                      -1.9141287
                  1502.5                      -2.0379534
                    1505                      -2.1785954
                  1507.5                      -2.3404912
                    1510                      -2.5285837
                  1512.5                      -2.7483098
                    1515                       -3.005626
                  1517.5                       -3.307086
                    1520                      -3.6599839
                  1522.5                      -4.0725836
                    1525                      -4.5544685
                  1527.5                      -5.1170705
                    1530                      -5.7744468
                  1532.5                      -6.5444721
                    1535                      -7.4507018
                  1537.5                      -8.5254053
                    1540                      -9.8146871
                  1542.5                      -11.387467
                    1545                      -13.351281
                  1547.5                      -15.875114
                    1550                       -19.15809
                  1552.5                      -22.604567
                    1555                      -22.157982
                  1557.5                      -18.577724
                    1560                      -15.438225
                  1562.5                      -13.033205
                    1565                      -11.154829
                  1567.5                      -9.6455488
                    1570                      -8.4056009
                  1572.5                      -7.3706177
                    1575                      -6.4971687
                  1577.5                      -5.7546136
                    1580                      -5.1204169
                  1582.5                      -4.5773602
                    1585                      -4.1118211
                  1587.5                      -3.7126728
                    1590                      -3.3705585
                  1592.5                      -3.0774052
                    1595                      -2.8261044
                  1597.5                      -2.6102962
                    1600                      -2.4242533
                  1602.5                      -2.2627991
                    1605                      -2.1212912
                  1607.5                       -1.995628
                    1610                      -1.8822617
                  1612.5                      -1.7782385
                    1615                      -1.6812012
                  1617.5                      -1.5893934
                    1620                      -1.5016421
                  1622.5                      -1.4172956
                    1625                      -1.3361505
                  1627.5                      -1.2583601
                    1630                      -1.1843311
                  1632.5                      -1.1146059
                    1635                      -1.0497668
                  1637.5                     -0.99034426
                    1640                     -0.93674613
                  1642.5                     -0.88919936
                    1645                     -0.84772001
                  1647.5                     -0.81209497
                    1650                     -0.78189654
                  1652.5                     -0.75650075
                    1655                     -0.73512425
                  1657.5                     -0.71687623
                    1660                     -0.70081825
                  1662.5                     -0.68602352
                    1665                     -0.67163585
                  1667.5                      -0.6569314
                    1670                     -0.64135655
                  1672.5                     -0.62456363
                    1675                     -0.60641581
                  1677.5                     -0.58699205
                    1680                     -0.56655648
                  1682.5                     -0.54552394
                    1685                     -0.52441368
                  1687.5                     -0.50379478
                    1690                      -0.4842345
                  1692.5                     -0.46624562
                    1695                     -0.45024392
                  1697.5                     -0.43652046
                    1700                     -0.42521485
                  1702.5                     -0.41630725
                    1705                     -0.40963176
                  1707.5                     -0.40487871
                    1710                     -0.40163192
                  1712.5                     -0.39940145
                    1715                     -0.39765694
                  1717.5                     -0.39587975
                    1720                     -0.39359534
                  1722.5                      -0.3904135
                    1725                     -0.38606056
                  1727.5                     -0.38038995
                    1730                     -0.37339515
                  1732.5                     -0.36520581
                    1735                     -0.35606771
                  1737.5                     -0.34631616
                    1740                     -0.33635019
                  1742.5                     -0.32658765
                    1745                     -0.31743546
                  1747.5                     -0.30925314
                    1750                     -0.30232381
                  1752.5                     -0.29683184
                    1755                     -0.29285342
                  1757.5                     -0.29034922
                    1760                     -0.28917535
                  1762.5                     -0.28908707
                    1765                     -0.28977272
                  1767.5                     -0.29087277
                    1770                     -0.29201025
                  1772.5                     -0.29282461
                    1775                     -0.29300058
                  1777.5                     -0.29229362
                    1780                     -0.29054552
                  1782.5                     -0.28770153
                    1785                     -0.28380659
                  1787.5                     -0.27900119
                    1790                       -0.273509
                  1792.5                     -0.26761244
                    1795                     -0.26162896
                  1797.5                     -0.25587895
                    1800                     -0.25066493
                  1802.5                     -0.24624266
                    1805                     -0.24280313
                  1807.5                     -0.24045594
                    1810                     -0.23922374
                  1812.5                     -0.23903736
                    1815                     -0.23975509
                  1817.5                     -0.24116039
                    1820                      -0.2429904
                  1822.5                     -0.24495772
                    1825                     -0.24676947
                  1827.5                     -0.24816059
                    1830                     -0.24890369
                  1832.5                     -0.24884204
                    1835                     -0.24788686
                  1837.5                     -0.24603668
                    1840                     -0.24336561
                  1842.5                     -0.24002074
                    1845                     -0.23620758
                  1847.5                      -0.2321704
                    1850                     -0.22817059
                  1852.5                     -0.22446338
                    1855                     -0.22128108
                  1857.5                     -0.21880751
                    1860                     -0.21716789
                  1862.5                     -0.21641684
                    1865                     -0.21653848
                  1867.5                     -0.21744564
                    1870                     -0.21898849
                  1872.5                     -0.22097089
                    1875                     -0.22316138
                  1877.5                      -0.2253187
                    1880                      -0.2272108
                  1882.5                     -0.22862985
                    1885                     -0.22941602
                  1887.5                     -0.22946788
                    1890                     -0.22874695
                  1892.5                      -0.2272846
                    1895                      -0.2251754
                  1897.5                     -0.22256963
                    1900                     -0.21965919
                  1902.5                     -0.21666143
                    1905                       -0.213795
                  1907.5                     -0.21127011
                    1910                     -0.20926378
                  1912.5                     -0.20790959
                    1915                     -0.20728429
                  1917.5                     -0.20740281
                    1920                     -0.20822204
                  1922.5                     -0.20963816
                    1925                     -0.21150119
                  1927.5                     -0.21362486
                    1930                      -0.2158071
                  1932.5                     -0.21784038
                    1935                      -0.2195347
                  1937.5                     -0.22073225
                    1940                     -0.22131864
                  1942.5                     -0.22123617
                    1945                     -0.22048149
                  1947.5                     -0.21911385
                    1950                     -0.21724172
                  1952.5                     -0.21501635
                    1955                     -0.21261944
                  1957.5                     -0.21024138
                    1960                     -0.20807331
                  1962.5                     -0.20628561
                    1965                     -0.20501512
                  1967.5                     -0.20435269
                    1970                     -0.20433938
                  1972.5                     -0.20496083
                    1975                     -0.20615045
                  1977.5                      -0.2077919
                    1980                      -0.2097355
                  1982.5                     -0.21180803
                    1985                     -0.21382212
                  1987.5                     -0.21560556
                    1990                     -0.21699885
                  1992.5                     -0.21788413
                    1995                     -0.21818358
                  1997.5                     -0.21787333
                    2000                     -0.21697982
                  2002.5                     -0.21558001
                    2005                     -0.21379101
                  2007.5                     -0.21176639
                    2010                     -0.20967425
                  2012.5                     -0.20768888
                    2015                     -0.20597238
                  2017.5                     -0.20466267
                    2020                     -0.20386241
                  2022.5                     -0.20363058
                    2025                     -0.20397578
                  2027.5                     -0.20486059
                    2030                     -0.20620044
                  2032.5                     -0.20787027
                    2035                     -0.20972442
                  2037.5                     -0.21159396
                    2040                     -0.21331673
                  2042.5                     -0.21473965
                    2045                     -0.21573827
                  2047.5                     -0.21622454
                    2050                     -0.21615417
                  2052.5                     -0.21552751
                    2055                     -0.21439937
                  2057.5                      -0.2128581
                    2060                     -0.21103138
                  2062.5                     -0.20907141
                    2065                     -0.20713453
                  2067.5                     -0.20537814
                    2070                     -0.20394169
                  2072.5                     -0.20293328
                    2075                     -0.20243082
                  2077.5                     -0.20246093
                    2080                     -0.20300954
                  2082.5                     -0.20401573
                    2085                     -0.20538412
                  2087.5                     -0.20698447
                    2090                      -0.2086695
                  2092.5                     -0.21028486
                    2095                     -0.21168276
                  2097.5                     -0.21273476
                    2100                     -0.21334231
                  2102.5                     -0.21344455
                    2105                     -0.21302536
                  2107.5                     -0.21211225
                    2110                     -0.21077357
                  2112.5                     -0.20911412
                    2115                     -0.20726666
                  2117.5                     -0.20537773
                    2120                      -0.2035957
                  2122.5                     -0.20205927
                    2125                     -0.20088586
                  2127.5                     -0.20016221
                    2130                      -0.1999334
                  2132.5                     -0.20020419
                    2135                     -0.20093789
                  2137.5                     -0.20205742
                    2140                      -0.2034512
                  2142.5                     -0.20498992
                    2145                     -0.20652692
                  2147.5                     -0.20791715
                    2150                     -0.20903124
                  2152.5                     -0.20976089
                    2155                     -0.21003379
                  2157.5                     -0.20981071
                    2160                     -0.20910315
                  2162.5                     -0.20795729
                    2165                     -0.20646033
                  2167.5                     -0.20472562
                    2170                     -0.20288865
                  2172.5                     -0.20109135
                    2175                     -0.19947266
                  2177.5                     -0.19815588
                    2180                     -0.19723571
                  2182.5                     -0.19677577
                    2185                     -0.19679778
                  2187.5                     -0.19728391
                    2190                     -0.19817566
                  2192.5                     -0.19938261
                    2195                     -0.20078537
                  2197.5                     -0.20224781
                    2200                     -0.20363322
                  2202.5                     -0.20480446
                    2205                     -0.20564874
                  2207.5                     -0.20608141
                    2210                     -0.20604908
                  2212.5                     -0.20554024
                    2215                      -0.2045874
                  2217.5                     -0.20325629
                    2220                     -0.20164536
                  2222.5                     -0.19987999
                    2225                     -0.19809543
                  2227.5                     -0.19642901
                    2230                     -0.19500986
                  2232.5                     -0.19394052
                    2235                      -0.1932992
                  2237.5                     -0.19312477
                    2240                     -0.19341792
                  2242.5                     -0.19413889
                    2245                     -0.19521076
                  2247.5                     -0.19652984
                    2250                     -0.19796867
                  2252.5                     -0.19939262
                    2255                     -0.20066693
                  2257.5                     -0.20166834
                    2260                     -0.20230139
                  2262.5                     -0.20249817
                    2265                     -0.20223018
                  2267.5                     -0.20150959
                    2270                     -0.20038507
                  2272.5                     -0.19894286
                    2275                     -0.19729421
                  2277.5                      -0.1955692
                    2280                     -0.19390186
                  2282.5                     -0.19242535
                    2285                     -0.19125326
                  2287.5                     -0.19047526
                    2290                     -0.19014452
                  2292.5                     -0.19028009
                    2295                     -0.19085961
                  2297.5                     -0.19182431
                    2300                     -0.19307907
                  2302.5                     -0.19451053
                    2305                     -0.19598339
                  2307.5                     -0.19736338
                    2310                     -0.19852427
                  2312.5                     -0.19935482
                    2315                     -0.19977711
                  2317.5                     -0.19974433
                    2320                     -0.19924791
                  2322.5                     -0.19832444
                    2325                     -0.19704234
                  2327.5                      -0.1955034
                    2330                     -0.19382953
                  2332.5                     -0.19215477
                    2335                     -0.19061483
                  2337.5                     -0.18933185
                    2340                     -0.18840829
                  2342.5                     -0.18791245
                    2345                     -0.18788425
                  2347.5                     -0.18831333
                    2350                     -0.18915919
                  2352.5                     -0.19034388
                    2355                     -0.19175648
                  2357.5                     -0.19327219
                    2360                     -0.19475315
                  2362.5                     -0.19606957
                    2365                     -0.19710024
                  2367.5                     -0.19775022
                    2370                      -0.1979576
                  2372.5                     -0.19769934
                    2375                     -0.19699066
                  2377.5                     -0.19588658
                    2380                     -0.19447638
                  2382.5                     -0.19287617
                    2385                     -0.19121722
                  2387.5                     -0.18963771
                    2390                     -0.18826905
                  2392.5                     -0.18722462
                    2395                     -0.18659013
                  2397.5                     -0.18641762
                    2400                      -0.1867195
                  2402.5                     -0.18746935
                    2405                     -0.18860263
                  2407.5                      -0.1900206
                    2410                     -0.19160096
                  2412.5                     -0.19320764
                    2415                     -0.19470286
                  2417.5                     -0.19595655
                    2420                     -0.19685956
                  2422.5                     -0.19733462
                    2425                     -0.19733803
                  2427.5                     -0.19686856
                    2430                     -0.19596414
                  2432.5                     -0.19470266
                    2435                     -0.19319112
                  2437.5                     -0.19155915
                    2440                     -0.18994575
                  2442.5                     -0.18849142
                    2445                     -0.18732076
                  2447.5                     -0.18653498
                    2450                     -0.18620498
                  2452.5                     -0.18636118
                    2455                     -0.18699334
                  2457.5                     -0.18805315
                    2460                     -0.18945061
                  2462.5                     -0.19107256
                    2465                     -0.19278199
                  2467.5                     -0.19443479
                    2470                     -0.19589415
                  2472.5                     -0.19703616
                    2475                     -0.19776442
                  2477.5                     -0.19801779
                    2480                      -0.1977774
                  2482.5                     -0.19706311
                    2485                     -0.19594002
                  2487.5                     -0.19450609
                    2490                     -0.19288767
                  2492.5                     -0.19122437
                    2495                     -0.18966543
                  2497.5                     -0.18834869
                    2500                     -0.18739079
                  2502.5                     -0.18688151
                    2505                     -0.18687001
                  2507.5                     -0.18736694
                    2510                     -0.18833612
                  2512.5                     -0.18970491
                    2515                     -0.19136282
                  2517.5                      -0.1931775
                    2520                     -0.19500096
                  2522.5                     -0.19668349
                    2525                     -0.19808876
                  2527.5                     -0.19910335
                    2530                     -0.19964388
                  2532.5                     -0.19967278
                    2535                     -0.19919142
                  2537.5                     -0.19824891
                    2540                     -0.19693367
                  2542.5                     -0.19536495
                    2545                     -0.19368669
                  2547.5                     -0.19205168
                    2550                     -0.19061049
                  2552.5                     -0.18949881
                    2555                     -0.18882453
                  2557.5                     -0.18865709
                    2560                     -0.18902743
                  2562.5                     -0.18991788
                    2565                     -0.19126762
                  2567.5                     -0.19297708
                    2570                      -0.1949154
                  2572.5                     -0.19693164
                    2575                      -0.1988659
                  2577.5                     -0.20056705
                    2580                     -0.20190343
                  2582.5                      -0.2027691
                    2585                     -0.20310366
                  2587.5                     -0.20288989
                    2590                      -0.2021593
                  2592.5                      -0.2009851
                    2595                     -0.19948279
                  2597.5                     -0.19779551
                    2600                     -0.19608232
                  2602.5                      -0.1945082
                    2605                     -0.19322362
                  2607.5                     -0.19235816
                    2610                     -0.19200667
                  2612.5                     -0.19222061
                    2615                     -0.19300314
                  2617.5                     -0.19431049
                    2620                     -0.19605542
                  2622.5                     -0.19810707
                    2625                     -0.20031659
                  2627.5                     -0.20251582
                    2630                     -0.20453597
                  2632.5                     -0.20622428
                    2635                     -0.20745597
                  2637.5                     -0.20814487
                    2640                        -0.20825
                  2642.5                      -0.2077829
                    2645                     -0.20680529
                  2647.5                      -0.2054199
                    2650                     -0.20377003
                  2652.5                      -0.2020214
                    2655                     -0.20035069
                  2657.5                     -0.19892838
                    2660                     -0.19790652
                  2662.5                     -0.19740531
                    2665                     -0.19749975
                  2667.5                     -0.19821953
                    2670                     -0.19953824
                  2672.5                     -0.20138234
                    2675                     -0.20362987
                  2677.5                     -0.20612928
                    2680                     -0.20870413
                  2682.5                     -0.21116962
                    2685                     -0.21335353
                  2687.5                     -0.21510514
                    2690                     -0.21631073
                  2692.5                     -0.21690249
                    2695                     -0.21686901
                  2697.5                     -0.21625176
                    2700                     -0.21514467
                  2702.5                     -0.21368499
                    2705                     -0.21204413
                  2707.5                     -0.21040992
                    2710                     -0.20897365
                  2712.5                     -0.20791057
                    2715                     -0.20736822
                  2717.5                     -0.20745316
                    2720                     -0.20821971
                  2722.5                     -0.20966592
                    2725                     -0.21173338
                  2727.5                     -0.21431341
                    2730                     -0.21725276
                  2732.5                     -0.22036822
                    2735                     -0.22346064
                  2737.5                      -0.2263328
                    2740                     -0.22880742
                  2742.5                     -0.23073978
                    2745                     -0.23203284
                  2747.5                     -0.23264456
                    2750                     -0.23259654
                  2752.5                     -0.23196409
                    2755                     -0.23088062
                  2757.5                     -0.22951697
                    2760                     -0.22807465
                  2762.5                     -0.22676395
                    2765                      -0.2257888
                  2767.5                     -0.22532553
                    2770                     -0.22551414
                  2772.5                     -0.22644121
                    2775                     -0.22813092
                  2777.5                     -0.23054834
                    2780                     -0.23359608
                  2782.5                     -0.23712576
                    2785                     -0.24094827
                  2787.5                     -0.24484825
                    2790                     -0.24860361
                  2792.5                     -0.25200552
                    2795                       -0.254872
                  2797.5                     -0.25707358
                    2800                     -0.25853252
                  2802.5                     -0.25923821
                    2805                     -0.25924933
                  2807.5                     -0.25868292
                    2810                     -0.25771335
                  2812.5                     -0.25654962
                    2815                     -0.25542199
                  2817.5                     -0.25456218
                    2820                     -0.25418351
                  2822.5                     -0.25445984
                    2825                     -0.25551504
                  2827.5                     -0.25740811
                    2830                     -0.26013006
                  2832.5                     -0.26360207
                    2835                     -0.26768234
                  2837.5                      -0.2721789
                    2840                     -0.27685929
                  2842.5                     -0.28147655
                    2845                       -0.285789
                  2847.5                      -0.2895759
                    2850                     -0.29266095
                  2852.5                     -0.29493024
                    2855                     -0.29633675
                  2857.5                     -0.29691205
                    2860                     -0.29675766
                  2862.5                     -0.29604128
                    2865                      -0.2949834
                  2867.5                     -0.29383475
                    2870                     -0.29285753
                  2872.5                     -0.29230483
                    2875                     -0.29239409
                  2877.5                     -0.29329508
                    2880                     -0.29510852
                  2882.5                     -0.29785896
                    2885                     -0.30149744
                  2887.5                      -0.3058949
                    2890                     -0.31086078
                  2892.5                     -0.31615071
                    2895                     -0.32149453
                  2897.5                     -0.32661424
                    2900                     -0.33124537
                  2902.5                     -0.33516715
                    2905                     -0.33821699
                  2907.5                     -0.34030665
                    2910                      -0.3414309
                  2912.5                     -0.34167161
                    2915                     -0.34118674
                  2917.5                     -0.34020136
                    2920                     -0.33899056
                  2922.5                     -0.33784821
                    2925                     -0.33707177
                  2927.5                     -0.33693059
                    2930                     -0.33764691
                  2932.5                     -0.33937524
                    2935                     -0.34218712
                  2937.5                     -0.34606846
                    2940                     -0.35091504
                  2942.5                      -0.3565453
                    2945                     -0.36271036
                  2947.5                     -0.36911508
                    2950                      -0.3754464
                  2952.5                     -0.38139379
                    2955                     -0.38668296
                  2957.5                     -0.39109374
                    2960                     -0.39448596
                  2962.5                     -0.39680874
                    2965                     -0.39811175
                  2967.5                     -0.39853455
                    2970                     -0.39830277
                  2972.5                     -0.39770476
                    2975                     -0.39707369
                  2977.5                     -0.39675098
                    2980                     -0.39706614
                  2982.5                     -0.39830308
                    2985                     -0.40068239
                  2987.5                     -0.40433512
                    2990                     -0.40929656
                  2992.5                     -0.41550131
                    2995                     -0.42278628
                  2997.5                     -0.43090565
                    3000                     -0.43954765

