        Frequency / MHz                S1,1/abs,dB
----------------------------------------------------------------------
                     500                    -0.027193545
                   502.5                    -0.030341856
                     505                    -0.033509534
                   507.5                    -0.036694329
                     510                    -0.039893952
                   512.5                    -0.043104176
                     515                    -0.046323371
                   517.5                    -0.049548928
                     520                    -0.052777744
                   522.5                    -0.056007903
                     525                    -0.059236809
                   527.5                     -0.06246277
                     530                    -0.065681674
                   532.5                     -0.06889222
                     535                    -0.072092826
                   537.5                    -0.075280433
                     540                    -0.078454059
                   542.5                    -0.081610067
                     545                    -0.084748384
                   547.5                    -0.087864613
                     550                    -0.090959519
                   552.5                    -0.094030547
                     555                    -0.097075762
                   557.5                      -0.1000927
                     560                     -0.10308048
                   562.5                     -0.10603863
                     565                     -0.10896522
                   567.5                     -0.11185783
                     570                     -0.11471705
                   572.5                     -0.11753969
                     575                     -0.12032635
                   577.5                     -0.12307525
                     580                     -0.12578472
                   582.5                     -0.12845565
                     585                     -0.13108598
                   587.5                     -0.13367454
                     590                     -0.13622246
                   592.5                     -0.13872659
                     595                     -0.14118845
                   597.5                       -0.143607
                     600                     -0.14598097
                   602.5                     -0.14831153
                     605                     -0.15059688
                   607.5                     -0.15283763
                     610                     -0.15503231
                   612.5                     -0.15718273
                     615                     -0.15928841
                   617.5                     -0.16134875
                     620                     -0.16336426
                   622.5                     -0.16533333
                     625                     -0.16725955
                   627.5                     -0.16913999
                     630                     -0.17097591
                   632.5                     -0.17276803
                     635                     -0.17451739
                   637.5                     -0.17622269
                     640                     -0.17788504
                   642.5                     -0.17950551
                     645                     -0.18108456
                   647.5                     -0.18262234
                     650                     -0.18411935
                   652.5                     -0.18557618
                     655                     -0.18699526
                   657.5                     -0.18837533
                     660                     -0.18971766
                   662.5                       -0.191023
                     665                     -0.19229174
                   667.5                     -0.19352666
                     670                     -0.19472712
                   672.5                     -0.19589358
                     675                     -0.19702758
                   677.5                     -0.19813022
                     680                     -0.19920306
                   682.5                     -0.20024466
                     685                     -0.20126008
                   687.5                     -0.20224733
                     690                     -0.20320717
                   692.5                     -0.20414095
                     695                     -0.20505168
                   697.5                     -0.20593809
                     700                     -0.20680282
                   702.5                     -0.20764717
                     705                      -0.2084706
                   707.5                     -0.20927508
                     710                     -0.21006141
                   712.5                     -0.21083126
                     715                     -0.21158514
                   717.5                     -0.21232485
                     720                     -0.21305053
                   722.5                     -0.21376358
                     725                     -0.21446591
                   727.5                     -0.21515726
                     730                     -0.21583963
                   732.5                     -0.21651426
                     735                       -0.217181
                   737.5                     -0.21784191
                     740                     -0.21849769
                   742.5                     -0.21914923
                     745                     -0.21979796
                   747.5                     -0.22044486
                     750                     -0.22109036
                   752.5                     -0.22173602
                     755                     -0.22238194
                   757.5                     -0.22302957
                     760                      -0.2236802
                   762.5                     -0.22433526
                     765                     -0.22499405
                   767.5                     -0.22565783
                     770                     -0.22632745
                   772.5                     -0.22700464
                     775                     -0.22768835
                   777.5                     -0.22838229
                     780                     -0.22908405
                   782.5                     -0.22979619
                     785                     -0.23051933
                   787.5                     -0.23125282
                     790                     -0.23199965
                   792.5                     -0.23275816
                     795                     -0.23353097
                   797.5                     -0.23431655
                     800                     -0.23511686
                   802.5                     -0.23593215
                     805                      -0.2367631
                   807.5                     -0.23760963
                     810                     -0.23847235
                   812.5                     -0.23935273
                     815                     -0.24024992
                   817.5                     -0.24116401
                     820                     -0.24209708
                   822.5                     -0.24304915
                     825                     -0.24401795
                   827.5                     -0.24500614
                     830                     -0.24601399
                   832.5                     -0.24704044
                     835                     -0.24808709
                   837.5                     -0.24915333
                     840                      -0.2502394
                   842.5                     -0.25134563
                     845                     -0.25247151
                   847.5                     -0.25361643
                     850                     -0.25478362
                   852.5                     -0.25596975
                     855                     -0.25717582
                   857.5                     -0.25840223
                     860                     -0.25964833
                   862.5                     -0.26091556
                     865                     -0.26220219
                   867.5                     -0.26350745
                     870                     -0.26483278
                   872.5                      -0.2661778
                     875                     -0.26754078
                   877.5                     -0.26892499
                     880                     -0.27032594
                   882.5                     -0.27174577
                     885                     -0.27318308
                   887.5                     -0.27463833
                     890                     -0.27611111
                   892.5                      -0.2776012
                     895                     -0.27910649
                   897.5                     -0.28062986
                     900                     -0.28216796
                   902.5                     -0.28372088
                     905                     -0.28528886
                   907.5                     -0.28687129
                     910                      -0.2884677
                   912.5                     -0.29007785
                     915                     -0.29169947
                   917.5                     -0.29333425
                     920                     -0.29498026
                   922.5                     -0.29663681
                     925                     -0.29830444
                   927.5                     -0.29998166
                     930                     -0.30166875
                   932.5                     -0.30336292
                     935                     -0.30506576
                   937.5                     -0.30677526
                     940                     -0.30849163
                   942.5                     -0.31021413
                     945                     -0.31194064
                   947.5                     -0.31367262
                     950                     -0.31540766
                   952.5                     -0.31714581
                     955                     -0.31888585
                   957.5                     -0.32062807
                     960                     -0.32236969
                   962.5                      -0.3241128
                     965                     -0.32585368
                   967.5                     -0.32759347
                     970                     -0.32933164
                   972.5                     -0.33106586
                     975                     -0.33279621
                   977.5                     -0.33452237
                     980                     -0.33624292
                   982.5                     -0.33795726
                     985                     -0.33966544
                   987.5                     -0.34136393
                     990                     -0.34305567
                   992.5                     -0.34473754
                     995                     -0.34641027
                   997.5                     -0.34807075
                    1000                     -0.34972046
                  1002.5                     -0.35135825
                    1005                     -0.35298346
                  1007.5                     -0.35459447
                    1010                     -0.35619171
                  1012.5                     -0.35777366
                    1015                     -0.35934042
                  1017.5                     -0.36089014
                    1020                      -0.3624228
                  1022.5                     -0.36393777
                    1025                     -0.36543468
                  1027.5                     -0.36691407
                    1030                      -0.3683719
                  1032.5                     -0.36980984
                    1035                     -0.37122775
                  1037.5                      -0.3726242
                    1040                     -0.37399885
                  1042.5                     -0.37535174
                    1045                     -0.37668201
                  1047.5                     -0.37798774
                    1050                     -0.37927158
                  1052.5                     -0.38052965
                    1055                     -0.38176345
                  1057.5                     -0.38297276
                    1060                     -0.38415711
                  1062.5                     -0.38531455
                    1065                     -0.38644642
                  1067.5                     -0.38755264
                    1070                     -0.38863225
                  1072.5                     -0.38968438
                    1075                     -0.39070945
                  1077.5                     -0.39170762
                    1080                     -0.39267843
                  1082.5                     -0.39362091
                    1085                     -0.39453656
                  1087.5                     -0.39542375
                    1090                     -0.39628296
                  1092.5                     -0.39711471
                    1095                     -0.39791811
                  1097.5                      -0.3986929
                    1100                     -0.39944082
                  1102.5                     -0.40015924
                    1105                     -0.40085063
                  1107.5                     -0.40151402
                    1110                     -0.40215112
                  1112.5                     -0.40275873
                    1115                     -0.40333936
                  1117.5                      -0.4038931
                    1120                     -0.40441991
                  1122.5                     -0.40492022
                    1125                     -0.40539283
                  1127.5                     -0.40584159
                    1130                     -0.40626371
                  1132.5                     -0.40665914
                    1135                     -0.40703045
                  1137.5                     -0.40737747
                    1140                     -0.40770008
                  1142.5                     -0.40799806
                    1145                     -0.40827386
                  1147.5                     -0.40852617
                    1150                      -0.4087562
                  1152.5                     -0.40896405
                    1155                     -0.40915125
                  1157.5                     -0.40931723
                    1160                     -0.40946366
                  1162.5                     -0.40958988
                    1165                     -0.40969717
                  1167.5                     -0.40978599
                    1170                     -0.40985852
                  1172.5                     -0.40991362
                    1175                     -0.40995127
                  1177.5                     -0.40997372
                    1180                     -0.40998249
                  1182.5                     -0.40997556
                    1185                     -0.40995627
                  1187.5                     -0.40992408
                    1190                     -0.40987862
                  1192.5                     -0.40982233
                    1195                      -0.4097566
                  1197.5                     -0.40968021
                    1200                     -0.40959618
                  1202.5                     -0.40950387
                    1205                     -0.40940282
                  1207.5                     -0.40929564
                    1210                     -0.40918247
                  1212.5                     -0.40906455
                    1215                      -0.4089438
                  1217.5                      -0.4088183
                    1220                     -0.40869134
                  1222.5                     -0.40856078
                    1225                     -0.40843011
                  1227.5                     -0.40829948
                    1230                     -0.40816979
                  1232.5                     -0.40803991
                    1235                     -0.40791359
                  1237.5                     -0.40778993
                    1240                     -0.40766899
                  1242.5                     -0.40755303
                    1245                     -0.40744273
                  1247.5                     -0.40733729
                    1250                     -0.40723797
                  1252.5                     -0.40714735
                    1255                     -0.40706356
                  1257.5                     -0.40698825
                    1260                     -0.40692223
                  1262.5                      -0.4068662
                    1265                     -0.40682192
                  1267.5                      -0.4067867
                    1270                     -0.40676363
                  1272.5                     -0.40675393
                    1275                     -0.40675645
                  1277.5                     -0.40677241
                    1280                     -0.40680273
                  1282.5                     -0.40684784
                    1285                     -0.40690651
                  1287.5                     -0.40698148
                    1290                     -0.40707203
                  1292.5                     -0.40717873
                    1295                     -0.40730269
                  1297.5                     -0.40744261
                    1300                     -0.40760086
                  1302.5                     -0.40777626
                    1305                     -0.40796983
                  1307.5                       -0.408181
                    1310                      -0.4084109
                  1312.5                     -0.40865962
                    1315                      -0.4089278
                  1317.5                     -0.40921425
                    1320                     -0.40952104
                  1322.5                     -0.40984573
                    1325                     -0.41019164
                  1327.5                     -0.41055597
                    1330                      -0.4109409
                  1332.5                     -0.41134443
                    1335                      -0.4117675
                  1337.5                     -0.41221131
                    1340                     -0.41267403
                  1342.5                     -0.41315613
                    1345                     -0.41365815
                  1347.5                     -0.41417927
                    1350                     -0.41472003
                  1352.5                     -0.41527908
                    1355                     -0.41585726
                  1357.5                      -0.4164538
                    1360                     -0.41706853
                  1362.5                     -0.41770181
                    1365                     -0.41835323
                  1367.5                     -0.41902129
                    1370                     -0.41970755
                  1372.5                     -0.42041066
                    1375                     -0.42113002
                  1377.5                     -0.42186522
                    1380                     -0.42261722
                  1382.5                     -0.42338367
                    1385                     -0.42416483
                  1387.5                     -0.42496098
                    1390                     -0.42577143
                  1392.5                     -0.42659494
                    1395                     -0.42743224
                  1397.5                     -0.42828149
                    1400                     -0.42914281
                  1402.5                      -0.4300161
                    1405                     -0.43090006
                  1407.5                     -0.43179528
                    1410                      -0.4326996
                  1412.5                     -0.43361412
                    1415                     -0.43453639
                  1417.5                     -0.43546676
                    1420                     -0.43640547
                  1422.5                     -0.43735219
                    1425                     -0.43830337
                  1427.5                     -0.43926199
                    1430                     -0.44022501
                  1432.5                     -0.44119377
                    1435                     -0.44216617
                  1437.5                     -0.44314191
                    1440                     -0.44412056
                  1442.5                     -0.44510225
                    1445                     -0.44608597
                  1447.5                     -0.44707074
                    1450                     -0.44805602
                  1452.5                     -0.44904135
                    1455                     -0.45002779
                  1457.5                     -0.45101204
                    1460                     -0.45199407
                  1462.5                     -0.45297595
                    1465                     -0.45395437
                  1467.5                     -0.45493013
                    1470                     -0.45590323
                  1472.5                      -0.4568718
                    1475                     -0.45783667
                  1477.5                     -0.45879658
                    1480                     -0.45975284
                  1482.5                     -0.46070217
                    1485                     -0.46164683
                  1487.5                     -0.46258498
                    1490                     -0.46351649
                  1492.5                     -0.46444175
                    1495                     -0.46535988
                  1497.5                     -0.46627139
                    1500                     -0.46717424
                  1502.5                     -0.46807165
                    1505                     -0.46896076
                  1507.5                     -0.46984214
                    1510                     -0.47071456
                  1512.5                     -0.47157992
                    1515                     -0.47243636
                  1517.5                     -0.47328545
                    1520                     -0.47412574
                  1522.5                     -0.47495915
                    1525                     -0.47578346
                  1527.5                     -0.47660067
                    1530                     -0.47740958
                  1532.5                     -0.47821121
                    1535                      -0.4790049
                  1537.5                     -0.47979237
                    1540                      -0.4805724
                  1542.5                     -0.48134516
                    1545                     -0.48211234
                  1547.5                     -0.48287322
                    1550                     -0.48362815
                  1552.5                     -0.48437846
                    1555                     -0.48512285
                  1557.5                     -0.48586364
                    1560                     -0.48660066
                  1562.5                     -0.48733398
                    1565                     -0.48806442
                  1567.5                     -0.48879263
                    1570                     -0.48951883
                  1572.5                     -0.49024567
                    1575                     -0.49097013
                  1577.5                      -0.4916961
                    1580                     -0.49242297
                  1582.5                      -0.4931508
                    1585                     -0.49388177
                  1587.5                       -0.494616
                    1590                     -0.49535445
                  1592.5                     -0.49609757
                    1595                     -0.49684638
                  1597.5                     -0.49760262
                    1600                     -0.49836542
                  1602.5                     -0.49913761
                    1605                     -0.49991893
                  1607.5                     -0.50070996
                    1610                     -0.50151308
                  1612.5                     -0.50232884
                    1615                     -0.50315697
                  1617.5                     -0.50400088
                    1620                     -0.50485947
                  1622.5                     -0.50573393
                    1625                     -0.50662552
                  1627.5                     -0.50753634
                    1630                     -0.50846621
                  1632.5                     -0.50941674
                    1635                     -0.51038904
                  1637.5                     -0.51138497
                    1640                      -0.5124044
                  1642.5                     -0.51344845
                    1645                     -0.51451942
                  1647.5                     -0.51561607
                    1650                     -0.51674262
                  1652.5                     -0.51789715
                    1655                     -0.51908208
                  1657.5                         -0.5203
                    1660                     -0.52154951
                  1662.5                     -0.52283265
                    1665                     -0.52415143
                  1667.5                     -0.52550576
                    1670                     -0.52689605
                  1672.5                     -0.52832488
                    1675                     -0.52979277
                  1677.5                     -0.53130019
                    1680                     -0.53284938
                  1682.5                     -0.53443915
                    1685                     -0.53607369
                  1687.5                      -0.5377509
                    1690                       -0.539472
                  1692.5                     -0.54124042
                    1695                     -0.54305595
                  1697.5                     -0.54491787
                    1700                     -0.54682841
                  1702.5                     -0.54878839
                    1705                      -0.5507978
                  1707.5                     -0.55285829
                    1710                     -0.55497072
                  1712.5                     -0.55713669
                    1715                     -0.55935397
                  1717.5                      -0.5616269
                    1720                     -0.56395265
                  1722.5                     -0.56633577
                    1725                     -0.56877277
                  1727.5                     -0.57126734
                    1730                     -0.57381874
                  1732.5                     -0.57642726
                    1735                     -0.57909339
                  1737.5                     -0.58181959
                    1740                     -0.58460275
                  1742.5                     -0.58744844
                    1745                      -0.5903525
                  1747.5                     -0.59331683
                    1750                     -0.59634222
                  1752.5                      -0.5994274
                    1755                     -0.60257662
                  1757.5                     -0.60578509
                    1760                     -0.60905768
                  1762.5                     -0.61239072
                    1765                     -0.61578648
                  1767.5                     -0.61924602
                    1770                     -0.62276628
                  1772.5                     -0.62635112
                    1775                     -0.62999873
                  1777.5                     -0.63370939
                    1780                     -0.63748194
                  1782.5                     -0.64132045
                    1785                     -0.64522096
                  1787.5                     -0.64918469
                    1790                     -0.65321188
                  1792.5                     -0.65730137
                    1795                     -0.66145569
                  1797.5                     -0.66567169
                    1800                     -0.66995296
                  1802.5                     -0.67429561
                    1805                      -0.6787026
                  1807.5                     -0.68317224
                    1810                     -0.68770314
                  1812.5                     -0.69230022
                    1815                     -0.69695666
                  1817.5                      -0.7016786
                    1820                     -0.70646129
                  1822.5                     -0.71130602
                    1825                     -0.71621375
                  1827.5                     -0.72118369
                    1830                     -0.72621722
                  1832.5                     -0.73131016
                    1835                     -0.73646637
                  1837.5                     -0.74168431
                    1840                     -0.74696494
                  1842.5                      -0.7523072
                    1845                     -0.75771097
                  1847.5                     -0.76317603
                    1850                     -0.76870345
                  1852.5                     -0.77429411
                    1855                     -0.77994471
                  1857.5                     -0.78565899
                    1860                     -0.79143492
                  1862.5                     -0.79727166
                    1865                     -0.80317288
                  1867.5                      -0.8091374
                    1870                     -0.81516372
                  1872.5                     -0.82125628
                    1875                     -0.82741027
                  1877.5                     -0.83362776
                    1880                     -0.83991137
                  1882.5                     -0.84626121
                    1885                     -0.85267561
                  1887.5                     -0.85915689
                    1890                     -0.86570494
                  1892.5                     -0.87232129
                    1895                      -0.8790058
                  1897.5                      -0.8857595
                    1900                     -0.89258511
                  1902.5                     -0.89948119
                    1905                     -0.90644911
                  1907.5                     -0.91349276
                    1910                     -0.92060858
                  1912.5                     -0.92780369
                    1915                     -0.93507484
                  1917.5                     -0.94242407
                    1920                     -0.94985544
                  1922.5                     -0.95736909
                    1925                     -0.96496429
                  1927.5                     -0.97264683
                    1930                      -0.9804166
                  1932.5                     -0.98827696
                    1935                     -0.99622688
                  1937.5                      -1.0042723
                    1940                      -1.0124137
                  1942.5                      -1.0206527
                    1945                      -1.0289915
                  1947.5                      -1.0374352
                    1950                      -1.0459841
                  1952.5                      -1.0546406
                    1955                      -1.0634107
                  1957.5                      -1.0722947
                    1960                      -1.0812952
                  1962.5                      -1.0904175
                    1965                      -1.0996641
                  1967.5                      -1.1090375
                    1970                      -1.1185421
                  1972.5                      -1.1281811
                    1975                      -1.1379585
                  1977.5                      -1.1478759
                    1980                      -1.1579423
                  1982.5                      -1.1681574
                    1985                      -1.1785268
                  1987.5                      -1.1890542
                    1990                      -1.1997437
                  1992.5                      -1.2106028
                    1995                      -1.2216326
                  1997.5                      -1.2328398
                    2000                      -1.2442274
                  2002.5                      -1.2558013
                    2005                      -1.2675672
                  2007.5                      -1.2795315
                    2010                       -1.291696
                  2012.5                      -1.3040687
                    2015                       -1.316654
                  2017.5                      -1.3294579
                    2020                      -1.3424846
                  2022.5                      -1.3557435
                    2025                      -1.3692388
                  2027.5                       -1.382976
                    2030                      -1.3969604
                  2032.5                      -1.4112012
                    2035                      -1.4257029
                  2037.5                      -1.4404724
                    2040                      -1.4555167
                  2042.5                      -1.4708399
                    2045                       -1.486453
                  2047.5                      -1.5023619
                    2050                      -1.5185715
                  2052.5                      -1.5350891
                    2055                      -1.5519262
                  2057.5                      -1.5690869
                    2060                      -1.5865766
                  2062.5                      -1.6044079
                    2065                      -1.6225843
                  2067.5                      -1.6411168
                    2070                      -1.6600125
                  2072.5                      -1.6792769
                    2075                       -1.698921
                  2077.5                      -1.7189533
                    2080                      -1.7393802
                  2082.5                      -1.7602106
                    2085                      -1.7814556
                  2087.5                      -1.8031201
                    2090                      -1.8252156
                  2092.5                      -1.8477493
                    2095                      -1.8707318
                  2097.5                      -1.8941712
                    2100                      -1.9180763
                  2102.5                      -1.9424586
                    2105                      -1.9673263
                  2107.5                      -1.9926877
                    2110                      -2.0185538
                  2112.5                       -2.044934
                    2115                      -2.0718399
                  2117.5                      -2.0992791
                    2120                      -2.1272618
                  2122.5                      -2.1558006
                    2125                      -2.1849022
                  2127.5                      -2.2145823
                    2130                      -2.2448455
                  2132.5                      -2.2757071
                    2135                      -2.3071764
                  2137.5                      -2.3392649
                    2140                      -2.3719825
                  2142.5                      -2.4053404
                    2145                      -2.4393509
                  2147.5                      -2.4740265
                    2150                      -2.5093776
                  2152.5                      -2.5454154
                    2155                      -2.5821526
                  2157.5                      -2.6196001
                    2160                       -2.657773
                  2162.5                      -2.6966801
                    2165                      -2.7363366
                  2167.5                      -2.7767542
                    2170                      -2.8179448
                  2172.5                      -2.8599238
                    2175                      -2.9027023
                  2177.5                      -2.9462931
                    2180                      -2.9907114
                  2182.5                      -3.0359716
                    2185                      -3.0820851
                  2187.5                      -3.1290662
                    2190                      -3.1769303
                  2192.5                      -3.2256928
                    2195                      -3.2753659
                  2197.5                      -3.3259646
                    2200                      -3.3775065
                  2202.5                      -3.4300039
                    2205                      -3.4834737
                  2207.5                      -3.5379314
                    2210                      -3.5933915
                  2212.5                      -3.6498715
                    2215                      -3.7073875
                  2217.5                      -3.7659558
                    2220                      -3.8255929
                  2222.5                      -3.8863159
                    2225                      -3.9481427
                  2227.5                      -4.0110884
                    2230                      -4.0751732
                  2232.5                      -4.1404136
                    2235                      -4.2068279
                  2237.5                      -4.2744354
                    2240                      -4.3432526
                  2242.5                      -4.4133006
                    2245                      -4.4845974
                  2247.5                      -4.5571627
                    2250                      -4.6310143
                  2252.5                      -4.7061737
                    2255                      -4.7826604
                  2257.5                      -4.8604937
                    2260                      -4.9396943
                  2262.5                      -5.0202831
                    2265                      -5.1022799
                  2267.5                      -5.1857063
                    2270                      -5.2705812
                  2272.5                      -5.3569282
                    2275                      -5.4447669
                  2277.5                      -5.5341169
                    2280                      -5.6249997
                  2282.5                      -5.7174364
                    2285                      -5.8114486
                  2287.5                      -5.9070558
                    2290                      -6.0042768
                  2292.5                      -6.1031353
                    2295                      -6.2036464
                  2297.5                      -6.3058312
                    2300                      -6.4097081
                  2302.5                      -6.5152932
                    2305                      -6.6226041
                  2307.5                      -6.7316556
                    2310                      -6.8424634
                  2312.5                      -6.9550387
                    2315                      -7.0693937
                  2317.5                      -7.1855366
                    2320                      -7.3034756
                  2322.5                      -7.4232161
                    2325                      -7.5447577
                  2327.5                      -7.6681019
                    2330                        -7.79324
                  2332.5                      -7.9201666
                    2335                      -8.0488671
                  2337.5                      -8.1793214
                    2340                      -8.3115083
                  2342.5                      -8.4453937
                    2345                      -8.5809414
                  2347.5                      -8.7181036
                    2350                       -8.856827
                  2352.5                      -8.9970456
                    2355                      -9.1386826
                  2357.5                      -9.2816519
                    2360                      -9.4258493
                  2362.5                      -9.5711596
                    2365                      -9.7174498
                  2367.5                      -9.8645677
                    2370                      -10.012343
                  2372.5                      -10.160587
                    2375                      -10.309083
                  2377.5                      -10.457592
                    2380                      -10.605852
                  2382.5                      -10.753568
                    2385                      -10.900416
                  2387.5                      -11.046048
                    2390                      -11.190075
                  2392.5                       -11.33208
                    2395                      -11.471617
                  2397.5                      -11.608203
                    2400                      -11.741321
                  2402.5                      -11.870434
                    2405                      -11.994973
                  2407.5                      -12.114343
                    2410                      -12.227941
                  2412.5                      -12.335147
                    2415                      -12.435337
                  2417.5                      -12.527896
                    2420                      -12.612221
                  2422.5                      -12.687736
                    2425                      -12.753902
                  2427.5                      -12.810227
                    2430                      -12.856276
                  2432.5                      -12.891681
                    2435                      -12.916159
                  2437.5                      -12.929505
                    2440                      -12.931604
                  2442.5                      -12.922441
                    2445                      -12.902085
                  2447.5                      -12.870707
                    2450                      -12.828556
                  2452.5                      -12.775969
                    2455                      -12.713353
                  2457.5                      -12.641175
                    2460                       -12.55996
                  2462.5                       -12.47027
                    2465                        -12.3727
                  2467.5                      -12.267862
                    2470                       -12.15638
                  2472.5                      -12.038876
                    2475                      -11.915962
                  2477.5                      -11.788243
                    2480                      -11.656295
                  2482.5                      -11.520675
                    2485                      -11.381911
                  2487.5                      -11.240499
                    2490                      -11.096906
                  2492.5                      -10.951561
                    2495                      -10.804869
                  2497.5                      -10.657192
                    2500                      -10.508869
                  2502.5                       -10.36021
                    2505                      -10.211491
                  2507.5                       -10.06296
                    2510                      -9.9148477
                  2512.5                      -9.7673547
                    2515                      -9.6206618
                  2517.5                      -9.4749278
                    2520                      -9.3302969
                  2522.5                      -9.1868925
                    2525                      -9.0448236
                  2527.5                      -8.9041862
                    2530                      -8.7650618
                  2532.5                      -8.6275233
                    2535                      -8.4916294
                  2537.5                      -8.3574309
                    2540                      -8.2249714
                  2542.5                      -8.0942867
                    2545                      -7.9654022
                  2547.5                      -7.8383435
                    2550                      -7.7131236
                  2552.5                      -7.5897566
                    2555                      -7.4682495
                  2557.5                      -7.3486056
                    2560                      -7.2308269
                  2562.5                      -7.1149088
                    2565                      -7.0008468
                  2567.5                      -6.8886318
                    2570                      -6.7782587
                  2572.5                      -6.6697104
                    2575                      -6.5629763
                  2577.5                      -6.4580426
                    2580                      -6.3548931
                  2582.5                      -6.2535122
                    2585                      -6.1538809
                  2587.5                       -6.055982
                    2590                      -5.9597952
                  2592.5                      -5.8653035
                    2595                      -5.7724861
                  2597.5                      -5.6813236
                    2600                       -5.591795
                  2602.5                      -5.5038795
                    2605                      -5.4175571
                  2607.5                       -5.332806
                    2610                      -5.2496053
                  2612.5                      -5.1679365
                    2615                      -5.0877757
                  2617.5                      -5.0091021
                    2620                      -4.9318966
                  2622.5                      -4.8561373
                    2625                      -4.7818048
                  2627.5                      -4.7088771
                    2630                      -4.6373339
                  2632.5                      -4.5671546
                    2635                      -4.4983201
                  2637.5                      -4.4308101
                    2640                      -4.3646034
                  2642.5                      -4.2996815
                    2645                      -4.2360251
                  2647.5                      -4.1736134
                    2650                      -4.1124269
                  2652.5                      -4.0524477
                    2655                      -3.9936569
                  2657.5                      -3.9360334
                    2660                      -3.8795623
                  2662.5                      -3.8242208
                    2665                      -3.7699937
                  2667.5                      -3.7168602
                    2670                      -3.6648052
                  2672.5                       -3.613807
                    2675                      -3.5638519
                  2677.5                      -3.5149175
                    2680                      -3.4669889
                  2682.5                      -3.4200488
                    2685                      -3.3740795
                  2687.5                      -3.3290619
                    2690                      -3.2849804
                  2692.5                      -3.2418176
                    2695                      -3.1995581
                  2697.5                      -3.1581811
                    2700                      -3.1176734
                  2702.5                      -3.0780177
                    2705                      -3.0391951
                  2707.5                      -3.0011917
                    2710                       -2.963989
                  2712.5                      -2.9275718
                    2715                      -2.8919229
                  2717.5                      -2.8570264
                    2720                      -2.8228662
                  2722.5                      -2.7894272
                    2725                      -2.7566915
                  2727.5                      -2.7246436
                    2730                      -2.6932689
                  2732.5                        -2.66255
                    2735                       -2.632471
                  2737.5                      -2.6030173
                    2740                      -2.5741733
                  2742.5                       -2.545923
                    2745                      -2.5182501
                  2747.5                      -2.4911404
                    2750                      -2.4645789
                  2752.5                      -2.4385483
                    2755                      -2.4130353
                  2757.5                      -2.3880242
                    2760                      -2.3635001
                  2762.5                      -2.3394481
                    2765                      -2.3158535
                  2767.5                      -2.2927014
                    2770                      -2.2699771
                  2772.5                      -2.2476665
                    2775                      -2.2257556
                  2777.5                      -2.2042294
                    2780                      -2.1830745
                  2782.5                      -2.1622762
                    2785                      -2.1418215
                  2787.5                       -2.121697
                    2790                      -2.1018878
                  2792.5                      -2.0823829
                    2795                      -2.0631672
                  2797.5                      -2.0442279
                    2800                      -2.0255535
                  2802.5                      -2.0071306
                    2805                      -1.9889477
                  2807.5                       -1.970992
                    2810                      -1.9532512
                  2812.5                      -1.9357159
                    2815                      -1.9183714
                  2817.5                      -1.9012104
                    2820                      -1.8842197
                  2822.5                      -1.8673888
                    2825                      -1.8507085
                  2827.5                      -1.8341687
                    2830                      -1.8177582
                  2832.5                       -1.801469
                    2835                      -1.7852916
                  2837.5                      -1.7692162
                    2840                      -1.7532379
                  2842.5                      -1.7373442
                    2845                      -1.7215306
                  2847.5                      -1.7057885
                    2850                      -1.6901118
                  2852.5                      -1.6744934
                    2855                      -1.6589263
                  2857.5                      -1.6434051
                    2860                      -1.6279237
                  2862.5                      -1.6124783
                    2865                      -1.5970626
                  2867.5                      -1.5816738
                    2870                      -1.5663058
                  2872.5                      -1.5509561
                    2875                      -1.5356236
                  2877.5                      -1.5203036
                    2880                      -1.5049935
                  2882.5                      -1.4896907
                    2885                      -1.4743938
                  2887.5                      -1.4591029
                    2890                      -1.4438169
                  2892.5                      -1.4285338
                    2895                      -1.4132539
                  2897.5                      -1.3979781
                    2900                      -1.3827082
                  2902.5                      -1.3674429
                    2905                      -1.3521849
                  2907.5                      -1.3369344
                    2910                      -1.3216953
                  2912.5                      -1.3064692
                    2915                      -1.2912581
                  2917.5                      -1.2760647
                    2920                      -1.2608949
                  2922.5                       -1.245749
                    2925                      -1.2306352
                  2927.5                      -1.2155518
                    2930                      -1.2005076
                  2932.5                      -1.1855059
                    2935                      -1.1705515
                  2937.5                      -1.1556477
                    2940                      -1.1408031
                  2942.5                      -1.1260219
                    2945                      -1.1113114
                  2947.5                      -1.0966735
                    2950                      -1.0821181
                  2952.5                      -1.0676484
                    2955                      -1.0532746
                  2957.5                      -1.0389984
                    2960                        -1.02483
                  2962.5                      -1.0107746
                    2965                     -0.99683957
                  2967.5                     -0.98303259
                    2970                     -0.96935674
                  2972.5                     -0.95582366
                    2975                     -0.94243677
                  2977.5                     -0.92920396
                    2980                     -0.91613471
                  2982.5                     -0.90323149
                    2985                     -0.89050551
                  2987.5                     -0.87796047
                    2990                     -0.86560519
                  2992.5                     -0.85344412
                    2995                     -0.84148736
                  2997.5                     -0.82973788
                    3000                     -0.81820336

