        Frequency / MHz                S1,1/abs,dB
----------------------------------------------------------------------
                     500                     -0.45912016
                   502.5                     -0.49362438
                     505                     -0.53074638
                   507.5                     -0.57028287
                     510                     -0.61200485
                   512.5                     -0.65566159
                     515                     -0.70097799
                   517.5                      -0.7476633
                     520                     -0.79540481
                   522.5                     -0.84387348
                     525                      -0.8927293
                   527.5                     -0.94161833
                     530                     -0.99018029
                   532.5                      -1.0380509
                     535                      -1.0848643
                   537.5                      -1.1302599
                     540                      -1.1738845
                   542.5                      -1.2153982
                     545                       -1.254477
                   547.5                       -1.290818
                     550                      -1.3241468
                   552.5                      -1.3542185
                     555                      -1.3808201
                   557.5                      -1.4037756
                     560                       -1.422951
                   562.5                       -1.438248
                     565                      -1.4496153
                   567.5                      -1.4570404
                     570                      -1.4605534
                   572.5                      -1.4602226
                     575                      -1.4561542
                   577.5                      -1.4484901
                     580                      -1.4374021
                   582.5                      -1.4230881
                     585                      -1.4057721
                   587.5                      -1.3856932
                     590                      -1.3631088
                   592.5                      -1.3382814
                     595                      -1.3114835
                   597.5                      -1.2829882
                     600                      -1.2530656
                   602.5                      -1.2219815
                     605                      -1.1899952
                   607.5                      -1.1573545
                     610                      -1.1242941
                   612.5                      -1.0910363
                     615                      -1.0577853
                   617.5                      -1.0247348
                     620                     -0.99205477
                   622.5                     -0.95990118
                     625                     -0.92841274
                   627.5                     -0.89770968
                     630                     -0.86789806
                   632.5                     -0.83906409
                     635                     -0.81128131
                   637.5                     -0.78460553
                     640                     -0.75908035
                   642.5                     -0.73473265
                     645                     -0.71158071
                   647.5                     -0.68963036
                     650                     -0.66887656
                   652.5                     -0.64930403
                     655                     -0.63088947
                   657.5                     -0.61360186
                     660                     -0.59740612
                   662.5                     -0.58225783
                     665                     -0.56810807
                   667.5                     -0.55490847
                     670                     -0.54260322
                   672.5                     -0.53113698
                     675                     -0.52045086
                   677.5                     -0.51048582
                     680                     -0.50118531
                   682.5                     -0.49249161
                     685                     -0.48434582
                   687.5                      -0.4766942
                     690                     -0.46948253
                   692.5                     -0.46266128
                     695                     -0.45618123
                   697.5                     -0.44999758
                     700                     -0.44406754
                   702.5                     -0.43835198
                     705                     -0.43281495
                   707.5                      -0.4274239
                     710                     -0.42214978
                   712.5                     -0.41696647
                     715                     -0.41185141
                   717.5                     -0.40678266
                     720                     -0.40174434
                   722.5                     -0.39672077
                     725                     -0.39170192
                   727.5                     -0.38667423
                     730                     -0.38163164
                   732.5                     -0.37656674
                     735                     -0.37147499
                   737.5                     -0.36635524
                     740                      -0.3612011
                   742.5                     -0.35601699
                     745                     -0.35079896
                   747.5                     -0.34554753
                     750                      -0.3402659
                   752.5                     -0.33495607
                     755                     -0.32961741
                   757.5                     -0.32425601
                     760                     -0.31887216
                   762.5                     -0.31347162
                     765                     -0.30805728
                   767.5                     -0.30263399
                     770                     -0.29720641
                   772.5                     -0.29177797
                     775                     -0.28635448
                   777.5                     -0.28094344
                     780                     -0.27555078
                   782.5                     -0.27018307
                     785                     -0.26484846
                   787.5                     -0.25955541
                     790                     -0.25431132
                   792.5                     -0.24912533
                     795                     -0.24400944
                   797.5                     -0.23897218
                     800                     -0.23402483
                   802.5                     -0.22917921
                     805                     -0.22444712
                   807.5                     -0.21983991
                     810                     -0.21536999
                   812.5                     -0.21105028
                     815                     -0.20689157
                   817.5                      -0.2029059
                     820                     -0.19910388
                   822.5                     -0.19549788
                     825                     -0.19209677
                   827.5                      -0.1889093
                     830                     -0.18594375
                   832.5                     -0.18320887
                     835                     -0.18070683
                   837.5                     -0.17844396
                     840                     -0.17642161
                   842.5                     -0.17464197
                     845                     -0.17310154
                   847.5                     -0.17180002
                     850                     -0.17073073
                   852.5                     -0.16988688
                     855                     -0.16925933
                   857.5                     -0.16883828
                     860                     -0.16861114
                   862.5                     -0.16856319
                     865                     -0.16867726
                   867.5                     -0.16893771
                     870                     -0.16932386
                   872.5                     -0.16981614
                     875                     -0.17039314
                   877.5                     -0.17103285
                     880                     -0.17171139
                   882.5                     -0.17240778
                     885                     -0.17309846
                   887.5                     -0.17375883
                     890                     -0.17436868
                   892.5                     -0.17490631
                     895                     -0.17534994
                   897.5                     -0.17568183
                     900                     -0.17588368
                   902.5                     -0.17594021
                     905                     -0.17583774
                   907.5                     -0.17556451
                     910                      -0.1751126
                   912.5                     -0.17447469
                     915                     -0.17364713
                   917.5                     -0.17262827
                     920                     -0.17142023
                   922.5                     -0.17002672
                     925                     -0.16845692
                   927.5                     -0.16671853
                     930                      -0.1648248
                   932.5                     -0.16278924
                     935                     -0.16063022
                   937.5                     -0.15836539
                     940                     -0.15601637
                   942.5                     -0.15360535
                     945                     -0.15115428
                   947.5                     -0.14868774
                     950                     -0.14623094
                   952.5                     -0.14380881
                     955                     -0.14144611
                   957.5                     -0.13916697
                     960                      -0.1369956
                   962.5                     -0.13495542
                     965                     -0.13306692
                   967.5                     -0.13135151
                     970                     -0.12982576
                   972.5                      -0.1285059
                     975                     -0.12740529
                   977.5                      -0.1265369
                     980                     -0.12590798
                   982.5                     -0.12552494
                     985                     -0.12538907
                   987.5                     -0.12550191
                     990                     -0.12586101
                   992.5                     -0.12645983
                     995                     -0.12728933
                   997.5                     -0.12833959
                    1000                     -0.12959641
                  1002.5                     -0.13104241
                    1005                     -0.13266026
                  1007.5                     -0.13442901
                    1010                      -0.1363267
                  1012.5                     -0.13833014
                    1015                     -0.14041394
                  1017.5                     -0.14255205
                    1020                     -0.14471971
                  1022.5                     -0.14688934
                    1025                     -0.14903398
                  1027.5                     -0.15113006
                    1030                     -0.15315139
                  1032.5                     -0.15507447
                    1035                     -0.15687812
                  1037.5                     -0.15854037
                    1040                     -0.16004481
                  1042.5                     -0.16137442
                    1045                     -0.16251527
                  1047.5                     -0.16345899
                    1050                     -0.16419652
                  1052.5                     -0.16472151
                    1055                     -0.16503548
                  1057.5                     -0.16513831
                    1060                      -0.1650336
                  1062.5                      -0.1647305
                    1065                     -0.16423908
                  1067.5                     -0.16357119
                    1070                     -0.16274384
                  1072.5                     -0.16177527
                    1075                     -0.16068437
                  1077.5                     -0.15949558
                    1080                     -0.15823024
                  1082.5                     -0.15691503
                    1085                     -0.15557362
                  1087.5                     -0.15423493
                    1090                     -0.15292384
                  1092.5                     -0.15166793
                    1095                     -0.15049176
                  1097.5                     -0.14942094
                    1100                     -0.14848097
                  1102.5                     -0.14769261
                    1105                     -0.14707677
                  1107.5                     -0.14665366
                    1110                     -0.14643846
                  1112.5                     -0.14644634
                    1115                     -0.14668766
                  1117.5                     -0.14717274
                    1120                     -0.14790733
                  1122.5                     -0.14889221
                    1125                     -0.15013005
                  1127.5                     -0.15161629
                    1130                     -0.15334446
                  1132.5                     -0.15530766
                    1135                     -0.15749408
                  1137.5                     -0.15988753
                    1140                     -0.16247522
                  1142.5                      -0.1652353
                    1145                     -0.16814748
                  1147.5                     -0.17119062
                    1150                     -0.17434142
                  1152.5                     -0.17757473
                    1155                     -0.18086294
                  1157.5                     -0.18418199
                    1160                     -0.18750752
                  1162.5                      -0.1908095
                    1165                     -0.19406716
                  1167.5                     -0.19725311
                    1170                     -0.20034671
                  1172.5                     -0.20332697
                    1175                     -0.20617076
                  1177.5                     -0.20886604
                    1180                     -0.21139549
                  1182.5                     -0.21374471
                    1185                     -0.21590791
                  1187.5                     -0.21787715
                    1190                      -0.2196492
                  1192.5                     -0.22122283
                    1195                     -0.22260086
                  1197.5                     -0.22379002
                    1200                     -0.22479827
                  1202.5                     -0.22563759
                    1205                      -0.2263218
                  1207.5                     -0.22686732
                    1210                      -0.2272951
                  1212.5                     -0.22762486
                    1215                     -0.22787826
                  1217.5                     -0.22808387
                    1220                     -0.22826297
                  1222.5                     -0.22844643
                    1225                     -0.22865776
                  1227.5                     -0.22892549
                    1230                     -0.22927818
                  1232.5                     -0.22973995
                    1235                     -0.23033825
                  1237.5                     -0.23109772
                    1240                     -0.23204054
                  1242.5                      -0.2331898
                    1245                     -0.23456223
                  1247.5                     -0.23617758
                    1250                      -0.2380509
                  1252.5                     -0.24019294
                    1255                     -0.24261344
                  1257.5                     -0.24531898
                    1260                     -0.24831394
                  1262.5                      -0.2515992
                    1265                     -0.25517151
                  1267.5                     -0.25902721
                    1270                     -0.26315805
                  1272.5                     -0.26755342
                    1275                      -0.2722002
                  1277.5                     -0.27708227
                    1280                      -0.2821829
                  1282.5                     -0.28748253
                    1285                     -0.29295884
                  1287.5                     -0.29858886
                    1290                     -0.30435028
                  1292.5                      -0.3102164
                    1295                     -0.31616358
                  1297.5                     -0.32216574
                    1300                     -0.32819789
                  1302.5                     -0.33423601
                    1305                     -0.34025546
                  1307.5                     -0.34623455
                    1310                     -0.35215123
                  1312.5                     -0.35798914
                    1315                     -0.36372976
                  1317.5                     -0.36935928
                    1320                      -0.3748654
                  1322.5                     -0.38023905
                    1325                     -0.38547408
                  1327.5                     -0.39056717
                    1330                     -0.39551983
                  1332.5                     -0.40033433
                    1335                     -0.40501781
                  1337.5                      -0.4095805
                    1340                     -0.41403524
                  1342.5                     -0.41839656
                    1345                     -0.42268542
                  1347.5                     -0.42692085
                    1350                     -0.43112902
                  1352.5                     -0.43533361
                    1355                     -0.43956372
                  1357.5                     -0.44384944
                    1360                     -0.44821956
                  1362.5                     -0.45270734
                    1365                     -0.45734473
                  1367.5                     -0.46216337
                    1370                     -0.46719691
                  1372.5                     -0.47247729
                    1375                     -0.47803546
                  1377.5                     -0.48390202
                    1380                     -0.49010518
                  1382.5                     -0.49667359
                    1385                     -0.50363121
                  1387.5                     -0.51100218
                    1390                     -0.51880698
                  1392.5                     -0.52706539
                    1395                     -0.53579206
                  1397.5                      -0.5450004
                    1400                     -0.55469961
                  1402.5                     -0.56489753
                    1405                     -0.57559809
                  1407.5                     -0.58680378
                    1410                     -0.59851047
                  1412.5                     -0.61071644
                    1415                     -0.62341301
                  1417.5                     -0.63659044
                    1420                     -0.65023713
                  1422.5                     -0.66433869
                    1425                     -0.67887907
                  1427.5                     -0.69384024
                    1430                     -0.70920354
                  1432.5                     -0.72494777
                    1435                     -0.74105345
                  1437.5                     -0.75749791
                    1440                     -0.77426058
                  1442.5                     -0.79131981
                    1445                     -0.80865528
                  1447.5                     -0.82624819
                    1450                     -0.84407974
                  1452.5                     -0.86213297
                    1455                     -0.88039699
                  1457.5                     -0.89885461
                    1460                     -0.91750086
                  1462.5                     -0.93632725
                    1465                     -0.95533068
                  1467.5                     -0.97451148
                    1470                     -0.99387269
                  1472.5                      -1.0134205
                    1475                      -1.0331671
                  1477.5                       -1.053125
                    1480                      -1.0733115
                  1482.5                      -1.0937498
                    1485                      -1.1144631
                  1487.5                      -1.1354789
                    1490                      -1.1568291
                  1492.5                      -1.1785477
                    1495                      -1.2006692
                  1497.5                      -1.2232338
                    1500                      -1.2462798
                  1502.5                      -1.2698502
                    1505                      -1.2939876
                  1507.5                      -1.3187342
                    1510                      -1.3441326
                  1512.5                      -1.3702283
                    1515                      -1.3970595
                  1517.5                      -1.4246687
                    1520                      -1.4530936
                  1522.5                      -1.4823674
                    1525                      -1.5125256
                  1527.5                      -1.5435952
                    1530                      -1.5756022
                  1532.5                      -1.6085634
                    1535                      -1.6424955
                  1537.5                      -1.6774063
                    1540                      -1.7132962
                  1542.5                      -1.7501628
                    1545                      -1.7879929
                  1547.5                       -1.826765
                    1550                      -1.8664522
                  1552.5                      -1.9070164
                    1555                      -1.9484119
                  1557.5                      -1.9905816
                    1560                      -2.0334622
                  1562.5                      -2.0769791
                    1565                      -2.1210426
                  1567.5                      -2.1655616
                    1570                      -2.2104275
                  1572.5                      -2.2555282
                    1575                      -2.3007346
                  1577.5                      -2.3459132
                    1580                      -2.3909205
                  1582.5                      -2.4356024
                    1585                      -2.4797971
                  1587.5                      -2.5233391
                    1590                      -2.5660528
                  1592.5                      -2.6077607
                    1595                      -2.6482792
                  1597.5                      -2.6874238
                    1600                      -2.7250062
                  1602.5                      -2.7608459
                    1605                      -2.7947586
                  1607.5                      -2.8265684
                    1610                      -2.8561033
                  1612.5                      -2.8832036
                    1615                      -2.9077153
                  1617.5                      -2.9295001
                    1620                      -2.9484346
                  1622.5                      -2.9644089
                    1625                      -2.9773315
                  1627.5                      -2.9871317
                    1630                      -2.9937533
                  1632.5                      -2.9971667
                    1635                      -2.9973616
                  1637.5                      -2.9943459
                    1640                      -2.9881536
                  1642.5                       -2.978835
                    1645                      -2.9664627
                  1647.5                      -2.9511291
                    1650                       -2.932942
                  1652.5                      -2.9120271
                    1655                      -2.8885233
                  1657.5                       -2.862585
                    1660                       -2.834375
                  1662.5                      -2.8040663
                    1665                      -2.7718378
                  1667.5                      -2.7378736
                    1670                      -2.7023627
                  1672.5                      -2.6654932
                    1675                      -2.6274531
                  1677.5                       -2.588427
                    1680                      -2.5485981
                  1682.5                       -2.508143
                    1685                      -2.4672337
                  1687.5                      -2.4260333
                    1690                      -2.3846954
                  1692.5                      -2.3433669
                    1695                      -2.3021863
                  1697.5                      -2.2612777
                    1700                      -2.2207586
                  1702.5                      -2.1807335
                    1705                      -2.1412972
                  1707.5                      -2.1025343
                    1710                      -2.0645169
                  1712.5                      -2.0273089
                    1715                      -1.9909614
                  1717.5                      -1.9555144
                    1720                      -1.9210014
                  1722.5                      -1.8874473
                    1725                      -1.8548632
                  1727.5                      -1.8232537
                    1730                       -1.792617
                  1732.5                      -1.7629432
                    1735                      -1.7342127
                  1737.5                      -1.7064054
                    1740                      -1.6794907
                  1742.5                      -1.6534343
                    1745                      -1.6281966
                  1747.5                      -1.6037359
                    1750                      -1.5800078
                  1752.5                      -1.5569642
                    1755                      -1.5345558
                  1757.5                      -1.5127335
                    1760                       -1.491444
                  1762.5                       -1.470639
                    1765                      -1.4502682
                  1767.5                      -1.4302848
                    1770                      -1.4106448
                  1772.5                      -1.3913015
                    1775                      -1.3722199
                  1777.5                      -1.3533602
                    1780                       -1.334694
                  1782.5                      -1.3161914
                    1785                      -1.2978314
                  1787.5                      -1.2795951
                    1790                      -1.2614713
                  1792.5                       -1.243452
                    1795                      -1.2255334
                  1797.5                      -1.2077211
                    1800                      -1.1900216
                  1802.5                      -1.1724478
                    1805                      -1.1550172
                  1807.5                      -1.1377516
                    1810                       -1.120677
                  1812.5                      -1.1038219
                    1815                      -1.0872186
                  1817.5                      -1.0709037
                    1820                      -1.0549134
                  1822.5                      -1.0392853
                    1825                      -1.0240612
                  1827.5                      -1.0092803
                    1830                     -0.99498403
                  1832.5                     -0.98121204
                    1835                     -0.96800045
                  1837.5                     -0.95539051
                    1840                     -0.94341422
                  1842.5                     -0.93210501
                    1845                     -0.92149147
                  1847.5                     -0.91160051
                    1850                      -0.9024537
                  1852.5                     -0.89406865
                    1855                     -0.88645841
                  1857.5                     -0.87963377
                    1860                     -0.87359601
                  1862.5                     -0.86834512
                    1865                     -0.86387593
                  1867.5                     -0.86017739
                    1870                     -0.85723285
                  1872.5                     -0.85502026
                    1875                     -0.85351476
                  1877.5                     -0.85268569
                    1880                     -0.85249732
                  1882.5                     -0.85291316
                    1885                     -0.85388726
                  1887.5                     -0.85537656
                    1890                      -0.8573321
                  1892.5                     -0.85970141
                    1895                     -0.86243326
                  1897.5                     -0.86547396
                    1900                      -0.8687689
                  1902.5                     -0.87226422
                    1905                     -0.87590654
                  1907.5                      -0.8796431
                    1910                     -0.88342599
                  1912.5                      -0.8872063
                    1915                     -0.89094074
                  1917.5                     -0.89459046
                    1920                     -0.89812105
                  1922.5                     -0.90150048
                    1925                     -0.90470516
                  1927.5                     -0.90771795
                    1930                     -0.91052358
                  1932.5                     -0.91312032
                    1935                     -0.91550706
                  1937.5                       -0.917693
                    1940                     -0.91969238
                  1942.5                     -0.92152722
                    1945                     -0.92322487
                  1947.5                     -0.92482129
                    1950                     -0.92635502
                  1952.5                     -0.92787503
                    1955                     -0.92943134
                  1957.5                     -0.93107878
                    1960                     -0.93287932
                  1962.5                     -0.93489414
                    1965                     -0.93718996
                  1967.5                     -0.93983497
                    1970                     -0.94289809
                  1972.5                     -0.94644972
                    1975                     -0.95055623
                  1977.5                     -0.95528933
                    1980                     -0.96071333
                  1982.5                     -0.96689375
                    1985                     -0.97389142
                  1987.5                     -0.98176529
                    1990                     -0.99056808
                  1992.5                      -1.0003506
                    1995                       -1.011153
                  1997.5                      -1.0230176
                    2000                      -1.0359766
                  2002.5                      -1.0500566
                    2005                      -1.0652762
                  2007.5                      -1.0816511
                    2010                      -1.0991886
                  2012.5                      -1.1178918
                    2015                      -1.1377546
                  2017.5                       -1.158767
                    2020                      -1.1809118
                  2022.5                      -1.2041676
                    2025                      -1.2285072
                  2027.5                      -1.2538996
                    2030                      -1.2803113
                  2032.5                      -1.3077047
                    2035                      -1.3360381
                  2037.5                      -1.3652721
                    2040                      -1.3953647
                  2042.5                       -1.426272
                    2045                       -1.457958
                  2047.5                      -1.4903841
                    2050                       -1.523516
                  2052.5                      -1.5573274
                    2055                      -1.5917927
                  2057.5                      -1.6268983
                    2060                      -1.6626358
                  2062.5                      -1.6990063
                    2065                      -1.7360223
                  2067.5                      -1.7737058
                    2070                      -1.8120903
                  2072.5                      -1.8512252
                    2075                      -1.8911694
                  2077.5                      -1.9319972
                    2080                      -1.9737947
                  2082.5                       -2.016667
                    2085                      -2.0607297
                  2087.5                      -2.1061151
                    2090                      -2.1529685
                  2092.5                      -2.2014493
                    2095                      -2.2517339
                  2097.5                      -2.3040116
                    2100                        -2.35848
                  2102.5                      -2.4153576
                    2105                       -2.474869
                  2107.5                      -2.5372541
                    2110                      -2.6027618
                  2112.5                      -2.6716563
                    2115                      -2.7442052
                  2117.5                      -2.8206936
                    2120                      -2.9014099
                  2122.5                      -2.9866561
                    2125                      -3.0767417
                  2127.5                      -3.1719845
                    2130                      -3.2727151
                  2132.5                      -3.3792666
                    2135                      -3.4919869
                  2137.5                      -3.6112322
                    2140                      -3.7373681
                  2142.5                      -3.8707691
                    2145                      -4.0118234
                  2147.5                      -4.1609291
                    2150                      -4.3184993
                  2152.5                      -4.4849595
                    2155                      -4.6607453
                  2157.5                      -4.8463143
                    2160                      -5.0421346
                  2162.5                      -5.2486924
                    2165                      -5.4664894
                  2167.5                      -5.6960467
                    2170                      -5.9378973
                  2172.5                      -6.1925923
                    2175                      -6.4606866
                  2177.5                      -6.7427451
                    2180                      -7.0393309
                  2182.5                      -7.3509889
                    2185                      -7.6782343
                  2187.5                      -8.0215268
                    2190                      -8.3812308
                  2192.5                      -8.7575751
                    2195                      -9.1505731
                  2197.5                      -9.5599421
                    2200                      -9.9849613
                  2202.5                      -10.424313
                    2205                      -10.875845
                  2207.5                      -11.336287
                    2210                      -11.800901
                  2212.5                      -12.263074
                    2215                      -12.713937
                  2217.5                      -13.142087
                    2220                      -13.533601
                  2222.5                      -13.872589
                    2225                      -14.142484
                  2227.5                      -14.328137
                    2230                      -14.418327
                  2232.5                      -14.408027
                    2235                      -14.299498
                  2237.5                       -14.10179
                    2240                      -13.828828
                  2242.5                      -13.496896
                    2245                      -13.122317
                  2247.5                      -12.719841
                    2250                       -12.30184
                  2252.5                      -11.878105
                    2255                      -11.456042
                  2257.5                      -11.041035
                    2260                      -10.636843
                  2262.5                      -10.245985
                    2265                      -9.8700413
                  2267.5                      -9.5099143
                    2270                      -9.1660093
                  2272.5                      -8.8383878
                    2275                      -8.5268704
                  2277.5                      -8.2311133
                    2280                      -7.9506649
                  2282.5                      -7.6850069
                    2285                      -7.4335825
                  2287.5                      -7.1958151
                    2290                      -6.9711254
                  2292.5                      -6.7589392
                    2295                      -6.5586908
                  2297.5                      -6.3698371
                    2300                      -6.1918501
                  2302.5                      -6.0242242
                    2305                      -5.8664767
                  2307.5                      -5.7181477
                    2310                      -5.5787996
                  2312.5                        -5.44802
                    2315                       -5.325418
                  2317.5                      -5.2106274
                    2320                      -5.1033037
                  2322.5                      -5.0031272
                    2325                      -4.9098019
                  2327.5                       -4.823054
                    2330                      -4.7426322
                  2332.5                      -4.6683109
                    2335                      -4.5998874
                  2337.5                      -4.5371814
                    2340                      -4.4800388
                  2342.5                      -4.4283311
                    2345                      -4.3819471
                  2347.5                      -4.3408094
                    2350                      -4.3048582
                  2352.5                      -4.2740614
                    2355                       -4.248412
                  2357.5                      -4.2279248
                    2360                      -4.2126419
                  2362.5                      -4.2026263
                    2365                      -4.1979709
                  2367.5                      -4.1987859
                    2370                      -4.2052093
                  2372.5                      -4.2174023
                    2375                      -4.2355515
                  2377.5                      -4.2598614
                    2380                      -4.2905659
                  2382.5                      -4.3279186
                    2385                      -4.3722004
                  2387.5                       -4.423713
                    2390                      -4.4827846
                  2392.5                      -4.5497704
                    2395                      -4.6250504
                  2397.5                       -4.709032
                    2400                      -4.8021538
                  2402.5                       -4.904886
                    2405                      -5.0177345
                  2407.5                      -5.1412412
                    2410                      -5.2759878
                  2412.5                      -5.4226032
                    2415                      -5.5817684
                  2417.5                      -5.7542185
                    2420                      -5.9407527
                  2422.5                      -6.1422435
                    2425                      -6.3596463
                  2427.5                      -6.5940072
                    2430                      -6.8464814
                  2432.5                      -7.1183475
                    2435                      -7.4110235
                  2437.5                      -7.7260951
                    2440                      -8.0653316
                  2442.5                      -8.4307237
                    2445                      -8.8245119
                  2447.5                      -9.2492252
                    2450                      -9.7077167
                  2452.5                      -10.203202
                    2455                      -10.739286
                  2457.5                      -11.319961
                    2460                       -11.94954
                  2462.5                      -12.632473
                    2465                      -13.372892
                  2467.5                      -14.173662
                    2470                      -15.034429
                  2472.5                      -15.947834
                    2475                      -16.892569
                  2477.5                      -17.822013
                    2480                      -18.650349
                  2482.5                       -19.24888
                    2485                      -19.479609
                  2487.5                      -19.272496
                    2490                      -18.678343
                  2492.5                      -17.829612
                    2495                      -16.860488
                  2497.5                      -15.864588
                    2500                      -14.894361
                  2502.5                      -13.974576
                    2505                       -13.11442
                  2507.5                      -12.315153
                    2510                      -11.574326
                  2512.5                      -10.887972
                    2515                      -10.251696
                  2517.5                      -9.6611752
                    2520                      -9.1123934
                  2522.5                      -8.6017179
                    2525                      -8.1259001
                  2527.5                      -7.6820645
                    2530                      -7.2676618
                  2532.5                      -6.8804412
                    2535                      -6.5184042
                  2537.5                      -6.1797735
                    2540                      -5.8629671
                  2542.5                      -5.5665631
                    2545                       -5.289286
                  2547.5                      -5.0299821
                    2550                      -4.7876037
                  2552.5                      -4.5611914
                    2555                      -4.3498704
                  2557.5                      -4.1528288
                    2560                      -3.9693165
                  2562.5                      -3.7986314
                    2565                      -3.6401162
                  2567.5                       -3.493147
                    2570                        -3.35714
                  2572.5                      -3.2315279
                    2575                      -3.1157733
                  2577.5                      -3.0093517
                    2580                      -2.9117605
                  2582.5                      -2.8225042
                    2585                         -2.7411
                  2587.5                      -2.6670745
                    2590                      -2.5999593
                  2592.5                      -2.5392901
                    2595                       -2.484612
                  2597.5                      -2.4354685
                    2600                      -2.3914074
                  2602.5                      -2.3519823
                    2605                      -2.3167506
                  2607.5                      -2.2852724
                    2610                      -2.2571174
                  2612.5                      -2.2318589
                    2615                      -2.2090823
                  2617.5                      -2.1883826
                    2620                      -2.1693697
                  2622.5                      -2.1516682
                    2625                       -2.134924
                  2627.5                      -2.1188006
                    2630                      -2.1029897
                  2632.5                      -2.0872054
                    2635                      -2.0711959
                  2637.5                      -2.0547369
                    2640                      -2.0376362
                  2642.5                       -2.019739
                    2645                      -2.0009232
                  2647.5                      -1.9811047
                    2650                      -1.9602333
                  2652.5                      -1.9382938
                    2655                      -1.9153044
                  2657.5                      -1.8913162
                    2660                      -1.8664092
                  2662.5                      -1.8406913
                    2665                      -1.8142924
                  2667.5                      -1.7873669
                    2670                      -1.7600829
                  2672.5                      -1.7326269
                    2675                      -1.7051929
                  2677.5                      -1.6779825
                    2680                      -1.6512023
                  2682.5                      -1.6250591
                    2685                      -1.5997571
                  2687.5                      -1.5754952
                    2690                       -1.552463
                  2692.5                      -1.5308425
                    2695                      -1.5108029
                  2697.5                      -1.4924973
                    2700                      -1.4760662
                  2702.5                      -1.4616322
                    2705                      -1.4492996
                  2707.5                      -1.4391545
                    2710                      -1.4312626
                  2712.5                      -1.4256706
                    2715                      -1.4224071
                  2717.5                      -1.4214779
                    2720                      -1.4228696
                  2722.5                      -1.4265482
                    2725                      -1.4324616
                  2727.5                      -1.4405372
                    2730                      -1.4506869
                  2732.5                      -1.4628014
                    2735                      -1.4767593
                  2737.5                      -1.4924191
                    2740                      -1.5096304
                  2742.5                      -1.5282265
                    2745                      -1.5480325
                  2747.5                      -1.5688651
                    2750                      -1.5905328
                  2752.5                      -1.6128406
                    2755                      -1.6355919
                  2757.5                      -1.6585908
                    2760                      -1.6816426
                  2762.5                      -1.7045624
                    2765                      -1.7271707
                  2767.5                      -1.7493009
                    2770                      -1.7707988
                  2772.5                      -1.7915267
                    2775                      -1.8113678
                  2777.5                      -1.8302238
                    2780                      -1.8480167
                  2782.5                      -1.8646989
                    2785                      -1.8802407
                  2787.5                      -1.8946402
                    2790                      -1.9079224
                  2792.5                      -1.9201367
                    2795                      -1.9313572
                  2797.5                      -1.9416834
                    2800                      -1.9512341
                  2802.5                      -1.9601532
                    2805                      -1.9685992
                  2807.5                      -1.9767508
                    2810                      -1.9848026
                  2812.5                      -1.9929567
                    2815                      -2.0014285
                  2817.5                      -2.0104413
                    2820                      -2.0202239
                  2822.5                      -2.0310051
                    2825                      -2.0430178
                  2827.5                      -2.0564941
                    2830                       -2.071661
                  2832.5                      -2.0887435
                    2835                      -2.1079599
                  2837.5                      -2.1295225
                    2840                      -2.1536363
                  2842.5                       -2.180497
                    2845                      -2.2102932
                  2847.5                      -2.2432021
                    2850                      -2.2793952
                  2852.5                      -2.3190299
                    2855                      -2.3622593
                  2857.5                      -2.4092246
                    2860                      -2.4600621
                  2862.5                       -2.514897
                    2865                      -2.5738506
                  2867.5                      -2.6370357
                    2870                      -2.7045613
                  2872.5                      -2.7765336
                    2875                      -2.8530544
                  2877.5                       -2.934225
                    2880                      -3.0201444
                  2882.5                      -3.1109151
                    2885                      -3.2066409
                  2887.5                      -3.3074314
                    2890                      -3.4134014
                  2892.5                      -3.5246739
                    2895                      -3.6413789
                  2897.5                      -3.7636627
                    2900                      -3.8916805
                  2902.5                       -4.025609
                    2905                      -4.1656364
                  2907.5                      -4.3119747
                    2910                       -4.464859
                  2912.5                      -4.6245465
                    2915                      -4.7913243
                  2917.5                      -4.9655076
                    2920                      -5.1474448
                  2922.5                      -5.3375187
                    2925                      -5.5361532
                  2927.5                      -5.7438081
                    2930                      -5.9609859
                  2932.5                      -6.1882407
                    2935                      -6.4261693
                  2937.5                      -6.6754179
                    2940                      -6.9366882
                  2942.5                      -7.2107293
                    2945                       -7.498341
                  2947.5                      -7.8003713
                    2950                      -8.1177075
                  2952.5                      -8.4512641
                    2955                      -8.8019612
                  2957.5                      -9.1707008
                    2960                      -9.5583049
                  2962.5                      -9.9654592
                    2965                       -10.39259
                  2967.5                      -10.839711
                    2970                       -11.30619
                  2972.5                      -11.790412
                    2975                      -12.289305
                  2977.5                      -12.797711
                    2980                      -13.307566
                  2982.5                       -13.80698
                    2985                      -14.279373
                  2987.5                      -14.703111
                    2990                      -15.052327
                  2992.5                      -15.299636
                    2995                       -15.42099
                  2997.5                      -15.401485
                    3000                      -15.239709

