        Frequency / MHz                S1,1/abs,dB
----------------------------------------------------------------------
                     500                      -1.1625052
                   502.5                      -1.3798727
                     505                      -1.6055636
                   507.5                      -1.8375719
                     510                      -2.0734661
                   512.5                      -2.3103429
                     515                      -2.5448018
                   517.5                      -2.7729454
                     520                      -2.9904291
                   522.5                      -3.1925468
                     525                      -3.3744169
                   527.5                      -3.5312055
                     530                      -3.6584321
                   532.5                      -3.7523054
                     535                       -3.810038
                   537.5                      -3.8301178
                     540                      -3.8124414
                   542.5                      -3.7583297
                     545                       -3.670386
                   547.5                      -3.5522402
                     550                      -3.4082344
                   552.5                      -3.2430831
                     555                       -3.061571
                   557.5                        -2.86831
                     560                      -2.6675653
                   562.5                      -2.4631525
                     565                      -2.2583854
                   567.5                      -2.0560806
                     570                      -1.8585696
                   572.5                      -1.6677486
                     575                      -1.4851288
                   577.5                      -1.3118825
                     580                      -1.1488935
                   582.5                      -0.9968038
                     585                     -0.85605135
                   587.5                     -0.72690173
                     590                     -0.60947994
                   592.5                     -0.50379091
                     595                     -0.40973837
                   597.5                     -0.32713834
                     600                     -0.25573701
                   602.5                     -0.19521204
                     605                     -0.14518271
                   607.5                      -0.1052198
                     610                    -0.074841518
                   612.5                    -0.053522577
                     615                    -0.040694641
                   617.5                    -0.035748298
                     620                    -0.038036087
                   622.5                    -0.046870933
                     625                    -0.061537249
                   627.5                    -0.081284938
                     630                     -0.10533809
                   632.5                     -0.13289902
                     635                     -0.16315883
                   637.5                     -0.19529896
                     640                     -0.22850652
                   642.5                     -0.26197336
                     645                     -0.29492355
                   647.5                      -0.3266123
                     650                      -0.3563438
                   652.5                      -0.3834857
                     655                     -0.40747387
                   657.5                     -0.42782966
                     660                     -0.44416574
                   662.5                     -0.45619508
                     665                     -0.46373189
                   667.5                     -0.46669836
                     670                     -0.46511676
                   672.5                     -0.45910545
                     675                     -0.44888039
                   677.5                     -0.43473625
                     680                     -0.41703301
                   682.5                     -0.39620031
                     685                     -0.37269762
                   687.5                     -0.34703097
                     690                     -0.31971026
                   692.5                     -0.29126176
                     695                     -0.26219968
                   697.5                     -0.23302545
                     700                      -0.2042134
                   702.5                     -0.17620705
                     705                     -0.14941361
                   707.5                     -0.12419508
                     710                     -0.10086964
                   712.5                    -0.079707537
                     715                    -0.060928147
                   717.5                     -0.04470287
                     720                    -0.031151399
                   722.5                     -0.02034644
                     725                    -0.012312978
                   727.5                   -0.0070297224
                     730                   -0.0044330364
                   732.5                   -0.0044189819
                     735                   -0.0068437196
                   737.5                     -0.01153201
                     740                    -0.018276917
                   742.5                    -0.026841319
                     745                    -0.036971903
                   747.5                    -0.048391664
                     750                    -0.060811689
                   752.5                     -0.07393548
                     755                     -0.08746395
                   757.5                       -0.101097
                     760                     -0.11454466
                   762.5                     -0.12752746
                     765                     -0.13978338
                   767.5                     -0.15107472
                     770                     -0.16118656
                   772.5                     -0.16993704
                     775                     -0.17717543
                   777.5                      -0.1827867
                     780                     -0.18669347
                   782.5                     -0.18885479
                     785                      -0.1892685
                   787.5                     -0.18796726
                     790                     -0.18501634
                   792.5                     -0.18051844
                     795                     -0.17459748
                   797.5                     -0.16740758
                     800                     -0.15912052
                   802.5                     -0.14992374
                     805                     -0.14001892
                   807.5                     -0.12961069
                     810                     -0.11891036
                   812.5                     -0.10812291
                     815                    -0.097451617
                   817.5                    -0.087086211
                     820                    -0.077208914
                   822.5                    -0.067980497
                     825                    -0.059548432
                   827.5                    -0.052037635
                     830                    -0.045553467
                   832.5                    -0.040176162
                     835                    -0.035966123
                   837.5                    -0.032958969
                     840                     -0.03116747
                   842.5                    -0.030582125
                     845                    -0.031170204
                   847.5                    -0.032881271
                     850                     -0.03564254
                   852.5                    -0.039367327
                     855                    -0.043951321
                   857.5                    -0.049277859
                     860                    -0.055219748
                   862.5                     -0.06164198
                     865                    -0.068402252
                   867.5                    -0.075358505
                     870                     -0.08236568
                   872.5                    -0.089284257
                     875                    -0.095978232
                   877.5                     -0.10231859
                     880                      -0.1081915
                   882.5                     -0.11348923
                     885                     -0.11812289
                   887.5                     -0.12201669
                     890                     -0.12511574
                   892.5                     -0.12737825
                     895                     -0.12878269
                   897.5                     -0.12932691
                     900                     -0.12902567
                   902.5                     -0.12790968
                     905                     -0.12602906
                   907.5                      -0.1234443
                     910                     -0.12023105
                   912.5                     -0.11647602
                     915                     -0.11227429
                   917.5                     -0.10772689
                     920                     -0.10294025
                   922.5                    -0.098022841
                     925                    -0.093082369
                   927.5                    -0.088224567
                     930                    -0.083551994
                   932.5                    -0.079158943
                     935                    -0.075132982
                   937.5                    -0.071552942
                     940                    -0.068487008
                   942.5                    -0.065990698
                     945                    -0.064109396
                   947.5                    -0.062873297
                     950                    -0.062301308
                   952.5                    -0.062399892
                     955                    -0.063159306
                   957.5                    -0.064562364
                     960                    -0.066576814
                   962.5                    -0.069159467
                     965                    -0.072258368
                   967.5                    -0.075813463
                     970                    -0.079756213
                   972.5                    -0.084014988
                     975                    -0.088507552
                   977.5                    -0.093154758
                     980                    -0.097875241
                   982.5                     -0.10258686
                     985                      -0.1072106
                   987.5                     -0.11166981
                     990                     -0.11589536
                   992.5                     -0.11982344
                     995                     -0.12339639
                   997.5                     -0.12656826
                    1000                     -0.12930081
                  1002.5                     -0.13156647
                    1005                     -0.13334884
                  1007.5                      -0.1346404
                    1010                     -0.13544774
                  1012.5                     -0.13578294
                    1015                     -0.13567477
                  1017.5                     -0.13515369
                    1020                     -0.13426416
                  1022.5                     -0.13305606
                    1025                     -0.13158321
                  1027.5                     -0.12990761
                    1030                       -0.128093
                  1032.5                     -0.12620706
                    1035                     -0.12431529
                  1037.5                     -0.12248439
                    1040                     -0.12077906
                  1042.5                     -0.11926122
                    1045                     -0.11798672
                  1047.5                     -0.11700809
                    1050                     -0.11637031
                  1052.5                     -0.11611184
                    1055                     -0.11626313
                  1057.5                     -0.11684857
                    1060                     -0.11788187
                  1062.5                       -0.119368
                    1065                     -0.12130627
                  1067.5                     -0.12368594
                    1070                     -0.12648669
                  1072.5                     -0.12968489
                    1075                     -0.13324761
                  1077.5                      -0.1371357
                    1080                     -0.14130716
                  1082.5                      -0.1457127
                    1085                     -0.15030333
                  1087.5                     -0.15502477
                    1090                     -0.15982363
                  1092.5                     -0.16464865
                    1095                     -0.16944543
                  1097.5                      -0.1741666
                    1100                     -0.17876281
                  1102.5                     -0.18319578
                    1105                      -0.1874265
                  1107.5                     -0.19142713
                    1110                     -0.19517084
                  1112.5                     -0.19864174
                    1115                     -0.20183181
                  1117.5                     -0.20473834
                    1120                     -0.20736633
                  1122.5                     -0.20972958
                    1125                     -0.21184827
                  1127.5                     -0.21374725
                    1130                     -0.21546002
                  1132.5                     -0.21702588
                    1135                     -0.21848663
                  1137.5                     -0.21988684
                    1140                     -0.22127512
                  1142.5                     -0.22270437
                    1145                     -0.22422161
                  1147.5                      -0.2258817
                    1150                     -0.22773063
                  1152.5                     -0.22981723
                    1155                      -0.2321855
                  1157.5                     -0.23487438
                    1160                     -0.23792019
                  1162.5                       -0.241354
                    1165                     -0.24520118
                  1167.5                     -0.24947732
                    1170                     -0.25419941
                  1172.5                     -0.25936975
                    1175                     -0.26499144
                  1177.5                      -0.2710553
                    1180                     -0.27755291
                  1182.5                      -0.2844631
                    1185                     -0.29176541
                  1187.5                     -0.29943166
                    1190                     -0.30743353
                  1192.5                     -0.31573509
                    1195                     -0.32430078
                  1197.5                     -0.33309506
                    1200                     -0.34208088
                  1202.5                     -0.35122235
                    1205                     -0.36048302
                  1207.5                     -0.36983116
                    1210                     -0.37923975
                  1212.5                       -0.388681
                    1215                     -0.39813946
                  1217.5                     -0.40759745
                    1220                     -0.41704735
                  1222.5                     -0.42648741
                    1225                      -0.4359246
                  1227.5                     -0.44536925
                    1230                     -0.45483931
                  1232.5                     -0.46436289
                    1235                     -0.47397101
                  1237.5                     -0.48370201
                    1240                     -0.49359999
                  1242.5                     -0.50371343
                    1245                     -0.51409695
                  1247.5                      -0.5248072
                    1250                     -0.53590427
                  1252.5                     -0.54745036
                    1255                     -0.55950853
                  1257.5                     -0.57214367
                    1260                     -0.58541783
                  1262.5                     -0.59939256
                    1265                     -0.61412787
                  1267.5                     -0.62968285
                    1270                     -0.64610762
                  1272.5                     -0.66345458
                    1275                     -0.68176913
                  1277.5                     -0.70109148
                    1280                     -0.72145975
                  1282.5                     -0.74290623
                    1285                     -0.76545696
                  1287.5                     -0.78913627
                    1290                     -0.81396202
                  1292.5                      -0.8399537
                    1295                     -0.86712221
                  1297.5                     -0.89547906
                    1300                      -0.9250342
                  1302.5                     -0.95579919
                    1305                     -0.98778182
                  1307.5                      -1.0209995
                    1310                       -1.055464
                  1312.5                      -1.0911977
                    1315                      -1.1282277
                  1317.5                      -1.1665851
                    1320                      -1.2063129
                  1322.5                      -1.2474596
                    1325                      -1.2900878
                  1327.5                      -1.3342688
                    1330                      -1.3800879
                  1332.5                      -1.4276432
                    1335                      -1.4770492
                  1337.5                      -1.5284293
                    1340                      -1.5819306
                  1342.5                      -1.6377076
                    1345                      -1.6959376
                  1347.5                      -1.7568105
                    1350                      -1.8205332
                  1352.5                      -1.8873284
                    1355                      -1.9574355
                  1357.5                      -2.0311106
                    1360                      -2.1086238
                  1362.5                      -2.1902629
                    1365                      -2.2763285
                  1367.5                      -2.3671371
                    1370                      -2.4630225
                  1372.5                      -2.5643301
                    1375                      -2.6714207
                  1377.5                      -2.7846709
                    1380                      -2.9044737
                  1382.5                      -3.0312355
                    1385                      -3.1653801
                  1387.5                      -3.3073453
                    1390                      -3.4575918
                  1392.5                      -3.6165954
                    1395                       -3.784855
                  1397.5                      -3.9628887
                    1400                      -4.1512418
                  1402.5                      -4.3504835
                    1405                      -4.5612128
                  1407.5                      -4.7840592
                    1410                      -5.0196846
                  1412.5                      -5.2687897
                    1415                      -5.5321136
                  1417.5                      -5.8104374
                    1420                       -6.104585
                  1422.5                      -6.4154241
                    1425                       -6.743868
                  1427.5                      -7.0908655
                    1430                      -7.4574022
                  1432.5                      -7.8444775
                    1435                      -8.2530825
                  1437.5                      -8.6841608
                    1440                      -9.1385383
                  1442.5                      -9.6168354
                    1445                      -10.119311
                  1447.5                      -10.645635
                    1450                      -11.194568
                  1452.5                      -11.763474
                    1455                      -12.347647
                  1457.5                      -12.939428
                    1460                       -13.52709
                  1462.5                      -14.093709
                    1465                      -14.616409
                  1467.5                      -15.066794
                    1470                      -15.413586
                  1472.5                      -15.628019
                    1475                      -15.690986
                  1477.5                      -15.598854
                    1480                       -15.36467
                  1482.5                      -15.013959
                    1485                      -14.577677
                  1487.5                      -14.085838
                    1490                      -13.563724
                  1492.5                      -13.030638
                    1495                      -12.500289
                  1497.5                       -11.98183
                    1500                      -11.481014
                  1502.5                      -11.001176
                    1505                      -10.544005
                  1507.5                      -10.110092
                    1510                      -9.6993186
                  1512.5                      -9.3111278
                    1515                      -8.9446918
                  1517.5                      -8.5990341
                    1520                      -8.2731088
                  1522.5                      -7.9658499
                    1525                      -7.6761958
                  1527.5                       -7.403116
                    1530                      -7.1456189
                  1532.5                      -6.9027578
                    1535                      -6.6736344
                  1537.5                      -6.4573953
                    1540                      -6.2532389
                  1542.5                      -6.0604049
                    1545                      -5.8781773
                  1547.5                      -5.7058827
                    1550                      -5.5428844
                  1552.5                      -5.3885847
                    1555                       -5.242421
                  1557.5                      -5.1038611
                    1560                      -4.9724051
                  1562.5                      -4.8475884
                    1565                      -4.7289698
                  1567.5                      -4.6161393
                    1570                      -4.5087111
                  1572.5                      -4.4063279
                    1575                      -4.3086557
                  1577.5                      -4.2153865
                    1580                      -4.1262335
                  1582.5                      -4.0409356
                    1585                      -3.9592516
                  1587.5                      -3.8809589
                    1590                      -3.8058593
                  1592.5                        -3.73377
                    1595                       -3.664528
                  1597.5                      -3.5979883
                    1600                      -3.5340163
                  1602.5                      -3.4724978
                    1605                      -3.4133294
                  1607.5                      -3.3564193
                    1610                       -3.301687
                  1612.5                      -3.2490622
                    1615                      -3.1984817
                  1617.5                      -3.1498891
                    1620                      -3.1032369
                  1622.5                      -3.0584806
                    1625                      -3.0155761
                  1627.5                       -2.974488
                    1630                      -2.9351793
                  1632.5                       -2.897615
                    1635                      -2.8617572
                  1637.5                      -2.8275734
                    1640                      -2.7950259
                  1642.5                      -2.7640773
                    1645                      -2.7346871
                  1647.5                      -2.7068145
                    1650                      -2.6804163
                  1652.5                      -2.6554458
                    1655                      -2.6318551
                  1657.5                      -2.6095966
                    1660                      -2.5886165
                  1662.5                      -2.5688639
                    1665                      -2.5502839
                  1667.5                      -2.5328221
                    1670                      -2.5164251
                  1672.5                      -2.5010382
                    1675                      -2.4866053
                  1677.5                      -2.4730756
                    1680                      -2.4603985
                  1682.5                      -2.4485254
                    1685                      -2.4374108
                  1687.5                      -2.4270119
                    1690                      -2.4172877
                  1692.5                       -2.408206
                    1695                       -2.399732
                  1697.5                       -2.391841
                    1700                      -2.3845101
                  1702.5                      -2.3777219
                    1705                       -2.371463
                  1707.5                      -2.3657228
                    1710                      -2.3604995
                  1712.5                      -2.3557913
                    1715                      -2.3516035
                  1717.5                      -2.3479399
                    1720                      -2.3448146
                  1722.5                      -2.3422379
                    1725                       -2.340228
                  1727.5                      -2.3387997
                    1730                      -2.3379734
                  1732.5                       -2.337768
                    1735                      -2.3382025
                  1737.5                      -2.3392991
                    1740                      -2.3410739
                  1742.5                       -2.343546
                    1745                      -2.3467336
                  1747.5                      -2.3506499
                    1750                      -2.3553076
                  1752.5                      -2.3607179
                    1755                      -2.3668875
                  1757.5                      -2.3738223
                    1760                      -2.3815243
                  1762.5                      -2.3899929
                    1765                      -2.3992251
                  1767.5                      -2.4092123
                    1770                      -2.4199489
                  1772.5                      -2.4314213
                    1775                      -2.4436174
                  1777.5                      -2.4565214
                    1780                      -2.4701176
                  1782.5                      -2.4843857
                    1785                      -2.4993089
                  1787.5                      -2.5148676
                    1790                       -2.531041
                  1792.5                      -2.5478104
                    1795                      -2.5651578
                  1797.5                      -2.5830652
                    1800                      -2.6015175
                  1802.5                      -2.6204985
                    1805                      -2.6399956
                  1807.5                      -2.6599991
                    1810                      -2.6805014
                  1812.5                      -2.7014934
                    1815                      -2.7229734
                  1817.5                      -2.7449403
                    1820                      -2.7673922
                  1822.5                      -2.7903352
                    1825                       -2.813772
                  1827.5                      -2.8377075
                    1830                      -2.8621498
                  1832.5                      -2.8871078
                    1835                      -2.9125868
                  1837.5                      -2.9385962
                    1840                      -2.9651436
                  1842.5                      -2.9922328
                    1845                      -3.0198686
                  1847.5                      -3.0480524
                    1850                      -3.0767817
                  1852.5                      -3.1060499
                    1855                      -3.1358461
                  1857.5                      -3.1661581
                    1860                      -3.1969625
                  1862.5                      -3.2282354
                    1865                      -3.2599415
                  1867.5                      -3.2920432
                    1870                      -3.3244922
                  1872.5                      -3.3572354
                    1875                      -3.3902116
                  1877.5                      -3.4233511
                    1880                      -3.4565767
                  1882.5                      -3.4898056
                    1885                      -3.5229464
                  1887.5                      -3.5558994
                    1890                        -3.58856
                  1892.5                      -3.6208189
                    1895                       -3.652557
                  1897.5                      -3.6836541
                    1900                       -3.713985
                  1902.5                      -3.7434207
                    1905                      -3.7718309
                  1907.5                      -3.7990844
                    1910                      -3.8250475
                  1912.5                      -3.8495928
                    1915                      -3.8725898
                  1917.5                       -3.893914
                    1920                      -3.9134456
                  1922.5                      -3.9310699
                    1925                       -3.946678
                  1927.5                      -3.9601721
                    1930                      -3.9714605
                  1932.5                      -3.9804612
                    1935                      -3.9871018
                  1937.5                       -3.991324
                    1940                      -3.9930792
                  1942.5                      -3.9923292
                    1945                      -3.9890492
                  1947.5                      -3.9832263
                    1950                      -3.9748583
                  1952.5                      -3.9639536
                    1955                      -3.9505352
                  1957.5                      -3.9346348
                    1960                      -3.9162937
                  1962.5                       -3.895564
                    1965                      -3.8725054
                  1967.5                      -3.8471856
                    1970                      -3.8196829
                  1972.5                      -3.7900758
                    1975                      -3.7584547
                  1977.5                      -3.7249101
                    1980                        -3.68954
                  1982.5                      -3.6524428
                    1985                      -3.6137231
                  1987.5                      -3.5734843
                    1990                      -3.5318326
                  1992.5                      -3.4888748
                    1995                      -3.4447183
                  1997.5                      -3.3994723
                    2000                      -3.3532405
                  2002.5                      -3.3061305
                    2005                      -3.2582476
                  2007.5                       -3.209694
                    2010                      -3.1605717
                  2012.5                      -3.1109792
                    2015                      -3.0610147
                  2017.5                      -3.0107734
                    2020                      -2.9603464
                  2022.5                      -2.9098228
                    2025                      -2.8592921
                  2027.5                      -2.8088355
                    2030                      -2.7585326
                  2032.5                      -2.7084615
                    2035                      -2.6586947
                  2037.5                      -2.6093018
                    2040                      -2.5603476
                  2042.5                      -2.5118952
                    2045                      -2.4640019
                  2047.5                      -2.4167204
                    2050                      -2.3700994
                  2052.5                      -2.3241867
                    2055                      -2.2790185
                  2057.5                      -2.2346337
                    2060                      -2.1910644
                  2062.5                      -2.1483354
                    2065                      -2.1064711
                  2067.5                      -2.0654885
                    2070                      -2.0254036
                  2072.5                      -1.9862245
                    2075                      -1.9479578
                  2077.5                      -1.9106042
                    2080                      -1.8741631
                  2082.5                      -1.8386277
                    2085                      -1.8039908
                  2087.5                        -1.77024
                    2090                      -1.7373585
                  2092.5                      -1.7053311
                    2095                      -1.6741381
                  2097.5                      -1.6437569
                    2100                      -1.6141648
                  2102.5                      -1.5853381
                    2105                      -1.5572512
                  2107.5                       -1.529878
                    2110                      -1.5031922
                  2112.5                      -1.4771678
                    2115                      -1.4517775
                  2117.5                      -1.4269986
                    2120                      -1.4028037
                  2122.5                      -1.3791717
                    2125                      -1.3560796
                  2127.5                       -1.333506
                    2130                      -1.3114334
                  2132.5                      -1.2898444
                    2135                      -1.2687234
                  2137.5                      -1.2480569
                    2140                      -1.2278332
                  2142.5                      -1.2080428
                    2145                      -1.1886782
                  2147.5                      -1.1697326
                    2150                      -1.1512023
                  2152.5                      -1.1330831
                    2155                      -1.1153732
                  2157.5                      -1.0980734
                    2160                      -1.0811814
                  2162.5                      -1.0646996
                    2165                      -1.0486287
                  2167.5                        -1.03297
                    2170                      -1.0177237
                  2172.5                      -1.0028918
                    2175                     -0.98847449
                  2177.5                     -0.97447202
                    2180                     -0.96088128
                  2182.5                     -0.94770176
                    2185                     -0.93492974
                  2187.5                     -0.92255997
                    2190                     -0.91058698
                  2192.5                     -0.89900261
                    2195                     -0.88779895
                  2197.5                      -0.8769647
                    2200                     -0.86648616
                  2202.5                     -0.85635443
                    2205                     -0.84655178
                  2207.5                     -0.83706325
                    2210                     -0.82787242
                  2212.5                     -0.81896326
                    2215                     -0.81031712
                  2217.5                     -0.80191527
                    2220                     -0.79374229
                  2222.5                     -0.78577658
                    2225                     -0.77800272
                  2227.5                      -0.7704025
                    2230                     -0.76295831
                  2232.5                     -0.75565809
                    2235                     -0.74848309
                  2237.5                     -0.74142448
                    2240                     -0.73446786
                  2242.5                      -0.7276059
                    2245                     -0.72082883
                  2247.5                     -0.71413122
                    2250                     -0.70750745
                  2252.5                     -0.70095582
                    2255                     -0.69447611
                  2257.5                     -0.68806795
                    2260                     -0.68173367
                  2262.5                     -0.67547903
                    2265                     -0.66930774
                  2267.5                     -0.66322617
                    2270                     -0.65724342
                  2272.5                     -0.65136656
                    2275                      -0.6456026
                  2277.5                     -0.63996331
                    2280                     -0.63445577
                  2282.5                     -0.62909054
                    2285                      -0.6238736
                  2287.5                     -0.61881333
                    2290                      -0.6139174
                  2292.5                     -0.60918933
                    2295                     -0.60463502
                  2297.5                     -0.60025667
                    2300                      -0.5960561
                  2302.5                     -0.59203223
                    2305                     -0.58818409
                  2307.5                     -0.58450685
                    2310                     -0.58099612
                  2312.5                     -0.57764432
                    2315                     -0.57444373
                  2317.5                     -0.57138397
                    2320                     -0.56845355
                  2322.5                     -0.56564214
                    2325                     -0.56293396
                  2327.5                     -0.56031605
                    2330                     -0.55777347
                  2332.5                     -0.55529231
                    2335                     -0.55285845
                  2337.5                     -0.55045624
                    2340                     -0.54807236
                  2342.5                      -0.5456932
                    2345                     -0.54330737
                  2347.5                     -0.54090341
                    2350                     -0.53847153
                  2352.5                     -0.53600562
                    2355                     -0.53349634
                  2357.5                     -0.53093993
                    2360                     -0.52833518
                  2362.5                     -0.52567925
                    2365                     -0.52297412
                  2367.5                     -0.52022342
                    2370                     -0.51742941
                  2372.5                     -0.51460104
                    2375                     -0.51174348
                  2377.5                     -0.50886628
                    2380                     -0.50598181
                  2382.5                     -0.50309766
                    2385                     -0.50022806
                  2387.5                     -0.49738293
                    2390                     -0.49457669
                  2392.5                     -0.49181955
                    2395                     -0.48912463
                  2397.5                     -0.48650087
                    2400                     -0.48395975
                  2402.5                     -0.48151108
                    2405                     -0.47916115
                  2407.5                     -0.47691485
                    2410                     -0.47478099
                  2412.5                     -0.47275611
                    2415                     -0.47084711
                  2417.5                      -0.4690496
                    2420                     -0.46736073
                  2422.5                     -0.46577557
                    2425                     -0.46428913
                  2427.5                     -0.46289087
                    2430                     -0.46157339
                  2432.5                     -0.46032192
                    2435                     -0.45912746
                  2437.5                     -0.45797565
                    2440                     -0.45684958
                  2442.5                     -0.45573778
                    2445                      -0.4546241
                  2447.5                     -0.45349529
                    2450                     -0.45233535
                  2452.5                     -0.45113039
                    2455                     -0.44986985
                  2457.5                     -0.44854034
                    2460                     -0.44713268
                  2462.5                     -0.44563762
                    2465                     -0.44404985
                  2467.5                     -0.44236366
                    2470                     -0.44057664
                  2472.5                     -0.43868911
                    2475                     -0.43670145
                  2477.5                     -0.43461672
                    2480                     -0.43244276
                  2482.5                     -0.43018613
                    2485                     -0.42785539
                  2487.5                     -0.42546379
                    2490                      -0.4230212
                  2492.5                     -0.42054273
                    2495                     -0.41804209
                  2497.5                     -0.41553515
                    2500                     -0.41303439
                  2502.5                     -0.41055914
                    2505                     -0.40812225
                  2507.5                     -0.40573832
                    2510                     -0.40342002
                  2512.5                     -0.40117987
                    2515                     -0.39902909
                  2517.5                     -0.39697728
                    2520                     -0.39502961
                  2522.5                      -0.3931936
                    2525                     -0.39147082
                  2527.5                     -0.38986327
                    2530                     -0.38836808
                  2532.5                     -0.38698399
                    2535                     -0.38570398
                  2537.5                     -0.38452007
                    2540                     -0.38342344
                  2542.5                     -0.38240131
                    2545                     -0.38144137
                  2547.5                     -0.38053017
                    2550                     -0.37965139
                  2552.5                     -0.37878963
                    2555                     -0.37792822
                  2557.5                     -0.37705002
                    2560                     -0.37613906
                  2562.5                     -0.37518254
                    2565                     -0.37416294
                  2567.5                      -0.3730667
                    2570                     -0.37188372
                  2572.5                     -0.37060186
                    2575                     -0.36921549
                  2577.5                     -0.36771655
                    2580                     -0.36610296
                  2582.5                      -0.3643729
                    2585                     -0.36252766
                  2587.5                     -0.36057182
                    2590                     -0.35851015
                  2592.5                     -0.35635203
                    2595                     -0.35410964
                  2597.5                     -0.35179151
                    2600                     -0.34941672
                  2602.5                     -0.34699906
                    2605                     -0.34455522
                  2607.5                     -0.34210498
                    2610                     -0.33966377
                  2612.5                     -0.33725291
                    2615                     -0.33488941
                  2617.5                     -0.33258916
                    2620                     -0.33037216
                  2622.5                     -0.32825258
                    2625                     -0.32624383
                  2627.5                     -0.32435853
                    2630                     -0.32260503
                  2632.5                     -0.32099136
                    2635                      -0.3195237
                  2637.5                     -0.31820289
                    2640                     -0.31702845
                  2642.5                     -0.31599787
                    2645                     -0.31510575
                  2647.5                     -0.31434255
                    2650                     -0.31369715
                  2652.5                     -0.31315777
                    2655                       -0.312708
                  2657.5                     -0.31233278
                    2660                      -0.3120112
                  2662.5                     -0.31172612
                    2665                     -0.31145737
                  2667.5                     -0.31118242
                    2670                     -0.31088442
                  2672.5                     -0.31054193
                    2675                     -0.31013505
                  2677.5                     -0.30964944
                    2680                      -0.3090667
                  2682.5                     -0.30837496
                    2685                     -0.30756082
                  2687.5                     -0.30661861
                    2690                     -0.30553927
                  2692.5                     -0.30432194
                    2695                     -0.30296471
                  2697.5                      -0.3014736
                    2700                     -0.29985115
                  2702.5                     -0.29810948
                    2705                     -0.29625843
                  2707.5                     -0.29431402
                    2710                     -0.29229194
                  2712.5                     -0.29021042
                    2715                     -0.28809154
                  2717.5                     -0.28595503
                    2720                     -0.28382497
                  2722.5                     -0.28172443
                    2725                     -0.27967426
                  2727.5                     -0.27769814
                    2730                      -0.2758165
                  2732.5                     -0.27405046
                    2735                     -0.27241633
                  2737.5                     -0.27093105
                    2740                     -0.26960772
                  2742.5                     -0.26845536
                    2745                     -0.26748397
                  2747.5                     -0.26669582
                    2750                     -0.26609236
                  2752.5                     -0.26566983
                    2755                     -0.26542309
                  2757.5                     -0.26534403
                    2760                     -0.26541652
                  2762.5                     -0.26562865
                    2765                      -0.2659596
                  2767.5                     -0.26638911
                    2770                     -0.26689562
                  2772.5                     -0.26745437
                    2775                     -0.26803896
                  2777.5                     -0.26862455
                    2780                     -0.26918413
                  2782.5                     -0.26969337
                    2785                     -0.27012586
                  2787.5                     -0.27045972
                    2790                     -0.27067376
                  2792.5                     -0.27074722
                    2795                     -0.27066549
                  2797.5                     -0.27041479
                    2800                     -0.26998667
                  2802.5                     -0.26937451
                    2805                     -0.26857724
                  2807.5                      -0.2675958
                    2810                      -0.2664376
                  2812.5                     -0.26511135
                    2815                      -0.2636328
                  2817.5                     -0.26201804
                    2820                     -0.26028683
                  2822.5                      -0.2584629
                    2825                     -0.25657233
                  2827.5                     -0.25464239
                    2830                     -0.25270225
                  2832.5                     -0.25078037
                    2835                     -0.24890744
                  2837.5                     -0.24711363
                    2840                     -0.24542654
                  2842.5                      -0.2438722
                    2845                     -0.24247626
                  2847.5                     -0.24126164
                    2850                     -0.24024509
                  2852.5                     -0.23944418
                    2855                      -0.2388696
                  2857.5                     -0.23852785
                    2860                     -0.23842333
                  2862.5                      -0.2385531
                    2865                     -0.23891185
                  2867.5                     -0.23948929
                    2870                     -0.24027115
                  2872.5                     -0.24123678
                    2875                     -0.24236541
                  2877.5                     -0.24362881
                    2880                      -0.2450003
                  2882.5                     -0.24644576
                    2885                     -0.24793473
                  2887.5                     -0.24943135
                    2890                     -0.25090036
                  2892.5                     -0.25230826
                    2895                     -0.25361974
                  2897.5                     -0.25480433
                    2900                     -0.25583173
                  2902.5                     -0.25667337
                    2905                     -0.25730684
                  2907.5                     -0.25771365
                    2910                     -0.25787767
                  2912.5                     -0.25778957
                    2915                     -0.25744364
                  2917.5                     -0.25684228
                    2920                     -0.25598894
                  2922.5                     -0.25489751
                    2925                     -0.25358296
                  2927.5                     -0.25206588
                    2930                     -0.25037475
                  2932.5                     -0.24853763
                    2935                     -0.24658814
                  2937.5                     -0.24456416
                    2940                     -0.24250245
                  2942.5                     -0.24044583
                    2945                     -0.23843191
                  2947.5                      -0.2365038
                    2950                     -0.23469949
                  2952.5                     -0.23305748
                    2955                     -0.23161284
                  2957.5                     -0.23039846
                    2960                     -0.22944004
                  2962.5                     -0.22876305
                    2965                     -0.22838537
                  2967.5                     -0.22831937
                    2970                     -0.22857225
                  2972.5                     -0.22914459
                    2975                     -0.23003095
                  2977.5                     -0.23121954
                    2980                     -0.23269362
                  2982.5                     -0.23442849
                    2985                     -0.23639475
                  2987.5                     -0.23855889
                    2990                     -0.24088323
                  2992.5                     -0.24332446
                    2995                     -0.24583887
                  2997.5                     -0.24837693
                    3000                     -0.25089253

