        Frequency / MHz                S1,1/abs,dB
----------------------------------------------------------------------
                     500                    -0.090201412
                   502.5                    -0.073420005
                     505                     -0.05569246
                   507.5                    -0.038537207
                     510                    -0.023360324
                   512.5                    -0.011351309
                     515                   -0.0033919699
                   517.5                  -1.6139625e-07
                     520                    -0.001307814
                   522.5                   -0.0070599496
                     525                    -0.016640974
                   527.5                    -0.029140299
                     530                    -0.043418299
                   532.5                    -0.058204112
                     535                    -0.072206447
                   537.5                    -0.084216166
                     540                    -0.093215221
                   542.5                    -0.098460117
                     545                    -0.099551304
                   547.5                    -0.096454017
                     550                    -0.089502876
                   552.5                    -0.079359943
                     555                     -0.06694702
                   557.5                    -0.053357948
                     560                    -0.039761669
                   562.5                    -0.027297829
                     565                    -0.016990775
                   567.5                   -0.0096606417
                     570                   -0.0058753732
                   572.5                   -0.0059087818
                     575                   -0.0097238572
                   577.5                     -0.01697839
                     580                    -0.027063404
                   582.5                    -0.039141947
                     585                    -0.052221406
                   587.5                    -0.065231295
                     590                    -0.077113691
                   592.5                    -0.086908921
                     595                    -0.093834391
                   597.5                    -0.097359022
                     600                    -0.097238619
                   602.5                    -0.093543743
                     605                    -0.086644755
                   607.5                    -0.077173696
                     610                    -0.065973254
                   612.5                    -0.054011849
                     615                     -0.04230901
                   617.5                    -0.031844768
                     620                    -0.023489523
                   622.5                    -0.017934069
                     625                    -0.015638097
                   627.5                    -0.016807185
                     630                    -0.021374001
                   632.5                     -0.02900496
                     635                    -0.039130868
                   637.5                      -0.0509887
                     640                    -0.063679505
                   642.5                    -0.076239467
                     645                    -0.087714917
                   647.5                     -0.09724268
                     650                     -0.10412118
                   652.5                     -0.10786767
                     655                     -0.10826024
                   657.5                     -0.10535589
                     660                    -0.099487016
                   662.5                    -0.091219593
                     665                    -0.081318777
                   667.5                    -0.070667809
                     670                    -0.060206968
                   672.5                    -0.050849593
                     675                    -0.043414883
                   677.5                    -0.038568799
                     680                    -0.036772206
                   682.5                     -0.03825501
                     685                    -0.042995093
                   687.5                    -0.050725418
                     690                    -0.060951834
                   692.5                    -0.072992275
                     695                    -0.086026412
                   697.5                    -0.099153676
                     700                     -0.11146994
                   702.5                     -0.12213557
                     705                     -0.13044161
                   707.5                     -0.13587336
                     710                     -0.13815057
                   712.5                     -0.13725009
                     715                     -0.13341117
                   717.5                     -0.12710859
                     720                     -0.11901769
                   722.5                     -0.10995369
                     725                     -0.10080742
                   727.5                    -0.092473623
                     730                    -0.085783945
                   732.5                    -0.081445033
                     735                    -0.079987204
                   737.5                    -0.081732681
                     740                    -0.086766062
                   742.5                    -0.094936109
                     745                     -0.10586178
                   747.5                     -0.11896492
                     750                     -0.13350496
                   752.5                     -0.14863765
                     755                      -0.1634775
                   757.5                     -0.17716223
                     760                     -0.18892447
                   762.5                     -0.19815401
                     765                     -0.20444508
                   767.5                     -0.20763595
                     770                      -0.2078195
                   772.5                     -0.20534008
                     775                     -0.20076096
                   777.5                     -0.19482302
                     780                     -0.18838474
                   782.5                     -0.18235768
                     785                     -0.17763798
                   787.5                     -0.17504042
                     790                     -0.17524275
                   792.5                      -0.1787406
                     795                     -0.18581253
                   797.5                     -0.19650581
                     800                     -0.21062784
                   802.5                     -0.22776722
                     805                     -0.24731517
                   807.5                     -0.26851102
                     810                     -0.29049534
                   812.5                     -0.31236867
                     815                     -0.33326988
                   817.5                     -0.35243426
                     820                     -0.36926293
                   822.5                     -0.38337141
                     825                     -0.39462873
                   827.5                     -0.40317007
                     830                     -0.40939822
                   832.5                     -0.41394963
                     835                     -0.41765932
                   837.5                     -0.42149752
                     840                     -0.42650849
                   842.5                     -0.43374119
                     845                     -0.44418348
                   847.5                     -0.45869731
                     850                     -0.47798315
                   852.5                     -0.50252651
                     855                     -0.53258574
                   857.5                     -0.56817711
                     860                     -0.60908388
                   862.5                     -0.65487425
                     865                     -0.70493336
                   867.5                     -0.75851933
                     870                     -0.81481202
                   872.5                     -0.87299474
                     875                     -0.93231877
                   877.5                     -0.99218535
                     880                      -1.0522079
                   882.5                      -1.1122774
                     885                      -1.1725989
                   887.5                      -1.2337131
                     890                      -1.2964953
                   892.5                       -1.362129
                     895                      -1.4320573
                   897.5                      -1.5079266
                     900                      -1.5915053
                   902.5                      -1.6846066
                     905                      -1.7890013
                   907.5                      -1.9063254
                     910                      -2.0379991
                   912.5                      -2.1851302
                     915                      -2.3484134
                   917.5                      -2.5280376
                     920                       -2.723556
                   922.5                      -2.9337659
                     925                      -3.1565682
                   927.5                      -3.3888206
                     930                      -3.6262184
                   932.5                      -3.8631977
                     935                      -4.0929533
                   937.5                      -4.3075914
                     940                      -4.4984846
                   942.5                      -4.6568844
                     945                      -4.7747386
                   947.5                      -4.8456402
                     950                      -4.8656875
                   952.5                      -4.8340645
                     955                      -4.7531579
                   957.5                      -4.6281631
                     960                      -4.4663468
                   962.5                       -4.276086
                     965                      -4.0660011
                   967.5                      -3.8442271
                     970                      -3.6179598
                   972.5                      -3.3932141
                     975                      -3.1747618
                   977.5                      -2.9661895
                     980                      -2.7700052
                   982.5                      -2.5877943
                     985                      -2.4203568
                   987.5                      -2.2678517
                     990                      -2.1299086
                   992.5                      -2.0057573
                     995                      -1.8943026
                   997.5                      -1.7942329
                    1000                       -1.704086
                  1002.5                      -1.6223379
                    1005                      -1.5474629
                  1007.5                      -1.4780108
                    1010                      -1.4126539
                  1012.5                      -1.3502512
                    1015                      -1.2898768
                  1017.5                       -1.230853
                    1020                      -1.1727547
                  1022.5                       -1.115408
                    1025                      -1.0588728
                  1027.5                      -1.0033983
                    1030                     -0.94938887
                  1032.5                     -0.89735597
                    1035                     -0.84785649
                  1037.5                      -0.8014432
                    1040                     -0.75862103
                  1042.5                     -0.71980598
                    1045                     -0.68528154
                  1047.5                     -0.65518887
                    1050                     -0.62950227
                  1052.5                     -0.60803124
                    1055                     -0.59042319
                  1057.5                      -0.5761851
                    1060                      -0.5647011
                  1062.5                     -0.55527118
                    1065                     -0.54715164
                  1067.5                     -0.53959061
                    1070                     -0.53188238
                  1072.5                     -0.52340486
                    1075                     -0.51365603
                  1077.5                     -0.50229115
                    1080                     -0.48913855
                  1082.5                     -0.47420597
                    1085                     -0.45767569
                  1087.5                     -0.43988719
                    1090                     -0.42130852
                  1092.5                     -0.40249602
                    1095                     -0.38405021
                  1097.5                     -0.36657697
                    1100                     -0.35063716
                  1102.5                      -0.3367106
                    1105                     -0.32516078
                  1107.5                     -0.31621251
                    1110                     -0.30993349
                  1112.5                     -0.30623301
                    1115                     -0.30486277
                  1117.5                     -0.30543409
                    1120                     -0.30744846
                  1122.5                     -0.31031992
                    1125                     -0.31342466
                  1127.5                     -0.31614047
                    1130                     -0.31788965
                  1132.5                     -0.31818745
                    1135                     -0.31666875
                  1137.5                     -0.31312747
                    1140                     -0.30752263
                  1142.5                     -0.29998552
                    1145                     -0.29080901
                  1147.5                     -0.28042326
                    1150                     -0.26936381
                  1152.5                     -0.25822658
                    1155                     -0.24762746
                  1157.5                     -0.23815456
                    1160                     -0.23032598
                  1162.5                     -0.22454819
                    1165                     -0.22109488
                  1167.5                     -0.22007878
                    1170                     -0.22144766
                  1172.5                     -0.22498839
                    1175                     -0.23033066
                  1177.5                     -0.23698338
                    1180                     -0.24436013
                  1182.5                     -0.25182652
                    1185                     -0.25874062
                  1187.5                     -0.26450873
                    1190                     -0.26862461
                  1192.5                     -0.27071475
                    1195                     -0.27056996
                  1197.5                     -0.26815989
                    1200                     -0.26364265
                  1202.5                     -0.25734573
                    1205                     -0.24975285
                  1207.5                     -0.24145265
                    1210                     -0.23310679
                  1212.5                     -0.22539083
                    1215                     -0.21894701
                  1217.5                     -0.21433896
                    1220                     -0.21200239
                  1222.5                     -0.21222183
                    1225                     -0.21510251
                  1227.5                     -0.22056407
                    1230                     -0.22834353
                  1232.5                     -0.23800648
                    1235                     -0.24898472
                  1237.5                     -0.26060981
                    1240                     -0.27215992
                  1242.5                     -0.28291934
                    1245                     -0.29223637
                  1247.5                     -0.29956708
                    1250                     -0.30453407
                  1252.5                      -0.3069561
                    1255                     -0.30686462
                  1257.5                      -0.3045106
                    1260                      -0.3003464
                  1262.5                     -0.29499361
                    1265                     -0.28919514
                  1267.5                     -0.28376174
                    1270                     -0.27951011
                  1272.5                     -0.27720474
                    1275                     -0.27749693
                  1277.5                     -0.28088695
                    1280                     -0.28767297
                  1282.5                     -0.29794039
                    1285                     -0.31154308
                  1287.5                     -0.32811539
                    1290                     -0.34709051
                  1292.5                     -0.36774044
                    1295                     -0.38922542
                  1297.5                     -0.41065573
                    1300                     -0.43116502
                  1302.5                     -0.44998092
                    1305                     -0.46649703
                  1307.5                     -0.48033192
                    1310                      -0.4913718
                  1312.5                     -0.49979604
                    1315                     -0.50607559
                  1317.5                     -0.51094869
                    1320                     -0.51537331
                  1322.5                     -0.52046651
                    1325                     -0.52742491
                  1327.5                     -0.53745519
                    1330                     -0.55168223
                  1332.5                     -0.57108554
                    1335                     -0.59643905
                  1337.5                     -0.62825682
                    1340                     -0.66676797
                  1342.5                     -0.71189996
                    1345                     -0.76329123
                  1347.5                     -0.82031473
                    1350                     -0.88213405
                  1352.5                     -0.94777528
                    1355                      -1.0162227
                  1357.5                      -1.0865316
                    1360                      -1.1579528
                  1362.5                      -1.2300532
                    1365                      -1.3028374
                  1367.5                      -1.3768427
                    1370                      -1.4532092
                  1372.5                      -1.5337124
                    1375                      -1.6207641
                  1377.5                      -1.7173887
                    1380                       -1.827168
                  1382.5                      -1.9541829
                    1385                      -2.1029675
                  1387.5                       -2.278467
                    1390                      -2.4860349
                  1392.5                      -2.7314645
                    1395                      -3.0210862
                  1397.5                      -3.3619051
                    1400                      -3.7618538
                  1402.5                       -4.230139
                    1405                       -4.777775
                  1407.5                      -5.4183701
                    1410                      -6.1693432
                  1412.5                       -7.053873
                    1415                      -8.1041547
                  1417.5                      -9.3672533
                    1420                      -10.916419
                  1422.5                      -12.875388
                    1425                      -15.478565
                  1427.5                       -19.25264
                    1430                       -25.67864
                  1432.5                      -29.803476
                    1435                      -21.603818
                  1437.5                      -16.972111
                    1440                      -13.967292
                  1442.5                      -11.780673
                    1445                      -10.086372
                  1447.5                      -8.7232891
                    1450                      -7.6002076
                  1452.5                      -6.6603706
                    1455                      -5.8658914
                  1457.5                      -5.1900294
                    1460                      -4.6130174
                  1462.5                      -4.1196404
                    1465                      -3.6977532
                  1467.5                      -3.3373392
                    1470                      -3.0298889
                  1472.5                      -2.7679792
                    1475                      -2.5450083
                  1477.5                      -2.3550072
                    1480                       -2.192541
                  1482.5                      -2.0526506
                    1485                      -1.9308459
                  1487.5                       -1.823123
                    1490                      -1.7259992
                  1492.5                      -1.6365445
                    1495                      -1.5524191
                  1497.5                      -1.4718852
                    1500                      -1.3937875
                  1502.5                      -1.3175191
                    1505                      -1.2429478
                  1507.5                      -1.1703304
                    1510                      -1.1002041
                  1512.5                      -1.0332762
                    1515                     -0.97031688
                  1517.5                     -0.91206716
                    1520                     -0.85915006
                  1522.5                     -0.81201408
                    1525                     -0.77089024
                  1527.5                     -0.73576504
                    1530                     -0.70638459
                  1532.5                     -0.68226581
                    1535                     -0.66272355
                  1537.5                     -0.64691862
                    1540                      -0.6339066
                  1542.5                     -0.62270228
                    1545                     -0.61234112
                  1547.5                     -0.60194209
                    1550                     -0.59076136
                  1552.5                     -0.57823968
                    1555                     -0.56402935
                  1557.5                      -0.5480132
                    1560                     -0.53028841
                  1562.5                     -0.51115571
                    1565                     -0.49107255
                  1567.5                     -0.47061057
                    1570                     -0.45039894
                  1572.5                     -0.43107129
                    1575                     -0.41321443
                  1577.5                     -0.39732034
                    1580                     -0.38375341
                  1582.5                     -0.37272575
                    1585                     -0.36428713
                  1587.5                     -0.35832289
                    1590                     -0.35456588
                  1592.5                     -0.35262261
                    1595                     -0.35199965
                  1597.5                      -0.3521505
                    1600                     -0.35250286
                  1602.5                     -0.35251486
                    1605                     -0.35171165
                  1607.5                     -0.34971378
                    1610                     -0.34627106
                  1612.5                     -0.34127581
                    1615                     -0.33476236
                  1617.5                     -0.32690339
                    1620                     -0.31799184
                  1622.5                      -0.3084076
                    1625                     -0.29858843
                  1627.5                      -0.2889897
                    1630                     -0.28005084
                  1632.5                     -0.27215849
                    1635                       -0.265619
                  1637.5                     -0.26063693
                    1640                      -0.2573045
                  1642.5                     -0.25559183
                    1645                     -0.25535658
                  1647.5                     -0.25635801
                    1650                     -0.25827121
                  1652.5                     -0.26072012
                    1655                      -0.2633024
                  1657.5                     -0.26562155
                    1660                     -0.26732406
                  1662.5                     -0.26811516
                    1665                     -0.26778863
                  1667.5                     -0.26623889
                    1670                      -0.2634691
                  1672.5                     -0.25958123
                    1675                     -0.25477825
                  1677.5                     -0.24933055
                    1680                     -0.24356192
                  1682.5                     -0.23781963
                    1685                     -0.23244454
                  1687.5                     -0.22774984
                    1690                     -0.22398951
                  1692.5                      -0.2213455
                    1695                      -0.2199173
                  1697.5                     -0.21970763
                    1700                     -0.22063019
                  1702.5                     -0.22252165
                    1705                     -0.22514383
                  1707.5                     -0.22821396
                    1710                      -0.2314244
                  1712.5                      -0.2344651
                    1715                     -0.23704789
                  1717.5                     -0.23893107
                    1720                      -0.2399395
                  1722.5                        -0.23997
                    1725                     -0.23900835
                  1727.5                     -0.23711902
                    1730                     -0.23444675
                  1732.5                     -0.23119722
                    1735                     -0.22762171
                  1737.5                     -0.22399825
                    1740                     -0.22060357
                  1742.5                     -0.21769674
                    1745                     -0.21549526
                  1747.5                     -0.21416034
                    1750                     -0.21378575
                  1752.5                     -0.21439327
                    1755                     -0.21592424
                  1757.5                     -0.21825916
                    1760                     -0.22121482
                  1762.5                     -0.22456448
                    1765                     -0.22805707
                  1767.5                     -0.23143682
                    1770                     -0.23446318
                  1772.5                     -0.23692599
                    1775                     -0.23867025
                  1777.5                     -0.23959886
                    1780                     -0.23968417
                  1782.5                     -0.23897089
                    1785                     -0.23756443
                  1787.5                     -0.23562966
                    1790                     -0.23337159
                  1792.5                     -0.23101851
                    1795                      -0.2288038
                  1797.5                     -0.22695136
                    1800                     -0.22564897
                  1802.5                     -0.22504416
                    1805                     -0.22522679
                  1807.5                     -0.22622326
                    1810                     -0.22799863
                  1812.5                     -0.23045678
                    1815                     -0.23345082
                  1817.5                     -0.23679288
                    1820                     -0.24027216
                  1822.5                     -0.24366929
                    1825                     -0.24677393
                  1827.5                     -0.24940352
                    1830                     -0.25141516
                  1832.5                     -0.25271843
                    1835                     -0.25328015
                  1837.5                     -0.25312868
                    1840                     -0.25234785
                  1842.5                     -0.25107392
                    1845                      -0.2494766
                  1847.5                     -0.24775397
                    1850                     -0.24610907
                  1852.5                     -0.24473702
                    1855                     -0.24380738
                  1857.5                     -0.24345492
                    1860                     -0.24376368
                  1862.5                     -0.24476587
                    1865                     -0.24643967
                  1867.5                     -0.24870502
                    1870                     -0.25144124
                  1872.5                     -0.25448639
                    1875                     -0.25765497
                  1877.5                     -0.26075679
                    1880                     -0.26360396
                  1882.5                     -0.26602927
                    1885                     -0.26790243
                  1887.5                     -0.26913831
                    1890                     -0.26969768
                  1892.5                     -0.26959932
                    1895                     -0.26891481
                  1897.5                     -0.26775303
                    1900                     -0.26626622
                  1902.5                     -0.26462765
                    1905                     -0.26301528
                  1907.5                     -0.26160779
                    1910                     -0.26055942
                  1912.5                     -0.25999143
                    1915                      -0.2599896
                  1917.5                     -0.26058702
                    1920                     -0.26176823
                  1922.5                     -0.26347092
                    1925                     -0.26558685
                  1927.5                     -0.26797773
                    1930                     -0.27047881
                  1932.5                       -0.272917
                    1935                     -0.27512326
                  1937.5                     -0.27694624
                    1940                     -0.27826331
                  1942.5                     -0.27899388
                    1945                     -0.27909778
                  1947.5                     -0.27859069
                    1950                     -0.27752798
                  1952.5                     -0.27601197
                    1955                     -0.27417416
                  1957.5                     -0.27217072
                    1960                     -0.27016772
                  1962.5                     -0.26832761
                    1965                     -0.26679315
                  1967.5                     -0.26568209
                    1970                     -0.26507742
                  1972.5                     -0.26501431
                    1975                     -0.26548392
                  1977.5                     -0.26643487
                    1980                     -0.26777461
                  1982.5                     -0.26937496
                    1985                     -0.27109201
                  1987.5                     -0.27276753
                    1990                     -0.27424441
                  1992.5                     -0.27538374
                    1995                     -0.27607074
                  1997.5                     -0.27622646
                    2000                     -0.27581443
                  2002.5                     -0.27483962
                    2005                     -0.27335444
                  2007.5                     -0.27144726
                    2010                     -0.26923922
                  2012.5                     -0.26687521
                    2015                     -0.26450668
                  2017.5                     -0.26228437
                    2020                     -0.26034501
                  2022.5                      -0.2588008
                    2025                     -0.25772997
                  2027.5                      -0.2571708
                    2030                     -0.25712116
                  2032.5                     -0.25753456
                    2035                     -0.25832556
                  2037.5                     -0.25938538
                    2040                      -0.2605735
                  2042.5                     -0.26174438
                    2045                     -0.26275165
                  2047.5                     -0.26346496
                    2050                     -0.26377306
                  2052.5                     -0.26359925
                    2055                     -0.26290378
                  2057.5                     -0.26169114
                    2060                     -0.26000302
                  2062.5                     -0.25792188
                    2065                     -0.25555931
                  2067.5                     -0.25304713
                    2070                     -0.25052912
                  2072.5                     -0.24815032
                    2075                     -0.24603772
                  2077.5                     -0.24430033
                    2080                     -0.24301585
                  2082.5                     -0.24222241
                    2085                      -0.2419219
                  2087.5                     -0.24207339
                    2090                     -0.24260228
                  2092.5                      -0.2434014
                    2095                     -0.24434479
                  2097.5                     -0.24529294
                    2100                     -0.24610605
                  2102.5                     -0.24665786
                    2105                     -0.24684278
                  2107.5                     -0.24658304
                    2110                     -0.24584027
                  2112.5                     -0.24461099
                    2115                     -0.24293599
                  2117.5                     -0.24088811
                    2120                      -0.2385714
                  2122.5                     -0.23611291
                    2125                     -0.23364726
                  2127.5                     -0.23131377
                    2130                      -0.2292362
                  2132.5                     -0.22751958
                    2135                     -0.22624099
                  2137.5                     -0.22544125
                    2140                     -0.22512402
                  2142.5                     -0.22525441
                    2145                     -0.22576061
                  2147.5                     -0.22654376
                    2150                     -0.22748195
                  2152.5                       -0.228442
                    2155                     -0.22928968
                  2157.5                     -0.22990063
                    2160                     -0.23016934
                  2162.5                     -0.23001996
                    2165                     -0.22940988
                  2167.5                     -0.22833538
                    2170                     -0.22683014
                  2172.5                     -0.22496249
                    2175                     -0.22283073
                  2177.5                     -0.22055634
                    2180                      -0.2182698
                  2182.5                      -0.2161029
                    2185                     -0.21418132
                  2187.5                     -0.21260773
                    2190                     -0.21145841
                  2192.5                     -0.21077593
                    2195                     -0.21056717
                  2197.5                     -0.21079897
                    2200                     -0.21140627
                  2202.5                     -0.21229257
                    2205                     -0.21334079
                  2207.5                     -0.21442225
                    2210                     -0.21540185
                  2212.5                     -0.21616035
                    2215                     -0.21659091
                  2217.5                      -0.2166164
                    2220                     -0.21619316
                  2222.5                     -0.21531436
                    2225                     -0.21400874
                  2227.5                     -0.21234311
                    2230                     -0.21041254
                  2232.5                     -0.20833112
                    2235                     -0.20623087
                  2237.5                     -0.20424194
                    2240                     -0.20248552
                  2242.5                     -0.20106772
                    2245                     -0.20006624
                  2247.5                     -0.19952439
                    2250                     -0.19945105
                  2252.5                     -0.19981852
                    2255                     -0.20056332
                  2257.5                     -0.20159434
                    2260                     -0.20279253
                  2262.5                     -0.20403325
                    2265                     -0.20518491
                  2267.5                     -0.20612516
                    2270                     -0.20674609
                  2272.5                     -0.20697216
                    2275                     -0.20675491
                  2277.5                     -0.20608474
                    2280                     -0.20498993
                  2282.5                     -0.20353351
                    2285                     -0.20180569
                  2287.5                     -0.19992402
                    2290                     -0.19801659
                  2292.5                     -0.19621172
                    2295                     -0.19463633
                  2297.5                     -0.19339285
                    2300                     -0.19256408
                  2302.5                     -0.19219403
                    2305                     -0.19229608
                  2307.5                     -0.19284279
                    2310                     -0.19377469
                  2312.5                     -0.19499838
                    2315                     -0.19640163
                  2317.5                     -0.19785531
                    2320                     -0.19922864
                  2322.5                     -0.20039699
                    2325                     -0.20125144
                  2327.5                     -0.20171318
                    2330                      -0.2017311
                  2332.5                     -0.20129349
                    2335                     -0.20042682
                  2337.5                     -0.19919064
                    2340                     -0.19767698
                  2342.5                      -0.1960002
                    2345                     -0.19429036
                  2347.5                     -0.19268064
                    2350                     -0.19129423
                  2352.5                      -0.1902408
                    2355                      -0.1896039
                  2357.5                      -0.1894312
                    2360                     -0.18973872
                  2362.5                     -0.19050009
                    2365                     -0.19165675
                  2367.5                     -0.19311894
                    2370                     -0.19477153
                  2372.5                     -0.19648328
                    2375                     -0.19812261
                  2377.5                     -0.19956112
                    2380                     -0.20068982
                  2382.5                     -0.20142254
                    2385                     -0.20170968
                  2387.5                      -0.2015342
                    2390                     -0.20092091
                  2392.5                     -0.19993171
                    2395                     -0.19865666
                  2397.5                     -0.19721361
                    2400                     -0.19573326
                  2402.5                     -0.19435309
                    2405                     -0.19320131
                  2407.5                     -0.19238975
                    2410                     -0.19200629
                  2412.5                     -0.19210331
                    2415                     -0.19269752
                  2417.5                     -0.19376699
                    2420                     -0.19525227
                  2422.5                     -0.19706155
                    2425                     -0.19907905
                  2427.5                     -0.20117277
                    2430                     -0.20320543
                  2432.5                     -0.20504562
                    2435                     -0.20657899
                  2437.5                     -0.20771743
                    2440                     -0.20840544
                  2442.5                     -0.20862824
                    2445                      -0.2084067
                  2447.5                     -0.20780259
                    2450                     -0.20690965
                  2452.5                     -0.20584845
                    2455                     -0.20475458
                  2457.5                     -0.20376732
                    2460                      -0.2030244
                  2462.5                     -0.20264123
                    2465                     -0.20270923
                  2467.5                     -0.20328738
                    2470                     -0.20439313
                  2472.5                     -0.20600775
                    2475                     -0.20806994
                  2477.5                     -0.21048796
                    2480                     -0.21314191
                  2482.5                     -0.21589507
                    2485                     -0.21860669
                  2487.5                     -0.22113914
                    2490                     -0.22337338
                  2492.5                     -0.22521769
                    2495                     -0.22661257
                  2497.5                     -0.22754042
                    2500                      -0.2280241
                  2502.5                     -0.22812773
                    2505                     -0.22794693
                  2507.5                     -0.22760811
                    2510                     -0.22725202
                  2512.5                     -0.22702828
                    2515                     -0.22708002
                  2517.5                     -0.22752925
                    2520                      -0.2284748
                  2522.5                     -0.22997991
                    2525                     -0.23206602
                  2527.5                     -0.23471407
                    2530                     -0.23786408
                  2532.5                     -0.24142143
                    2535                     -0.24526259
                  2537.5                     -0.24924492
                    2540                     -0.25322156
                  2542.5                     -0.25704919
                    2545                     -0.26060416
                  2547.5                     -0.26378771
                    2550                     -0.26653888
                  2552.5                     -0.26884036
                    2555                     -0.27071384
                  2557.5                       -0.272227
                    2560                     -0.27348297
                  2562.5                     -0.27461599
                    2565                      -0.2757737
                  2567.5                     -0.27711544
                    2570                     -0.27879409
                  2572.5                       -0.280941
                    2575                     -0.28366159
                  2577.5                     -0.28702368
                    2580                     -0.29105363
                  2582.5                     -0.29573139
                    2585                     -0.30099489
                  2587.5                     -0.30674575
                    2590                     -0.31285308
                  2592.5                      -0.3191676
                    2595                     -0.32553346
                  2597.5                     -0.33179838
                    2600                     -0.33783166
                  2602.5                     -0.34352855
                    2605                     -0.34882597
                  2607.5                     -0.35370067
                    2610                     -0.35818302
                  2612.5                     -0.36234001
                    2615                     -0.36628527
                  2617.5                     -0.37015761
                    2620                     -0.37412069
                  2622.5                     -0.37834047
                    2625                     -0.38297832
                  2627.5                     -0.38817679
                    2630                     -0.39404695
                  2632.5                     -0.40065944
                    2635                      -0.4080399
                  2637.5                     -0.41616579
                    2640                     -0.42497022
                  2642.5                     -0.43434157
                    2645                     -0.44414126
                  2647.5                      -0.4542068
                    2650                     -0.46436938
                  2652.5                     -0.47446561
                    2655                     -0.48435413
                  2657.5                     -0.49392618
                    2660                     -0.50311362
                  2662.5                       -0.511896
                    2665                     -0.52030668
                  2667.5                     -0.52842582
                    2670                     -0.53637479
                  2672.5                     -0.54431108
                    2675                     -0.55240903
                  2677.5                     -0.56085255
                    2680                      -0.5698174
                  2682.5                     -0.57945547
                    2685                     -0.58988764
                  2687.5                     -0.60118774
                    2690                     -0.61338337
                  2692.5                     -0.62644846
                    2695                     -0.64031114
                  2697.5                     -0.65485297
                    2700                     -0.66992776
                  2702.5                     -0.68536525
                    2705                     -0.70099541
                  2707.5                     -0.71665675
                    2710                     -0.73221328
                  2712.5                     -0.74757132
                    2715                      -0.7626817
                  2717.5                     -0.77755677
                    2720                     -0.79226281
                  2722.5                       -0.806919
                    2725                     -0.82169467
                  2727.5                     -0.83679407
                    2730                     -0.85243889
                  2732.5                     -0.86886268
                    2735                     -0.88628354
                  2737.5                     -0.90489799
                    2740                     -0.92486283
                  2742.5                      -0.9462852
                    2745                     -0.96922813
                  2747.5                     -0.99369397
                    2750                      -1.0196434
                  2752.5                      -1.0469973
                    2755                      -1.0756505
                  2757.5                      -1.1054921
                    2760                      -1.1364156
                  2762.5                       -1.168348
                    2765                      -1.2012562
                  2767.5                      -1.2351675
                    2770                      -1.2701822
                  2772.5                       -1.306471
                    2775                      -1.3442865
                  2777.5                      -1.3839507
                    2780                      -1.4258485
                  2782.5                      -1.4704139
                    2785                      -1.5181143
                  2787.5                       -1.569437
                    2790                      -1.6248675
                  2792.5                      -1.6848863
                    2795                      -1.7499499
                  2797.5                      -1.8204971
                    2800                      -1.8969438
                  2802.5                      -1.9797024
                    2805                      -2.0691897
                  2807.5                      -2.1658591
                    2810                      -2.2702273
                  2812.5                      -2.3829046
                    2815                      -2.5046395
                  2817.5                      -2.6363564
                    2820                      -2.7791938
                  2822.5                       -2.934541
                    2825                      -3.1040774
                  2827.5                      -3.2898032
                    2830                       -3.494074
                  2832.5                      -3.7196316
                    2835                      -3.9696349
                  2837.5                      -4.2477137
                    2840                      -4.5580211
                  2842.5                      -4.9053121
                    2845                      -5.2950626
                  2847.5                       -5.733625
                    2850                      -6.2284655
                  2852.5                      -6.7884812
                    2855                      -7.4244816
                  2857.5                       -8.149867
                    2860                      -8.9816328
                  2862.5                      -9.9418542
                    2865                      -11.059855
                  2867.5                      -12.375273
                    2870                      -13.941474
                  2872.5                       -15.82469
                    2875                      -18.071837
                  2877.5                      -20.512779
                    2880                      -22.086054
                  2882.5                      -21.231404
                    2885                      -18.905096
                  2887.5                      -16.567332
                    2890                      -14.582331
                  2892.5                      -12.936097
                    2895                      -11.561825
                  2897.5                      -10.401311
                    2900                      -9.4107645
                  2902.5                      -8.5578286
                    2905                      -7.8182771
                  2907.5                      -7.1735407
                    2910                       -6.609034
                  2912.5                      -6.1130055
                    2915                      -5.6757712
                  2917.5                      -5.2891852
                    2920                      -4.9462773
                  2922.5                      -4.6410129
                    2925                      -4.3681195
                  2927.5                      -4.1229798
                    2930                       -3.901563
                  2932.5                      -3.7003822
                    2935                      -3.5164574
                  2937.5                      -3.3472983
                    2940                      -3.1908694
                  2942.5                      -3.0455769
                    2945                      -2.9102112
                  2947.5                      -2.7839021
                    2950                       -2.666072
                  2952.5                      -2.5563571
                    2955                      -2.4545501
                  2957.5                      -2.3605291
                    2960                      -2.2741985
                  2962.5                      -2.1954353
                    2965                      -2.1240419
                  2967.5                      -2.0597198
                    2970                      -2.0020464
                  2972.5                      -1.9504709
                    2975                      -1.9043297
                  2977.5                      -1.8628543
                    2980                      -1.8252189
                  2982.5                      -1.7905629
                    2985                      -1.7580541
                  2987.5                      -1.7269224
                    2990                      -1.6965131
                  2992.5                      -1.6663134
                    2995                       -1.635995
                  2997.5                      -1.6054158
                    3000                      -1.5746207

