        Frequency / MHz                S1,1/abs,dB
----------------------------------------------------------------------
                     500                    -0.029948022
                   502.5                     -0.03298662
                     505                    -0.036050533
                   507.5                    -0.039139064
                     510                     -0.04224824
                   512.5                    -0.045375669
                     515                    -0.048519822
                   517.5                    -0.051675852
                     520                    -0.054842567
                   522.5                    -0.058019051
                     525                     -0.06120121
                   527.5                    -0.064387473
                     530                      -0.0675739
                   532.5                    -0.070760325
                     535                    -0.073943684
                   537.5                    -0.077121502
                     540                    -0.080292267
                   542.5                    -0.083453467
                     545                    -0.086603761
                   547.5                    -0.089739972
                     550                    -0.092861619
                   552.5                    -0.095966926
                     555                    -0.099052741
                   557.5                     -0.10211896
                     560                       -0.105163
                   562.5                      -0.1081838
                     565                     -0.11117832
                   567.5                     -0.11414737
                     570                     -0.11708837
                   572.5                     -0.11999962
                     575                      -0.1228803
                   577.5                      -0.1257293
                     580                     -0.12854533
                   582.5                     -0.13132803
                     585                     -0.13407512
                   587.5                     -0.13678652
                     590                     -0.13946149
                   592.5                     -0.14209705
                     595                     -0.14469662
                   597.5                     -0.14725449
                     600                     -0.14977405
                   602.5                     -0.15225319
                     605                     -0.15469151
                   607.5                     -0.15708788
                     610                     -0.15944263
                   612.5                     -0.16175452
                     615                     -0.16402466
                   617.5                     -0.16625184
                     620                     -0.16843668
                   622.5                     -0.17057724
                     625                      -0.1726763
                   627.5                      -0.1747303
                     630                     -0.17674224
                   632.5                      -0.1787111
                     635                     -0.18063615
                   637.5                      -0.1825193
                     640                     -0.18435848
                   642.5                     -0.18615647
                     645                     -0.18791134
                   647.5                     -0.18962567
                     650                     -0.19129753
                   652.5                     -0.19292928
                     655                     -0.19452015
                   657.5                     -0.19607083
                     660                     -0.19758247
                   662.5                     -0.19905439
                     665                     -0.20048766
                   667.5                     -0.20188467
                     670                     -0.20324389
                   672.5                     -0.20456673
                     675                     -0.20585486
                   677.5                      -0.2071075
                     680                     -0.20832527
                   682.5                      -0.2095113
                     685                     -0.21066332
                   687.5                       -0.211785
                     690                     -0.21287505
                   692.5                     -0.21393492
                     695                     -0.21496619
                   697.5                      -0.2159695
                     700                     -0.21694567
                   702.5                     -0.21789533
                     705                     -0.21881982
                   707.5                     -0.21972056
                     710                     -0.22059679
                   712.5                     -0.22145221
                     715                     -0.22228558
                   717.5                     -0.22309852
                     720                     -0.22389232
                   722.5                     -0.22466744
                     725                     -0.22542575
                   727.5                     -0.22616764
                     730                     -0.22689382
                   732.5                     -0.22760634
                     735                     -0.22830543
                   737.5                     -0.22899191
                     740                     -0.22966718
                   742.5                     -0.23033235
                     745                     -0.23098848
                   747.5                     -0.23163589
                     750                     -0.23227601
                   752.5                      -0.2329099
                     755                     -0.23353849
                   757.5                     -0.23416246
                     760                      -0.2347834
                   762.5                     -0.23540187
                     765                     -0.23601782
                   767.5                     -0.23663357
                     770                       -0.237249
                   772.5                     -0.23786628
                     775                     -0.23848481
                   777.5                     -0.23910611
                     780                     -0.23973112
                   782.5                     -0.24036017
                     785                     -0.24099486
                   787.5                     -0.24163489
                     790                     -0.24228209
                   792.5                     -0.24293655
                     795                     -0.24359906
                   797.5                     -0.24427049
                     800                     -0.24495107
                   802.5                     -0.24564133
                     805                      -0.2463437
                   807.5                     -0.24705656
                     810                     -0.24778087
                   812.5                      -0.2485185
                     815                     -0.24926964
                   817.5                      -0.2500332
                     820                     -0.25081182
                   822.5                      -0.2516038
                     825                      -0.2524107
                   827.5                      -0.2532334
                     830                     -0.25407176
                   832.5                     -0.25492711
                     835                     -0.25579767
                   837.5                     -0.25668522
                     840                     -0.25758962
                   842.5                     -0.25851141
                     845                     -0.25945038
                   847.5                     -0.26040752
                     850                     -0.26138255
                   852.5                      -0.2623759
                     855                     -0.26338661
                   857.5                     -0.26441664
                     860                     -0.26546438
                   862.5                     -0.26653066
                     865                     -0.26761537
                   867.5                     -0.26871811
                     870                     -0.26983924
                   872.5                      -0.2709793
                     875                     -0.27213797
                   877.5                     -0.27331404
                     880                     -0.27450868
                   882.5                     -0.27572052
                     885                     -0.27695002
                   887.5                      -0.2781978
                     890                     -0.27946307
                   892.5                     -0.28074413
                     895                      -0.2820432
                   897.5                     -0.28335838
                     900                     -0.28469007
                   902.5                      -0.2860367
                     905                     -0.28740001
                   907.5                     -0.28877662
                     910                     -0.29016908
                   912.5                     -0.29157639
                     915                     -0.29299603
                   917.5                     -0.29443104
                     920                     -0.29587699
                   922.5                       -0.297336
                     925                     -0.29880659
                   927.5                      -0.3002901
                     930                     -0.30178245
                   932.5                      -0.3032862
                     935                     -0.30479975
                   937.5                     -0.30632095
                     940                     -0.30785097
                   942.5                     -0.30938993
                     945                     -0.31093496
                   947.5                     -0.31248676
                     950                      -0.3140452
                   952.5                     -0.31560691
                     955                     -0.31717444
                   957.5                     -0.31874574
                     960                     -0.32031981
                   962.5                     -0.32189612
                     965                     -0.32347418
                   967.5                     -0.32505324
                     970                     -0.32663277
                   972.5                      -0.3282116
                     975                      -0.3297888
                   977.5                     -0.33136437
                     980                     -0.33293703
                   982.5                     -0.33450509
                     985                     -0.33607081
                   987.5                     -0.33763021
                     990                     -0.33918416
                   992.5                     -0.34073085
                     995                     -0.34227086
                   997.5                     -0.34380284
                    1000                     -0.34532651
                  1002.5                     -0.34683904
                    1005                     -0.34834285
                  1007.5                     -0.34983547
                    1010                     -0.35131587
                  1012.5                     -0.35278368
                    1015                     -0.35423958
                  1017.5                     -0.35568052
                    1020                     -0.35710764
                  1022.5                     -0.35851937
                    1025                     -0.35991511
                  1027.5                     -0.36129348
                    1030                     -0.36265555
                  1032.5                     -0.36400072
                    1035                     -0.36532749
                  1037.5                     -0.36663345
                    1040                     -0.36792152
                  1042.5                     -0.36918993
                    1045                      -0.3704366
                  1047.5                      -0.3716632
                    1050                     -0.37286661
                  1052.5                     -0.37404889
                    1055                     -0.37520949
                  1057.5                     -0.37634591
                    1060                     -0.37745911
                  1062.5                     -0.37854914
                    1065                     -0.37961327
                  1067.5                     -0.38065505
                    1070                     -0.38167059
                  1072.5                     -0.38266152
                    1075                     -0.38362686
                  1077.5                     -0.38456633
                    1080                     -0.38547952
                  1082.5                     -0.38636682
                    1085                      -0.3872282
                  1087.5                     -0.38806314
                    1090                     -0.38887018
                  1092.5                      -0.3896511
                    1095                     -0.39040538
                  1097.5                     -0.39113249
                    1100                     -0.39183348
                  1102.5                     -0.39250653
                    1105                     -0.39315301
                  1107.5                     -0.39377302
                    1110                      -0.3943659
                  1112.5                     -0.39493246
                    1115                     -0.39547198
                  1117.5                     -0.39598526
                    1120                     -0.39647215
                  1122.5                     -0.39693307
                    1125                     -0.39736862
                  1127.5                     -0.39777793
                    1130                     -0.39816269
                  1132.5                     -0.39852223
                    1135                     -0.39885788
                  1137.5                     -0.39916855
                    1140                     -0.39945518
                  1142.5                     -0.39971878
                    1145                      -0.3999591
                  1147.5                     -0.40017666
                    1150                     -0.40037334
                  1152.5                     -0.40054814
                    1155                     -0.40070007
                  1157.5                     -0.40083296
                    1160                     -0.40094511
                  1162.5                     -0.40103866
                    1165                     -0.40111279
                  1167.5                     -0.40116889
                    1170                       -0.401208
                  1172.5                      -0.4012294
                    1175                     -0.40123494
                  1177.5                      -0.4012243
                    1180                     -0.40119807
                  1182.5                     -0.40115904
                    1185                     -0.40110625
                  1187.5                     -0.40104094
                    1190                     -0.40096223
                  1192.5                     -0.40087319
                    1195                     -0.40077353
                  1197.5                     -0.40066392
                    1200                     -0.40054537
                  1202.5                      -0.4004178
                    1205                     -0.40028366
                  1207.5                     -0.40014198
                    1210                     -0.39999526
                  1212.5                     -0.39984356
                    1215                     -0.39968635
                  1217.5                      -0.3995269
                    1220                     -0.39936374
                  1222.5                      -0.3991995
                    1225                     -0.39903266
                  1227.5                     -0.39886616
                    1230                     -0.39870055
                  1232.5                      -0.3985359
                    1235                     -0.39837326
                  1237.5                     -0.39821369
                    1240                     -0.39805694
                  1242.5                     -0.39790452
                    1245                     -0.39775779
                  1247.5                     -0.39761647
                    1250                     -0.39748089
                  1252.5                     -0.39735311
                    1255                     -0.39723346
                  1257.5                     -0.39712171
                    1260                      -0.3970197
                  1262.5                     -0.39692777
                    1265                     -0.39684492
                  1267.5                     -0.39677454
                    1270                     -0.39671626
                  1272.5                     -0.39666921
                    1275                     -0.39663561
                  1277.5                     -0.39661665
                    1280                      -0.3966105
                  1282.5                     -0.39661919
                    1285                     -0.39664224
                  1287.5                     -0.39668173
                    1290                     -0.39673677
                  1292.5                     -0.39680846
                    1295                     -0.39689728
                  1297.5                     -0.39700332
                    1300                     -0.39712647
                  1302.5                     -0.39726793
                    1305                     -0.39742713
                  1307.5                     -0.39760519
                    1310                     -0.39780204
                  1312.5                     -0.39801742
                    1315                     -0.39825383
                  1317.5                     -0.39850793
                    1320                     -0.39878284
                  1322.5                     -0.39907619
                    1325                     -0.39939132
                  1327.5                     -0.39972475
                    1330                     -0.40007981
                  1332.5                     -0.40045312
                    1335                     -0.40084826
                  1337.5                     -0.40126288
                    1340                       -0.401698
                  1342.5                     -0.40215271
                    1345                     -0.40262722
                  1347.5                     -0.40312274
                    1350                     -0.40363683
                  1352.5                     -0.40417047
                    1355                     -0.40472457
                  1357.5                      -0.4052982
                    1360                      -0.4058893
                  1362.5                     -0.40650026
                    1365                     -0.40712949
                  1367.5                      -0.4077763
                    1370                     -0.40844122
                  1372.5                      -0.4091249
                    1375                     -0.40982505
                  1377.5                     -0.41054146
                    1380                     -0.41127526
                  1382.5                     -0.41202524
                    1385                     -0.41279122
                  1387.5                       -0.413571
                    1390                     -0.41436635
                  1392.5                     -0.41517603
                    1395                     -0.41599916
                  1397.5                     -0.41683649
                    1400                     -0.41768608
                  1402.5                     -0.41854872
                    1405                     -0.41942132
                  1407.5                     -0.42030688
                    1410                     -0.42120278
                  1412.5                     -0.42210857
                    1415                     -0.42302437
                  1417.5                     -0.42394919
                    1420                     -0.42488147
                  1422.5                     -0.42582347
                    1425                     -0.42677033
                  1427.5                      -0.4277259
                    1430                     -0.42868745
                  1432.5                     -0.42965394
                    1435                      -0.4306248
                  1437.5                     -0.43160105
                    1440                     -0.43258038
                  1442.5                     -0.43356337
                    1445                     -0.43454878
                  1447.5                     -0.43553697
                    1450                     -0.43652577
                  1452.5                     -0.43751592
                    1455                     -0.43850564
                  1457.5                     -0.43949681
                    1460                     -0.44048667
                  1462.5                     -0.44147512
                    1465                     -0.44246096
                  1467.5                     -0.44344671
                    1470                     -0.44442792
                  1472.5                     -0.44540776
                    1475                     -0.44638337
                  1477.5                     -0.44735438
                    1480                     -0.44832162
                  1482.5                     -0.44928411
                    1485                     -0.45024207
                  1487.5                     -0.45119371
                    1490                     -0.45214107
                  1492.5                     -0.45308067
                    1495                     -0.45401474
                  1497.5                     -0.45494191
                    1500                     -0.45586252
                  1502.5                       -0.456777
                    1505                     -0.45768333
                  1507.5                     -0.45858298
                    1510                     -0.45947471
                  1512.5                     -0.46035993
                    1515                     -0.46123545
                  1517.5                     -0.46210399
                    1520                     -0.46296604
                  1522.5                      -0.4638204
                    1525                     -0.46466599
                  1527.5                     -0.46550524
                    1530                     -0.46633601
                  1532.5                     -0.46716039
                    1535                     -0.46797762
                  1537.5                     -0.46878716
                    1540                     -0.46959093
                  1542.5                      -0.4703886
                    1545                     -0.47117994
                  1547.5                     -0.47196453
                    1550                      -0.4727447
                  1552.5                     -0.47351858
                    1555                     -0.47428923
                  1557.5                      -0.4750549
                    1560                     -0.47581757
                  1562.5                     -0.47657577
                    1565                     -0.47733175
                  1567.5                     -0.47808597
                    1570                       -0.478839
                  1572.5                     -0.47958961
                    1575                     -0.48034169
                  1577.5                       -0.481093
                    1580                     -0.48184547
                  1582.5                     -0.48260017
                    1585                     -0.48335631
                  1587.5                     -0.48411683
                    1590                     -0.48488218
                  1592.5                      -0.4856503
                    1595                     -0.48642643
                  1597.5                     -0.48720747
                    1600                     -0.48799609
                  1602.5                     -0.48879315
                    1605                     -0.48960054
                  1607.5                      -0.4904181
                    1610                     -0.49124552
                  1612.5                     -0.49208576
                    1615                     -0.49293967
                  1617.5                      -0.4938071
                    1620                     -0.49468982
                  1622.5                     -0.49558874
                    1625                     -0.49650485
                  1627.5                     -0.49744008
                    1630                     -0.49839279
                  1632.5                     -0.49936727
                    1635                     -0.50036295
                  1637.5                        -0.50138
                    1640                     -0.50242244
                  1642.5                       -0.503488
                    1645                     -0.50458011
                  1647.5                     -0.50569876
                    1650                     -0.50684616
                  1652.5                      -0.5080217
                    1655                     -0.50922737
                  1657.5                     -0.51046405
                    1660                     -0.51173221
                  1662.5                     -0.51303505
                    1665                     -0.51437214
                  1667.5                     -0.51574474
                    1670                     -0.51715327
                  1672.5                     -0.51859903
                    1675                     -0.52008348
                  1677.5                     -0.52160672
                    1680                     -0.52317168
                  1682.5                     -0.52477768
                    1685                     -0.52642591
                  1687.5                     -0.52811891
                    1690                     -0.52985552
                  1692.5                     -0.53163622
                    1695                     -0.53346401
                  1697.5                     -0.53533885
                    1700                     -0.53726217
                  1702.5                     -0.53923423
                    1705                     -0.54125578
                  1707.5                     -0.54332777
                    1710                     -0.54544951
                  1712.5                     -0.54762567
                    1715                     -0.54985262
                  1717.5                     -0.55213405
                    1720                     -0.55446829
                  1722.5                     -0.55685879
                    1725                     -0.55930316
                  1727.5                     -0.56180441
                    1730                     -0.56436332
                  1732.5                     -0.56697837
                    1735                     -0.56965104
                  1737.5                     -0.57238213
                    1740                      -0.5751721
                  1742.5                     -0.57801985
                    1745                      -0.5809287
                  1747.5                     -0.58389679
                    1750                      -0.5869241
                  1752.5                     -0.59001451
                    1755                     -0.59316503
                  1757.5                     -0.59637728
                    1760                     -0.59965073
                  1762.5                     -0.60298575
                    1765                     -0.60638338
                  1767.5                     -0.60984185
                    1770                     -0.61336439
                  1772.5                     -0.61694948
                    1775                     -0.62059567
                  1777.5                      -0.6243074
                    1780                     -0.62807991
                  1782.5                     -0.63191751
                    1785                     -0.63581691
                  1787.5                     -0.63977979
                    1790                     -0.64380401
                  1792.5                     -0.64789406
                    1795                     -0.65204651
                  1797.5                      -0.6562606
                    1800                     -0.66054029
                  1802.5                     -0.66488112
                    1805                     -0.66928499
                  1807.5                     -0.67375185
                    1810                     -0.67828236
                  1812.5                     -0.68287611
                    1815                     -0.68753239
                  1817.5                     -0.69225009
                    1820                     -0.69703028
                  1822.5                     -0.70187411
                    1825                     -0.70678017
                  1827.5                     -0.71174733
                    1830                     -0.71677861
                  1832.5                     -0.72187103
                    1835                     -0.72702628
                  1837.5                      -0.7322424
                    1840                     -0.73752097
                  1842.5                     -0.74286058
                    1845                     -0.74826404
                  1847.5                     -0.75372873
                    1850                     -0.75925714
                  1852.5                     -0.76484562
                    1855                     -0.77049819
                  1857.5                     -0.77621205
                    1860                     -0.78198888
                  1862.5                      -0.7878282
                    1865                     -0.79372949
                  1867.5                     -0.79969683
                    1870                      -0.8057265
                  1872.5                     -0.81181795
                    1875                     -0.81797637
                  1877.5                     -0.82419808
                    1880                     -0.83048509
                  1882.5                     -0.83683888
                    1885                     -0.84325895
                  1887.5                     -0.84974562
                    1890                     -0.85629994
                  1892.5                     -0.86292341
                    1895                     -0.86961414
                  1897.5                     -0.87637732
                    1900                     -0.88320986
                  1902.5                      -0.8901139
                    1905                      -0.8970921
                  1907.5                     -0.90414543
                    1910                     -0.91127256
                  1912.5                     -0.91847681
                    1915                     -0.92576087
                  1917.5                     -0.93312342
                    1920                     -0.94056601
                  1922.5                     -0.94809363
                    1925                     -0.95570472
                  1927.5                     -0.96340014
                    1930                     -0.97118604
                  1932.5                     -0.97906097
                    1935                     -0.98703002
                  1937.5                     -0.99509034
                    1940                      -1.0032483
                  1942.5                      -1.0115069
                    1945                      -1.0198653
                  1947.5                      -1.0283264
                    1950                      -1.0368955
                  1952.5                      -1.0455739
                    1955                      -1.0543648
                  1957.5                      -1.0632682
                    1960                       -1.072292
                  1962.5                      -1.0814358
                    1965                      -1.0907048
                  1967.5                      -1.1001022
                    1970                      -1.1096289
                  1972.5                      -1.1192917
                    1975                      -1.1290926
                  1977.5                      -1.1390372
                    1980                      -1.1491266
                  1982.5                      -1.1593662
                    1985                      -1.1697601
                  1987.5                      -1.1803132
                    1990                      -1.1910299
                  1992.5                      -1.2019125
                    1995                      -1.2129677
                  1997.5                      -1.2242008
                    2000                      -1.2356136
                  2002.5                      -1.2472146
                    2005                      -1.2590043
                  2007.5                      -1.2709926
                    2010                      -1.2831815
                  2012.5                      -1.2955785
                    2015                      -1.3081883
                  2017.5                      -1.3210149
                    2020                      -1.3340675
                  2022.5                      -1.3473487
                    2025                      -1.3608641
                  2027.5                      -1.3746227
                    2030                      -1.3886293
                  2032.5                      -1.4028896
                    2035                      -1.4174102
                  2037.5                       -1.432196
                    2040                      -1.4472571
                  2042.5                      -1.4625971
                    2045                      -1.4782247
                  2047.5                      -1.4941464
                    2050                      -1.5103689
                  2052.5                      -1.5268972
                    2055                      -1.5437417
                  2057.5                      -1.5609104
                    2060                      -1.5784067
                  2062.5                      -1.5962416
                    2065                      -1.6144208
                  2067.5                      -1.6329527
                    2070                      -1.6518441
                  2072.5                      -1.6711066
                    2075                      -1.6907437
                  2077.5                      -1.7107668
                    2080                      -1.7311819
                  2082.5                       -1.751999
                    2085                      -1.7732263
                  2087.5                      -1.7948712
                    2090                      -1.8169435
                  2092.5                      -1.8394514
                    2095                      -1.8624039
                  2097.5                      -1.8858115
                    2100                       -1.909681
                  2102.5                      -1.9340224
                    2105                      -1.9588458
                  2107.5                      -1.9841599
                    2110                      -2.0099739
                  2112.5                      -2.0362985
                    2115                      -2.0631431
                  2117.5                      -2.0905171
                    2120                      -2.1184304
                  2122.5                      -2.1468939
                    2125                      -2.1759172
                  2127.5                      -2.2055094
                    2130                      -2.2356839
                  2132.5                      -2.2664481
                    2135                      -2.2978155
                  2137.5                      -2.3297937
                    2140                       -2.362396
                  2142.5                      -2.3956332
                    2145                       -2.429516
                  2147.5                      -2.4640559
                    2150                      -2.4992628
                  2152.5                      -2.5351505
                    2155                      -2.5717298
                  2157.5                       -2.609013
                    2160                      -2.6470112
                  2162.5                       -2.685735
                    2165                      -2.7251987
                  2167.5                      -2.7654154
                    2170                      -2.8063955
                  2172.5                      -2.8481531
                    2175                      -2.8907005
                  2177.5                      -2.9340489
                    2180                      -2.9782162
                  2182.5                      -3.0232105
                    2185                      -3.0690481
                  2187.5                      -3.1157421
                    2190                      -3.1633062
                  2192.5                      -3.2117537
                    2195                      -3.2610994
                  2197.5                      -3.3113568
                    2200                      -3.3625423
                  2202.5                      -3.4146679
                    2205                      -3.4677507
                  2207.5                      -3.5218055
                    2210                      -3.5768451
                  2212.5                      -3.6328879
                    2215                      -3.6899471
                  2217.5                      -3.7480414
                    2220                      -3.8071842
                  2222.5                      -3.8673932
                    2225                       -3.928683
                  2227.5                      -3.9910717
                    2230                      -4.0545767
                  2232.5                      -4.1192112
                    2235                      -4.1849971
                  2237.5                      -4.2519494
                    2240                       -4.320087
                  2242.5                      -4.3894255
                    2245                      -4.4599822
                  2247.5                      -4.5317792
                    2250                      -4.6048309
                  2252.5                      -4.6791572
                    2255                       -4.754777
                  2257.5                      -4.8317064
                    2260                      -4.9099679
                  2262.5                      -4.9895772
                    2265                      -5.0705538
                  2267.5                      -5.1529174
                    2270                      -5.2366869
                  2272.5                      -5.3218814
                    2275                      -5.4085172
                  2277.5                      -5.4966159
                    2280                       -5.586195
                  2282.5                      -5.6772717
                    2285                       -5.769865
                  2287.5                      -5.8639938
                    2290                      -5.9596745
                  2292.5                      -6.0569219
                    2295                       -6.155755
                  2297.5                      -6.2561874
                    2300                      -6.3582356
                  2302.5                       -6.461913
                    2305                      -6.5672305
                  2307.5                      -6.6742015
                    2310                      -6.7828359
                  2312.5                      -6.8931401
                    2315                      -7.0051229
                  2317.5                      -7.1187867
                    2320                      -7.2341343
                  2322.5                       -7.351166
                    2325                      -7.4698769
                  2327.5                      -7.5902593
                    2330                      -7.7123033
                  2332.5                      -7.8359942
                    2335                        -7.96131
                  2337.5                      -8.0882262
                    2340                      -8.2167109
                  2342.5                      -8.3467275
                    2345                      -8.4782307
                  2347.5                      -8.6111662
                    2350                      -8.7454712
                  2352.5                      -8.8810748
                    2355                      -9.0178927
                  2357.5                      -9.1558309
                    2360                      -9.2947797
                  2362.5                      -9.4346189
                    2365                      -9.5752084
                  2367.5                      -9.7163935
                    2370                      -9.8580012
                  2372.5                      -9.9998396
                    2375                      -10.141693
                  2377.5                      -10.283325
                    2380                      -10.424476
                  2382.5                       -10.56486
                    2385                      -10.704167
                  2387.5                      -10.842058
                    2390                      -10.978164
                  2392.5                      -11.112095
                    2395                      -11.243427
                  2397.5                      -11.371713
                    2400                       -11.49648
                  2402.5                      -11.617233
                    2405                       -11.73345
                  2407.5                      -11.844604
                    2410                      -11.950146
                  2412.5                      -12.049526
                    2415                      -12.142196
                  2417.5                      -12.227611
                    2420                      -12.305248
                  2422.5                      -12.374607
                    2425                       -12.43522
                  2427.5                      -12.486669
                    2430                       -12.52858
                  2432.5                      -12.560645
                    2435                       -12.58262
                  2437.5                      -12.594338
                    2440                      -12.595704
                  2442.5                      -12.586708
                    2445                      -12.567416
                  2447.5                      -12.537971
                    2450                      -12.498596
                  2452.5                      -12.449579
                    2455                      -12.391271
                  2457.5                      -12.324081
                    2460                      -12.248461
                  2462.5                      -12.164903
                    2465                      -12.073925
                  2467.5                      -11.976067
                    2470                      -11.871876
                  2472.5                      -11.761908
                    2475                      -11.646711
                  2477.5                      -11.526823
                    2480                      -11.402769
                  2482.5                      -11.275055
                    2485                      -11.144163
                  2487.5                      -11.010552
                    2490                      -10.874651
                  2492.5                      -10.736869
                    2495                      -10.597583
                  2497.5                      -10.457138
                    2500                      -10.315858
                  2502.5                      -10.174039
                    2505                      -10.031951
                  2507.5                      -9.8898383
                    2510                      -9.7479251
                  2512.5                      -9.6064132
                    2515                      -9.4654823
                  2517.5                      -9.3252962
                    2520                      -9.1859983
                  2522.5                      -9.0477165
                    2525                      -8.9105675
                  2527.5                      -8.7746515
                    2530                      -8.6400566
                  2532.5                      -8.5068586
                    2535                      -8.3751253
                  2537.5                      -8.2449138
                    2540                      -8.1162713
                  2542.5                      -7.9892432
                    2545                      -7.8638612
                  2547.5                      -7.7401536
                    2550                      -7.6181452
                  2552.5                      -7.4978514
                    2555                      -7.3792861
                  2557.5                      -7.2624608
                    2560                      -7.1473794
                  2562.5                      -7.0340435
                    2565                      -6.9224542
                  2567.5                      -6.8126088
                    2570                      -6.7045024
                  2572.5                      -6.5981271
                    2575                      -6.4934741
                  2577.5                      -6.3905333
                    2580                      -6.2892938
                  2582.5                       -6.189741
                    2585                      -6.0918636
                  2587.5                      -5.9956434
                    2590                      -5.9010677
                  2592.5                      -5.8081192
                    2595                      -5.7167816
                  2597.5                      -5.6270368
                    2600                      -5.5388672
                  2602.5                      -5.4522544
                    2605                      -5.3671802
                  2607.5                      -5.2836273
                    2610                      -5.2015751
                  2612.5                      -5.1210062
                    2615                      -5.0419002
                  2617.5                      -4.9642396
                    2620                      -4.8880042
                  2622.5                      -4.8131749
                    2625                      -4.7397337
                  2627.5                      -4.6676606
                    2630                      -4.5969359
                  2632.5                      -4.5275427
                    2635                      -4.4594605
                  2637.5                      -4.3926705
                    2640                      -4.3271545
                  2642.5                      -4.2628953
                    2645                      -4.1998713
                  2647.5                      -4.1380662
                    2650                      -4.0774615
                  2652.5                      -4.0180374
                    2655                      -3.9597788
                  2657.5                      -3.9026654
                    2660                      -3.8466801
                  2662.5                      -3.7918048
                    2665                      -3.7380231
                  2667.5                       -3.685315
                    2670                      -3.6336664
                  2672.5                      -3.5830571
                    2675                      -3.5334712
                  2677.5                      -3.4848912
                    2680                       -3.437301
                  2682.5                      -3.3906819
                    2685                      -3.3450191
                  2687.5                      -3.3002946
                    2690                      -3.2564916
                  2692.5                      -3.2135945
                    2695                      -3.1715862
                  2697.5                        -3.13045
                    2700                      -3.0901706
                  2702.5                      -3.0507308
                    2705                      -3.0121148
                  2707.5                      -2.9743073
                    2710                      -2.9372909
                  2712.5                      -2.9010495
                    2715                      -2.8655688
                  2717.5                      -2.8308308
                    2720                      -2.7968211
                  2722.5                      -2.7635247
                    2725                      -2.7309247
                  2727.5                      -2.6990058
                    2730                      -2.6677518
                  2732.5                      -2.6371479
                    2735                      -2.6071795
                  2737.5                      -2.5778297
                    2740                      -2.5490842
                  2742.5                      -2.5209281
                    2745                       -2.493345
                  2747.5                      -2.4663202
                    2750                      -2.4398396
                  2752.5                      -2.4138869
                    2755                      -2.3884488
                  2757.5                      -2.3635096
                    2760                      -2.3390538
                  2762.5                      -2.3150687
                    2765                      -2.2915389
                  2767.5                      -2.2684497
                    2770                      -2.2457875
                  2772.5                      -2.2235374
                    2775                      -2.2016848
                  2777.5                      -2.1802174
                    2780                      -2.1591208
                  2782.5                      -2.1383813
                    2785                      -2.1179849
                  2787.5                      -2.0979188
                    2790                      -2.0781688
                  2792.5                      -2.0587232
                    2795                      -2.0395683
                  2797.5                      -2.0206918
                    2800                      -2.0020819
                  2802.5                      -1.9837247
                    2805                      -1.9656084
                  2807.5                      -1.9477215
                    2810                      -1.9300543
                  2812.5                      -1.9125914
                    2815                       -1.895326
                  2817.5                      -1.8782436
                    2820                      -1.8613353
                  2822.5                      -1.8445906
                    2825                      -1.8279983
                  2827.5                      -1.8115489
                    2830                      -1.7952343
                  2832.5                      -1.7790446
                    2835                      -1.7629698
                  2837.5                      -1.7470001
                    2840                      -1.7311318
                  2842.5                      -1.7153524
                    2845                      -1.6996585
                  2847.5                      -1.6840381
                    2850                       -1.668486
                  2852.5                      -1.6529966
                    2855                      -1.6375634
                  2857.5                      -1.6221797
                    2860                      -1.6068411
                  2862.5                      -1.5915421
                    2865                      -1.5762773
                  2867.5                      -1.5610411
                    2870                      -1.5458327
                  2872.5                       -1.530647
                    2875                      -1.5154797
                  2877.5                      -1.5003297
                    2880                      -1.4851926
                  2882.5                      -1.4700669
                    2885                       -1.454952
                  2887.5                      -1.4398442
                    2890                      -1.4247453
                  2892.5                      -1.4096547
                    2895                      -1.3945696
                  2897.5                      -1.3794897
                    2900                      -1.3644201
                  2902.5                      -1.3493564
                    2905                       -1.334304
                  2907.5                      -1.3192621
                    2910                      -1.3042326
                  2912.5                      -1.2892172
                    2915                       -1.274219
                  2917.5                      -1.2592422
                    2920                      -1.2442893
                  2922.5                       -1.229362
                    2925                      -1.2144652
                  2927.5                      -1.1996018
                    2930                      -1.1847793
                  2932.5                      -1.1699983
                    2935                      -1.1552638
                  2937.5                      -1.1405843
                    2940                      -1.1259606
                  2942.5                      -1.1114004
                    2945                      -1.0969086
                  2947.5                      -1.0824918
                    2950                      -1.0681537
                  2952.5                      -1.0539029
                    2955                       -1.039744
                  2957.5                      -1.0256825
                    2960                      -1.0117269
                  2962.5                     -0.99788266
                    2965                     -0.98415489
                  2967.5                     -0.97055245
                    2970                     -0.95708139
                  2972.5                     -0.94374687
                    2975                     -0.93055848
                  2977.5                     -0.91752015
                    2980                     -0.90464016
                  2982.5                      -0.8919248
                    2985                     -0.87938127
                  2987.5                     -0.86701608
                    2990                     -0.85483688
                  2992.5                     -0.84284647
                    2995                     -0.83105508
                  2997.5                       -0.819469
                    3000                     -0.80809114

