        Frequency / MHz                S1,1/abs,dB
----------------------------------------------------------------------
                     500                     0.018401284
                   502.5                     0.068713253
                     505                      0.10593238
                   507.5                      0.12758171
                     510                      0.13262872
                   512.5                      0.12144637
                     515                     0.095731146
                   517.5                      0.05834353
                     520                     0.013085195
                   522.5                    -0.035593049
                     525                    -0.082971489
                   527.5                     -0.12449289
                     530                     -0.15621409
                   532.5                     -0.17524025
                     535                     -0.18003521
                   537.5                      -0.1705728
                     540                     -0.14829059
                   542.5                     -0.11587296
                     545                     -0.07686815
                   547.5                    -0.035271102
                     550                    0.0049197123
                   552.5                     0.040074215
                     555                     0.067223963
                   557.5                     0.084267772
                     560                     0.090084867
                   562.5                     0.084572051
                     565                     0.068608869
                   567.5                     0.043973898
                     570                     0.013180666
                   572.5                     -0.02072893
                     575                    -0.054452469
                   577.5                    -0.084730564
                     580                     -0.10867045
                   582.5                     -0.12404243
                     585                     -0.12951558
                   587.5                     -0.12478902
                     590                     -0.11060827
                   592.5                      -0.0886402
                     595                    -0.061267297
                   597.5                    -0.031298417
                     600                   -0.0016650242
                   602.5                      0.02486308
                     605                     0.045924451
                   607.5                     0.059748334
                     610                     0.065281614
                   612.5                     0.062241521
                     615                     0.051116777
                   617.5                     0.033112826
                     620                     0.010041483
                   622.5                    -0.015840807
                     625                    -0.042031685
                   627.5                    -0.066014955
                     630                    -0.085508049
                   632.5                    -0.098691406
                     635                     -0.10439804
                   637.5                      -0.1022281
                     640                    -0.092582577
                   642.5                    -0.076603317
                     645                    -0.056024706
                   647.5                    -0.032976045
                     650                    -0.009750102
                   652.5                     0.011420135
                     655                      0.02857465
                   657.5                     0.040184166
                     660                     0.045272008
                   662.5                     0.043479875
                     665                      0.03508014
                   667.5                     0.020945094
                     670                    0.0024635961
                   672.5                    -0.018580941
                     675                    -0.040172686
                   677.5                    -0.060249974
                     680                    -0.076909723
                   682.5                    -0.088590164
                     685                    -0.094241311
                   687.5                    -0.093422349
                     690                    -0.086347405
                   692.5                    -0.073850571
                     695                     -0.05728443
                   697.5                    -0.038364829
                     700                    -0.018991602
                   702.5                   -0.0010559013
                     705                     0.013741172
                   707.5                     0.024030097
                     710                     0.028890814
                   712.5                     0.027920547
                     715                     0.021261148
                   717.5                      0.00957132
                     720                   -0.0060243262
                   722.5                    -0.024042148
                     725                    -0.042771343
                   727.5                    -0.060436488
                     730                     -0.07536576
                   732.5                    -0.086159224
                     735                    -0.091833544
                   737.5                     -0.09192227
                     740                    -0.086520431
                   742.5                    -0.076271181
                     745                    -0.062288075
                   747.5                    -0.046032141
                     750                    -0.029160345
                   752.5                    -0.013351825
                     755                  -0.00015585425
                   757.5                    0.0091512471
                     760                     0.013676136
                   762.5                     0.012978479
                     765                    0.0071020318
                   767.5                   -0.0034304698
                     770                    -0.017666048
                   772.5                    -0.034308033
                     775                    -0.051827989
                   777.5                    -0.068612365
                     780                    -0.083114757
                   782.5                    -0.094011074
                     785                     -0.10033435
                   787.5                     -0.10157792
                     790                    -0.097745957
                   792.5                    -0.089351849
                     795                    -0.077359159
                   797.5                    -0.063079408
                     800                    -0.048031907
                   802.5                    -0.033791795
                     805                    -0.021841037
                   807.5                    -0.013430266
                     810                   -0.0094712303
                   812.5                     -0.01045653
                     815                    -0.016423967
                   817.5                    -0.026950038
                     820                    -0.041189355
                   822.5                     -0.05794617
                     825                    -0.075780825
                   827.5                    -0.093139674
                     830                     -0.10850453
                   832.5                     -0.12054571
                     835                     -0.12825324
                   837.5                     -0.13105114
                     840                     -0.12885567
                   842.5                     -0.12208744
                     845                     -0.11162584
                   847.5                    -0.098720193
                     850                    -0.084852466
                   852.5                    -0.071599686
                     855                    -0.060475854
                   857.5                    -0.052792297
                     860                    -0.049544824
                   862.5                    -0.051324394
                     865                    -0.058264726
                   867.5                    -0.070032488
                     870                    -0.085850401
                   872.5                     -0.10456123
                     875                     -0.12472496
                   877.5                     -0.14475134
                     880                     -0.16304499
                   882.5                     -0.17816729
                     885                     -0.18898291
                   887.5                     -0.19478782
                     890                     -0.19538647
                   892.5                     -0.19112393
                     895                     -0.18285175
                   897.5                     -0.17184585
                     900                     -0.15968021
                   902.5                     -0.14807076
                     905                     -0.13871213
                   907.5                     -0.13312735
                     910                      -0.1325316
                   912.5                     -0.13772297
                     915                     -0.14901747
                   917.5                     -0.16621595
                     920                     -0.18861544
                   922.5                     -0.21505562
                     925                     -0.24401877
                   927.5                     -0.27374894
                     930                     -0.30242475
                   932.5                     -0.32833142
                     935                     -0.35004689
                   937.5                     -0.36660242
                     940                      -0.3776074
                   942.5                     -0.38331461
                     945                     -0.38461609
                   947.5                     -0.38297315
                     950                     -0.38028995
                   952.5                     -0.37873725
                     955                     -0.38056873
                   957.5                     -0.38793371
                     960                     -0.40269942
                   962.5                     -0.42631181
                     965                     -0.45968973
                   967.5                     -0.50315267
                     970                     -0.55639885
                   972.5                     -0.61852831
                     975                     -0.68811294
                   977.5                     -0.76332138
                     980                     -0.84210356
                   982.5                     -0.92240712
                     985                      -1.0024455
                   987.5                      -1.0809701
                     990                      -1.1575201
                   992.5                      -1.2326295
                     995                      -1.3079491
                   997.5                      -1.3862803
                    1000                       -1.471505
                  1002.5                      -1.5684671
                    1005                      -1.6827905
                  1007.5                      -1.8207047
                    1010                      -1.9888849
                  1012.5                      -2.1943508
                    1015                      -2.4444181
                  1017.5                      -2.7467035
                    1020                      -3.1092012
                  1022.5                      -3.5403899
                    1025                      -4.0493485
                  1027.5                      -4.6458254
                    1030                      -5.3401027
                  1032.5                      -6.1423347
                    1035                      -7.0605883
                  1037.5                      -8.0958501
                    1040                      -9.2302572
                  1042.5                      -10.402171
                    1045                      -11.465323
                  1047.5                      -12.166204
                    1050                      -12.247681
                  1052.5                      -11.678696
                    1055                      -10.688451
                  1057.5                      -9.5455328
                    1060                      -8.4180029
                  1062.5                      -7.3807635
                    1065                      -6.4577357
                  1067.5                      -5.6502403
                    1070                      -4.9508499
                  1072.5                        -4.34938
                    1075                      -3.8352744
                  1077.5                      -3.3984623
                    1080                      -3.0295794
                  1082.5                      -2.7199455
                    1085                      -2.4614692
                  1087.5                      -2.2465576
                    1090                      -2.0680566
                  1092.5                      -1.9192352
                    1095                      -1.7938303
                  1097.5                      -1.6861242
                    1100                      -1.5910492
                  1102.5                       -1.504313
                    1105                      -1.4225019
                  1107.5                      -1.3431438
                    1110                      -1.2647273
                  1112.5                      -1.1866324
                    1115                      -1.1090221
                  1117.5                      -1.0326631
                    1120                     -0.95872776
                  1122.5                     -0.88858278
                    1125                     -0.82359542
                  1127.5                     -0.76496672
                    1130                     -0.71359841
                  1132.5                     -0.67001087
                    1135                     -0.63429424
                  1137.5                     -0.60610304
                    1140                     -0.58468802
                  1142.5                     -0.56895705
                    1145                     -0.55755769
                  1147.5                     -0.54899331
                    1150                     -0.54173431
                  1152.5                     -0.53434849
                    1155                     -0.52561199
                  1157.5                     -0.51460489
                    1160                     -0.50077626
                  1162.5                     -0.48397319
                    1165                     -0.46443124
                  1167.5                     -0.44272122
                    1170                     -0.41967531
                  1172.5                     -0.39628272
                    1175                     -0.37358841
                  1177.5                      -0.3525831
                    1180                     -0.33411522
                  1182.5                     -0.31881626
                    1185                     -0.30705137
                  1187.5                      -0.2988964
                    1190                     -0.29414048
                  1192.5                     -0.29231288
                    1195                     -0.29273044
                  1197.5                     -0.29456137
                    1200                     -0.29690636
                  1202.5                     -0.29887793
                    1205                     -0.29968694
                  1207.5                      -0.2987049
                    1210                     -0.29552899
                  1212.5                     -0.29000496
                    1215                     -0.28223761
                  1217.5                     -0.27256973
                    1220                     -0.26154279
                  1222.5                     -0.24983196
                    1225                     -0.23817859
                  1227.5                     -0.22731474
                    1230                     -0.21789443
                  1232.5                     -0.21043885
                    1235                     -0.20528445
                  1237.5                     -0.20256322
                    1240                     -0.20219561
                  1242.5                     -0.20389769
                    1245                     -0.20721704
                  1247.5                     -0.21157267
                    1250                     -0.21631017
                  1252.5                     -0.22076877
                    1255                     -0.22433882
                  1257.5                     -0.22652306
                    1260                     -0.22697719
                  1262.5                     -0.22554548
                    1265                     -0.22227021
                  1267.5                     -0.21738312
                    1270                     -0.21127756
                  1272.5                     -0.20446813
                    1275                     -0.19753649
                  1277.5                     -0.19107341
                    1280                     -0.18562419
                  1282.5                     -0.18163604
                    1285                      -0.1794206
                  1287.5                     -0.17912568
                    1290                      -0.1807246
                  1292.5                     -0.18402182
                    1295                     -0.18867198
                  1297.5                     -0.19421724
                    1300                     -0.20012709
                  1302.5                     -0.20584769
                    1305                     -0.21086376
                  1307.5                     -0.21473904
                    1310                     -0.21716298
                  1312.5                     -0.21797756
                    1315                     -0.21719542
                  1317.5                      -0.2149948
                    1320                     -0.21170194
                  1322.5                     -0.20775567
                    1325                     -0.20366481
                  1327.5                     -0.19995884
                    1330                     -0.19713852
                  1332.5                     -0.19562709
                    1335                      -0.1957338
                  1337.5                     -0.19762491
                    1340                     -0.20131111
                  1342.5                     -0.20664632
                    1345                     -0.21334578
                  1347.5                     -0.22100802
                    1350                     -0.22915987
                  1352.5                     -0.23729574
                    1355                     -0.24493385
                  1357.5                     -0.25165917
                    1360                     -0.25716529
                  1362.5                      -0.2612925
                    1365                     -0.26403528
                  1367.5                     -0.26555226
                    1370                     -0.26615291
                  1372.5                     -0.26626126
                    1375                     -0.26638228
                  1377.5                     -0.26705371
                    1380                     -0.26879779
                  1382.5                     -0.27206705
                    1385                     -0.27721178
                  1387.5                      -0.2844443
                    1390                     -0.29382248
                  1392.5                     -0.30524304
                    1395                     -0.31845509
                  1397.5                     -0.33308556
                    1400                     -0.34866926
                  1402.5                     -0.36470897
                    1405                      -0.3807115
                  1407.5                     -0.39625267
                    1410                     -0.41102051
                  1412.5                     -0.42485507
                    1415                     -0.43777552
                  1417.5                     -0.44998595
                    1420                     -0.46187327
                  1422.5                      -0.4739687
                    1425                     -0.48692286
                  1427.5                      -0.5014436
                    1430                     -0.51824701
                  1432.5                     -0.53799758
                    1435                     -0.56126025
                  1437.5                     -0.58845972
                    1440                     -0.61985398
                  1442.5                     -0.65552241
                    1445                     -0.69537228
                  1447.5                     -0.73916701
                    1450                     -0.78656771
                  1452.5                     -0.83719272
                    1455                     -0.89068758
                  1457.5                     -0.94680495
                    1460                      -1.0054833
                  1462.5                      -1.0669131
                    1465                      -1.1316023
                  1467.5                      -1.2004051
                    1470                      -1.2745404
                  1472.5                      -1.3555743
                    1475                      -1.4453844
                  1477.5                      -1.5460953
                    1480                      -1.6600005
                  1482.5                      -1.7894692
                    1485                      -1.9368344
                  1487.5                      -2.1042829
                    1490                      -2.2937221
                  1492.5                      -2.5066241
                    1495                      -2.7438558
                  1497.5                      -3.0054517
                    1500                      -3.2903416
                  1502.5                      -3.5960236
                    1505                      -3.9181558
                  1507.5                      -4.2501261
                    1510                      -4.5826553
                  1512.5                      -4.9035691
                    1515                      -5.1979775
                  1517.5                      -5.4491193
                    1520                      -5.6400791
                  1522.5                      -5.7562957
                    1525                      -5.7883078
                  1527.5                      -5.7338273
                    1530                      -5.5982403
                  1532.5                      -5.3933515
                    1535                      -5.1348959
                  1537.5                      -4.8397994
                    1540                       -4.523983
                  1542.5                      -4.2010414
                    1545                      -3.8817221
                  1547.5                      -3.5739676
                    1550                      -3.2832397
                  1552.5                      -3.0129576
                    1555                      -2.7649206
                  1557.5                      -2.5396927
                    1560                      -2.3369145
                  1562.5                      -2.1555531
                    1565                      -1.9941038
                  1567.5                      -1.8507564
                    1570                      -1.7235229
                  1572.5                      -1.6103562
                    1575                      -1.5092412
                  1577.5                      -1.4182746
                    1580                      -1.3357307
                  1582.5                      -1.2601088
                    1585                       -1.190165
                  1587.5                      -1.1249233
                    1590                      -1.0636705
                  1592.5                      -1.0059384
                    1595                     -0.95146428
                  1597.5                      -0.9001465
                    1600                     -0.85199909
                  1602.5                     -0.80709479
                    1605                     -0.76552169
                  1607.5                     -0.72734204
                    1610                      -0.6925623
                  1612.5                     -0.66110903
                    1615                     -0.63282338
                  1617.5                     -0.60746232
                    1620                     -0.58470829
                  1622.5                     -0.56418728
                    1625                     -0.54549414
                  1627.5                     -0.52822135
                    1630                     -0.51198068
                  1632.5                     -0.49643318
                    1635                     -0.48130509
                  1637.5                     -0.46640246
                    1640                     -0.45161833
                  1642.5                     -0.43693153
                    1645                     -0.42239409
                  1647.5                     -0.40811762
                    1650                     -0.39425483
                  1652.5                     -0.38097698
                    1655                     -0.36845438
                  1657.5                     -0.35683247
                    1660                     -0.34621708
                  1662.5                     -0.33666349
                    1665                     -0.32817329
                  1667.5                     -0.32068706
                    1670                     -0.31409772
                  1672.5                     -0.30825447
                    1675                     -0.30297937
                  1677.5                     -0.29808354
                    1680                     -0.29338419
                  1682.5                     -0.28871416
                    1685                     -0.28394267
                  1687.5                     -0.27898136
                    1690                     -0.27378991
                  1692.5                      -0.2683754
                    1695                     -0.26279034
                  1697.5                     -0.25712159
                    1700                     -0.25148355
                  1702.5                     -0.24600223
                    1705                     -0.24079968
                  1707.5                     -0.23598865
                    1710                     -0.23164981
                  1712.5                     -0.22783767
                    1715                     -0.22456656
                  1717.5                     -0.22181146
                    1720                     -0.21951375
                  1722.5                     -0.21758633
                    1725                     -0.21591675
                  1727.5                     -0.21438906
                    1730                     -0.21288625
                  1732.5                     -0.21130121
                    1735                     -0.20955162
                  1737.5                     -0.20757971
                    1740                     -0.20536254
                  1742.5                     -0.20290854
                    1745                     -0.20025697
                  1747.5                     -0.19747538
                    1750                     -0.19464345
                  1752.5                       -0.191858
                    1755                     -0.18920844
                  1757.5                     -0.18677776
                    1760                     -0.18463365
                  1762.5                     -0.18281514
                    1765                     -0.18134009
                  1767.5                      -0.1801948
                    1770                     -0.17934038
                  1772.5                     -0.17871663
                    1775                     -0.17824858
                  1777.5                     -0.17785111
                    1780                     -0.17744055
                  1782.5                     -0.17694425
                    1785                     -0.17629818
                  1787.5                     -0.17546331
                    1790                     -0.17442304
                  1792.5                     -0.17318521
                    1795                     -0.17178049
                  1797.5                     -0.17025778
                    1800                     -0.16868481
                  1802.5                      -0.1671284
                    1805                     -0.16566039
                  1807.5                     -0.16434635
                    1810                     -0.16323829
                  1812.5                      -0.1623673
                    1815                     -0.16174771
                  1817.5                     -0.16136973
                    1820                     -0.16120679
                  1822.5                      -0.1612106
                    1825                      -0.1613225
                  1827.5                     -0.16148043
                    1830                     -0.16161716
                  1832.5                     -0.16167422
                    1835                     -0.16160484
                  1837.5                     -0.16137498
                    1840                     -0.16097236
                  1842.5                     -0.16040175
                    1845                     -0.15968848
                  1847.5                      -0.1588716
                    1850                      -0.1579973
                  1852.5                     -0.15712731
                    1855                     -0.15631362
                  1857.5                     -0.15561005
                    1860                     -0.15505496
                  1862.5                     -0.15467687
                    1865                     -0.15448497
                  1867.5                     -0.15447231
                    1870                     -0.15461433
                  1872.5                     -0.15487641
                    1875                     -0.15520883
                  1877.5                     -0.15555796
                    1880                     -0.15587385
                  1882.5                     -0.15610703
                    1885                     -0.15621784
                  1887.5                     -0.15618158
                    1890                     -0.15598632
                  1892.5                     -0.15563876
                    1895                     -0.15515675
                  1897.5                     -0.15457333
                    1900                     -0.15393094
                  1902.5                     -0.15327666
                    1905                     -0.15265747
                  1907.5                     -0.15211502
                    1910                     -0.15168428
                  1912.5                     -0.15138963
                    1915                     -0.15123701
                  1917.5                     -0.15122171
                    1920                     -0.15132519
                  1922.5                     -0.15151782
                    1925                      -0.1517584
                  1927.5                     -0.15200363
                    1930                     -0.15220945
                  1932.5                     -0.15233764
                    1935                     -0.15235464
                  1937.5                     -0.15224199
                    1940                     -0.15198793
                  1942.5                     -0.15159821
                    1945                     -0.15109381
                  1947.5                     -0.15049942
                    1950                     -0.14985391
                  1952.5                      -0.1491974
                    1955                     -0.14856766
                  1957.5                     -0.14800376
                    1960                     -0.14753473
                  1962.5                     -0.14717997
                    1965                     -0.14694538
                  1967.5                     -0.14682737
                    1970                     -0.14680737
                  1972.5                     -0.14686109
                    1975                     -0.14695287
                  1977.5                     -0.14704432
                    1980                      -0.1470982
                  1982.5                     -0.14708011
                    1985                      -0.1469635
                  1987.5                     -0.14672812
                    1990                     -0.14636925
                  1992.5                     -0.14589007
                    1995                     -0.14530724
                  1997.5                     -0.14464501
                    2000                     -0.14393587
                  2002.5                     -0.14321556
                    2005                     -0.14251757
                  2007.5                     -0.14187455
                    2010                     -0.14131202
                  2012.5                     -0.14084665
                    2015                     -0.14048313
                  2017.5                     -0.14021726
                    2020                     -0.14003377
                  2022.5                     -0.13991015
                    2025                      -0.1398122
                  2027.5                     -0.13971123
                    2030                     -0.13957033
                  2032.5                     -0.13936219
                    2035                     -0.13906139
                  2037.5                     -0.13865327
                    2040                     -0.13813208
                  2042.5                     -0.13750479
                    2045                     -0.13678491
                  2047.5                     -0.13599587
                    2050                     -0.13516765
                  2052.5                     -0.13433044
                    2055                     -0.13351967
                  2057.5                     -0.13275979
                    2060                     -0.13207691
                  2062.5                     -0.13148342
                    2065                     -0.13098719
                  2067.5                     -0.13058192
                    2070                     -0.13025397
                  2072.5                      -0.1299828
                    2075                     -0.12973932
                  2077.5                     -0.12949488
                    2080                     -0.12921997
                  2082.5                     -0.12888838
                    2085                      -0.1284782
                  2087.5                     -0.12797781
                    2090                     -0.12738205
                  2092.5                     -0.12669767
                    2095                     -0.12593793
                  2097.5                     -0.12512515
                    2100                     -0.12428608
                  2102.5                     -0.12344875
                    2105                      -0.1226443
                  2107.5                     -0.12189775
                    2110                     -0.12122856
                  2112.5                     -0.12064981
                    2115                     -0.12016632
                  2117.5                     -0.11977182
                    2120                     -0.11945287
                  2122.5                     -0.11918875
                    2125                     -0.11895488
                  2127.5                     -0.11872197
                    2130                     -0.11846341
                  2132.5                     -0.11815407
                    2135                     -0.11777543
                  2137.5                     -0.11731517
                    2140                     -0.11677052
                  2142.5                      -0.1161467
                    2145                      -0.1154566
                  2147.5                     -0.11472078
                    2150                     -0.11396381
                  2152.5                     -0.11321282
                    2155                     -0.11249395
                  2157.5                     -0.11183143
                    2160                     -0.11124238
                  2162.5                     -0.11073774
                    2165                     -0.11032065
                  2167.5                     -0.10998542
                    2170                     -0.10971889
                  2172.5                     -0.10950117
                    2175                     -0.10930798
                  2177.5                      -0.1091119
                    2180                     -0.10888923
                  2182.5                     -0.10861623
                    2185                     -0.10827574
                  2187.5                     -0.10785876
                    2190                      -0.1073602
                  2192.5                     -0.10678727
                    2195                     -0.10615479
                  2197.5                     -0.10548095
                    2200                     -0.10478854
                  2202.5                     -0.10410469
                    2205                     -0.10345525
                  2207.5                     -0.10286086
                    2210                      -0.1023375
                  2212.5                     -0.10189682
                    2215                     -0.10153939
                  2217.5                     -0.10126151
                    2220                     -0.10104756
                  2222.5                     -0.10087887
                    2225                     -0.10073514
                  2227.5                     -0.10058818
                    2230                     -0.10041471
                  2232.5                     -0.10019518
                    2235                    -0.099912822
                  2237.5                    -0.099558972
                    2240                    -0.099131111
                  2242.5                    -0.098636598
                    2245                    -0.098088599
                  2247.5                    -0.097505372
                    2250                    -0.096911353
                  2252.5                    -0.096330719
                    2255                    -0.095786217
                  2257.5                    -0.095298341
                    2260                    -0.094883619
                  2262.5                    -0.094549456
                    2265                    -0.094297692
                  2267.5                    -0.094121743
                    2270                    -0.094007604
                  2272.5                    -0.093936687
                    2275                    -0.093886501
                  2277.5                     -0.09383263
                    2280                    -0.093751817
                  2282.5                    -0.093624117
                    2285                    -0.093433832
                  2287.5                    -0.093173334
                    2290                    -0.092841692
                  2292.5                    -0.092445801
                    2295                    -0.091998078
                  2297.5                     -0.09151923
                    2300                    -0.091028482
                  2302.5                    -0.090552778
                    2305                      -0.0901114
                  2307.5                    -0.089725729
                    2310                    -0.089409167
                  2312.5                    -0.089170732
                    2315                    -0.089007437
                  2317.5                    -0.088915953
                    2320                    -0.088878637
                  2322.5                    -0.088879757
                    2325                    -0.088896274
                  2327.5                    -0.088903661
                    2330                    -0.088879373
                  2332.5                    -0.088805745
                    2335                    -0.088667157
                  2337.5                    -0.088457962
                    2340                       -0.088179
                  2342.5                    -0.087833807
                    2345                    -0.087440139
                  2347.5                    -0.087015989
                    2350                    -0.086582045
                  2352.5                    -0.086162959
                    2355                    -0.085781353
                  2357.5                    -0.085454268
                    2360                    -0.085196065
                  2362.5                    -0.085014118
                    2365                    -0.084907256
                  2367.5                    -0.084868401
                    2370                    -0.084883163
                  2372.5                    -0.084933737
                    2375                    -0.084997009
                  2377.5                    -0.085049836
                    2380                     -0.08507131
                  2382.5                    -0.085042852
                    2385                    -0.084951343
                  2387.5                    -0.084791572
                    2390                    -0.084562805
                  2392.5                     -0.08427494
                    2395                    -0.083940904
                  2397.5                    -0.083581205
                    2400                    -0.083217399
                  2402.5                    -0.082871478
                    2405                    -0.082567817
                  2407.5                    -0.082322449
                    2410                    -0.082147295
                  2412.5                    -0.082050283
                    2415                    -0.082029436
                  2417.5                    -0.082074732
                    2420                    -0.082173846
                  2422.5                    -0.082307825
                    2425                    -0.082452509
                  2427.5                    -0.082585998
                    2430                    -0.082685503
                  2432.5                    -0.082734899
                    2435                    -0.082721406
                  2437.5                    -0.082639199
                    2440                    -0.082490829
                  2442.5                    -0.082283546
                    2445                     -0.08203133
                  2447.5                    -0.081757663
                    2450                    -0.081480824
                  2452.5                    -0.081225602
                    2455                    -0.081012183
                  2457.5                    -0.080860538
                    2460                    -0.080779056
                  2462.5                    -0.080774586
                    2465                    -0.080845709
                  2467.5                    -0.080983344
                    2470                    -0.081171207
                  2472.5                    -0.081389354
                    2475                    -0.081616624
                  2477.5                    -0.081830115
                    2480                    -0.082007123
                  2482.5                    -0.082132072
                    2485                    -0.082194177
                  2487.5                    -0.082185742
                    2490                    -0.082111934
                  2492.5                    -0.081981087
                    2495                    -0.081810431
                  2497.5                    -0.081618423
                    2500                    -0.081429073
                  2502.5                    -0.081265661
                    2505                     -0.08114925
                  2507.5                    -0.081098571
                    2510                     -0.08112186
                  2512.5                    -0.081227818
                    2515                      -0.0814111
                  2517.5                     -0.08166429
                    2520                    -0.081970246
                  2522.5                    -0.082309877
                    2525                     -0.08265921
                  2527.5                    -0.082997314
                    2530                    -0.083302206
                  2532.5                    -0.083558189
                    2535                    -0.083753817
                  2537.5                    -0.083886206
                    2540                    -0.083957448
                  2542.5                    -0.083979518
                    2545                    -0.083968565
                  2547.5                    -0.083948243
                    2550                     -0.08393788
                  2552.5                    -0.083963883
                    2555                    -0.084047404
                  2557.5                    -0.084205971
                    2560                    -0.084450805
                  2562.5                    -0.084783909
                    2565                    -0.085206227
                  2567.5                    -0.085705207
                    2570                    -0.086265744
                  2572.5                    -0.086865166
                    2575                    -0.087482113
                  2577.5                    -0.088093332
                    2580                    -0.088678699
                  2582.5                    -0.089222626
                    2585                    -0.089713638
                  2587.5                    -0.090148344
                    2590                    -0.090532444
                  2592.5                    -0.090877562
                    2595                    -0.091200923
                  2597.5                      -0.0915262
                    2600                    -0.091874898
                  2602.5                     -0.09227451
                    2605                    -0.092744465
                  2607.5                    -0.093304133
                    2610                    -0.093963374
                  2612.5                    -0.094726411
                    2615                    -0.095589889
                  2617.5                    -0.096545016
                    2620                    -0.097570979
                  2622.5                    -0.098650174
                    2625                    -0.099757813
                  2627.5                     -0.10087186
                    2630                     -0.10197035
                  2632.5                      -0.1030393
                    2635                     -0.10406699
                  2637.5                     -0.10505204
                    2640                     -0.10600098
                  2642.5                     -0.10692499
                    2645                     -0.10784393
                  2647.5                       -0.108779
                    2650                     -0.10975742
                  2652.5                     -0.11080267
                    2655                     -0.11193652
                  2657.5                      -0.1131771
                    2660                     -0.11453564
                  2662.5                     -0.11601444
                    2665                     -0.11761007
                  2667.5                     -0.11931047
                    2670                      -0.1210959
                  2672.5                     -0.12294838
                    2675                     -0.12483871
                  2677.5                     -0.12674524
                    2680                     -0.12864578
                  2682.5                     -0.13052337
                    2685                     -0.13236759
                  2687.5                      -0.1341759
                    2690                     -0.13595283
                  2692.5                     -0.13771129
                    2695                     -0.13946938
                  2697.5                     -0.14124807
                    2700                     -0.14307353
                  2702.5                     -0.14497062
                    2705                     -0.14695725
                  2707.5                     -0.14905251
                    2710                     -0.15126444
                  2712.5                     -0.15359588
                    2715                     -0.15603982
                  2717.5                     -0.15858245
                    2720                     -0.16120354
                  2722.5                     -0.16388013
                    2725                     -0.16658278
                  2727.5                     -0.16928895
                    2730                     -0.17197253
                  2732.5                     -0.17461486
                    2735                     -0.17720615
                  2737.5                      -0.1797403
                    2740                     -0.18222338
                  2742.5                     -0.18466436
                    2745                     -0.18708145
                  2747.5                     -0.18949827
                    2750                     -0.19193874
                  2752.5                       -0.194423
                    2755                      -0.1969771
                  2757.5                     -0.19961325
                    2760                     -0.20234303
                  2762.5                     -0.20516504
                    2765                     -0.20807443
                  2767.5                     -0.21105677
                    2770                     -0.21409042
                  2772.5                     -0.21715199
                    2775                     -0.22021124
                  2777.5                     -0.22324438
                    2780                     -0.22622564
                  2782.5                      -0.2291355
                    2785                     -0.23196256
                  2787.5                     -0.23470357
                    2790                     -0.23736013
                  2792.5                     -0.23994602
                    2795                     -0.24247701
                  2797.5                     -0.24497776
                    2800                     -0.24747303
                  2802.5                     -0.24998779
                    2805                     -0.25254434
                  2807.5                     -0.25515932
                    2810                     -0.25784581
                  2812.5                     -0.26060574
                    2815                     -0.26343427
                  2817.5                      -0.2663198
                    2820                     -0.26924322
                  2822.5                     -0.27218032
                    2825                     -0.27510641
                  2827.5                     -0.27799587
                    2830                     -0.28082524
                  2832.5                     -0.28357653
                    2835                     -0.28623818
                  2837.5                     -0.28880651
                    2840                     -0.29128574
                  2842.5                     -0.29368917
                    2845                     -0.29603588
                  2847.5                     -0.29834899
                    2850                     -0.30065576
                  2852.5                      -0.3029857
                    2855                     -0.30536272
                  2857.5                     -0.30780648
                    2860                     -0.31033561
                  2862.5                     -0.31295595
                    2865                     -0.31566747
                  2867.5                     -0.31846216
                    2870                     -0.32132642
                  2872.5                     -0.32424026
                    2875                     -0.32718203
                  2877.5                     -0.33012609
                    2880                     -0.33305049
                  2882.5                     -0.33593947
                    2885                     -0.33877853
                  2887.5                     -0.34156283
                    2890                     -0.34429539
                  2892.5                     -0.34698633
                    2895                     -0.34965187
                  2897.5                     -0.35231637
                    2900                     -0.35500577
                  2902.5                      -0.3577495
                    2905                     -0.36057468
                  2907.5                     -0.36350549
                    2910                     -0.36656386
                  2912.5                     -0.36976218
                    2915                     -0.37310667
                  2917.5                     -0.37659699
                    2920                     -0.38022429
                  2922.5                     -0.38397246
                    2925                      -0.3878243
                  2927.5                      -0.3917576
                    2930                     -0.39574788
                  2932.5                     -0.39977634
                    2935                     -0.40382483
                  2937.5                      -0.4078818
                    2940                      -0.4119437
                  2942.5                     -0.41601347
                    2945                     -0.42010265
                  2947.5                     -0.42422844
                    2950                     -0.42841728
                  2952.5                     -0.43269695
                    2955                     -0.43710204
                  2957.5                     -0.44166448
                    2960                     -0.44641487
                  2962.5                     -0.45138247
                    2965                     -0.45658765
                  2967.5                     -0.46204753
                    2970                     -0.46776899
                  2972.5                     -0.47375107
                    2975                     -0.47998738
                  2977.5                     -0.48646339
                    2980                     -0.49315966
                  2982.5                     -0.50005616
                    2985                     -0.50713121
                  2987.5                     -0.51436617
                    2990                     -0.52174729
                  2992.5                     -0.52927069
                    2995                     -0.53694098
                  2997.5                     -0.54477353
                    3000                     -0.55279673

