        Frequency / MHz                S1,1/abs,dB
----------------------------------------------------------------------
                     500                     -0.21882961
                   502.5                     -0.22702085
                     505                     -0.22576588
                   507.5                     -0.21548212
                     510                     -0.19727387
                   512.5                     -0.17280875
                     515                     -0.14414908
                   517.5                     -0.11355985
                     520                    -0.083325943
                   522.5                    -0.055579268
                     525                    -0.032162311
                   527.5                    -0.014523434
                     530                   -0.0036418054
                   532.5                  -7.4609384e-07
                     535                    -0.003569194
                   537.5                    -0.013835702
                     540                    -0.029845446
                   542.5                    -0.050276709
                     545                     -0.07352542
                   547.5                    -0.097823133
                     550                     -0.12135701
                   552.5                     -0.14240593
                     555                     -0.15946648
                   557.5                     -0.17136966
                     560                     -0.17736839
                   562.5                     -0.17719169
                     565                     -0.17105431
                   567.5                     -0.15962119
                     570                       -0.143941
                   572.5                     -0.12534182
                     575                     -0.10531774
                   577.5                    -0.085402139
                     580                    -0.067058239
                   582.5                    -0.051575476
                     585                    -0.039983623
                   587.5                    -0.033006511
                     590                    -0.031014613
                   592.5                    -0.034020878
                     595                    -0.041690709
                   597.5                    -0.053370716
                     600                    -0.068137862
                   602.5                    -0.084869644
                     605                     -0.10232177
                   607.5                     -0.11922251
                     610                     -0.13435628
                   612.5                     -0.14667085
                     615                      -0.1553386
                   617.5                     -0.15983405
                     620                     -0.15995954
                   622.5                     -0.15585701
                     625                     -0.14799081
                   627.5                     -0.13709678
                     630                     -0.12411779
                   632.5                     -0.11012049
                     635                     -0.09621279
                   637.5                    -0.083460235
                     640                    -0.072806358
                   642.5                    -0.065016149
                     645                     -0.06062362
                   647.5                    -0.059909446
                     650                    -0.062882657
                   652.5                    -0.069292268
                     655                    -0.078648168
                   657.5                    -0.090255375
                     660                     -0.10327348
                   662.5                      -0.1167685
                     665                     -0.12979126
                   667.5                     -0.14144135
                     670                     -0.15093786
                   672.5                     -0.15767556
                     675                     -0.16127363
                   677.5                     -0.16160146
                     680                     -0.15878171
                   682.5                     -0.15317759
                     685                     -0.14536031
                   687.5                     -0.13605144
                     690                     -0.12607592
                   692.5                     -0.11628288
                     695                     -0.10749347
                   697.5                     -0.10043148
                     700                     -0.09568442
                   702.5                    -0.093659507
                     705                    -0.094557535
                   707.5                    -0.098369969
                     710                     -0.10488062
                   712.5                     -0.11368273
                     715                     -0.12421253
                   717.5                     -0.13578887
                     720                     -0.14766629
                   722.5                     -0.15908808
                     725                     -0.16934687
                   727.5                     -0.17783162
                     730                     -0.18408256
                   732.5                      -0.1878202
                     735                     -0.18896906
                   737.5                     -0.18765661
                     740                     -0.18420657
                   742.5                     -0.17910483
                     745                      -0.1729622
                   747.5                     -0.16646252
                     750                     -0.16031204
                   752.5                     -0.15518242
                     755                     -0.15166845
                   757.5                     -0.15023918
                     760                     -0.15121391
                   762.5                      -0.1547356
                     765                     -0.16076698
                   767.5                     -0.16909682
                     770                     -0.17935129
                   772.5                     -0.19102917
                     775                     -0.20353204
                   777.5                     -0.21621398
                     780                      -0.2284296
                   782.5                      -0.2395842
                     785                     -0.24917578
                   787.5                     -0.25684138
                     790                     -0.26238436
                   792.5                     -0.26578717
                     795                     -0.26721735
                   797.5                     -0.26700903
                     800                     -0.26564304
                   802.5                     -0.26370186
                     805                     -0.26182994
                   807.5                     -0.26068442
                     810                     -0.26088443
                   812.5                     -0.26297031
                     815                      -0.2673614
                   817.5                     -0.27433632
                     820                     -0.28400438
                   822.5                     -0.29631034
                     825                     -0.31102879
                   827.5                     -0.32779314
                     830                     -0.34611147
                   832.5                     -0.36541518
                     835                     -0.38509888
                   837.5                     -0.40456323
                     840                     -0.42327342
                   842.5                     -0.44080453
                     845                     -0.45686986
                   847.5                     -0.47136586
                     850                     -0.48437394
                   852.5                     -0.49616883
                     855                     -0.50720166
                   857.5                      -0.5180727
                     860                     -0.52949132
                   862.5                     -0.54223223
                     865                     -0.55708258
                   867.5                     -0.57479891
                     870                     -0.59605046
                   872.5                     -0.62139161
                     875                     -0.65122655
                   877.5                     -0.68578783
                     880                     -0.72513664
                   882.5                     -0.76916032
                     885                     -0.81759837
                   887.5                     -0.87006986
                     890                     -0.92611214
                   892.5                      -0.9852404
                     895                      -1.0469972
                   897.5                      -1.1110167
                     900                      -1.1770853
                   902.5                      -1.2451913
                     905                      -1.3155658
                   907.5                      -1.3887112
                     910                      -1.4654052
                   912.5                      -1.5466943
                     915                      -1.6338553
                   917.5                      -1.7283543
                     920                      -1.8317787
                   922.5                      -1.9457631
                     925                      -2.0719066
                   927.5                      -2.2116753
                     930                      -2.3663024
                   932.5                      -2.5366769
                     935                      -2.7232227
                   937.5                      -2.9257566
                     940                      -3.1433357
                   942.5                      -3.3740865
                     945                      -3.6150268
                   947.5                      -3.8618911
                     950                       -4.109008
                   952.5                      -4.3492572
                     955                      -4.5742076
                   957.5                      -4.7744788
                     960                      -4.9404201
                   962.5                      -5.0630502
                     965                      -5.1351837
                   967.5                      -5.1524721
                     970                      -5.1141069
                   972.5                      -5.0229469
                     975                      -4.8850471
                   977.5                      -4.7087152
                     980                      -4.5033979
                   982.5                      -4.2786343
                     985                      -4.0432609
                   987.5                      -3.8049213
                     990                      -3.5698446
                   992.5                      -3.3428125
                     995                       -3.127274
                   997.5                      -2.9254855
                    1000                      -2.7387065
                  1002.5                      -2.5673696
                    1005                      -2.4112489
                  1007.5                      -2.2696015
                    1010                       -2.141311
                  1012.5                      -2.0249923
                    1015                      -1.9191164
                  1017.5                      -1.8220862
                    1020                      -1.7323516
                  1022.5                      -1.6484657
                    1025                      -1.5691607
                  1027.5                       -1.493399
                    1030                       -1.420397
                  1032.5                      -1.3496534
                    1035                       -1.280924
                  1037.5                      -1.2142134
                    1040                       -1.149731
                  1042.5                      -1.0878329
                    1045                      -1.0289734
                  1047.5                     -0.97364204
                    1050                     -0.92230566
                  1052.5                     -0.87535991
                    1055                     -0.83308796
                  1057.5                     -0.79562788
                    1060                     -0.76295302
                  1062.5                     -0.73486755
                    1065                      -0.7110098
                  1067.5                     -0.69087035
                    1070                     -0.67381981
                  1072.5                     -0.65913809
                    1075                     -0.64606708
                  1077.5                     -0.63384933
                    1080                     -0.62177612
                  1082.5                     -0.60923296
                    1085                     -0.59573639
                  1087.5                     -0.58096546
                    1090                     -0.56477007
                  1092.5                     -0.54718524
                    1095                     -0.52840946
                  1097.5                     -0.50879073
                    1100                     -0.48878627
                  1102.5                      -0.4689257
                    1105                     -0.44976538
                  1107.5                      -0.4318458
                    1110                     -0.41564705
                  1112.5                     -0.40155752
                    1115                     -0.38983858
                  1117.5                     -0.38061329
                    1120                     -0.37385476
                  1122.5                     -0.36938966
                    1125                      -0.3669068
                  1127.5                     -0.36598298
                    1130                     -0.36611133
                  1132.5                     -0.36673115
                    1135                     -0.36727877
                  1137.5                     -0.36722162
                    1140                     -0.36609388
                  1142.5                     -0.36353975
                    1145                     -0.35933182
                  1147.5                     -0.35339129
                    1150                     -0.34578823
                  1152.5                     -0.33674031
                    1155                     -0.32658723
                  1157.5                     -0.31576585
                    1160                     -0.30477722
                  1162.5                     -0.29414291
                    1165                     -0.28436671
                  1167.5                     -0.27590164
                    1170                     -0.26910947
                  1172.5                     -0.26424091
                    1175                     -0.26141474
                  1177.5                     -0.26060886
                    1180                     -0.26166786
                  1182.5                     -0.26430442
                    1185                     -0.26812496
                  1187.5                     -0.27266103
                    1190                     -0.27739421
                  1192.5                     -0.28180061
                    1195                      -0.2853884
                  1197.5                     -0.28773796
                    1200                     -0.28852595
                  1202.5                     -0.28756289
                    1205                      -0.2847974
                  1207.5                     -0.28032672
                    1210                     -0.27438615
                  1212.5                     -0.26733433
                    1215                      -0.2596164
                  1217.5                      -0.2517414
                    1220                     -0.24423411
                  1222.5                     -0.23760034
                    1225                     -0.23229008
                  1227.5                     -0.22865677
                    1230                     -0.22694503
                  1232.5                     -0.22725936
                    1235                       -0.229566
                  1237.5                     -0.23368677
                    1240                     -0.23931842
                  1242.5                      -0.2460467
                    1245                     -0.25337785
                  1247.5                     -0.26077625
                    1250                      -0.2677006
                  1252.5                     -0.27364541
                    1255                      -0.2781853
                  1257.5                     -0.28100425
                    1260                     -0.28191843
                  1262.5                     -0.28090448
                    1265                     -0.27809073
                  1267.5                     -0.27375369
                    1270                     -0.26829646
                  1272.5                     -0.26222254
                    1275                     -0.25609013
                  1277.5                     -0.25047569
                    1280                     -0.24593187
                  1282.5                      -0.2429425
                    1285                     -0.24189011
                  1287.5                      -0.2430296
                    1290                     -0.24646278
                  1292.5                     -0.25213696
                    1295                     -0.25984255
                  1297.5                     -0.26922344
                    1300                     -0.27980601
                  1302.5                     -0.29102868
                    1305                     -0.30228313
                  1307.5                     -0.31295757
                    1310                     -0.32248621
                  1312.5                     -0.33039372
                    1315                     -0.33633626
                  1317.5                     -0.34012994
                    1320                     -0.34177021
                  1322.5                      -0.3414383
                    1325                     -0.33948761
                  1327.5                      -0.3364211
                    1330                     -0.33285885
                  1332.5                     -0.32948431
                    1335                     -0.32700405
                  1337.5                     -0.32608814
                    1340                     -0.32733372
                  1342.5                     -0.33121023
                    1345                     -0.33803151
                  1347.5                     -0.34793302
                    1350                     -0.36085601
                  1352.5                     -0.37655039
                    1355                     -0.39459023
                  1357.5                     -0.41439693
                    1360                     -0.43528521
                  1362.5                     -0.45650326
                    1365                     -0.47729703
                  1367.5                     -0.49696818
                    1370                     -0.51493344
                  1372.5                     -0.53077938
                    1375                     -0.54430959
                  1377.5                     -0.55556311
                    1380                     -0.56483099
                  1382.5                      -0.5726486
                    1385                     -0.57975664
                  1387.5                     -0.58706948
                    1390                     -0.59560325
                  1392.5                     -0.60642272
                    1395                     -0.62057228
                  1397.5                     -0.63900512
                    1400                     -0.66253524
                  1402.5                     -0.69178152
                    1405                     -0.72714037
                  1407.5                     -0.76875676
                    1410                     -0.81652326
                  1412.5                     -0.87009187
                    1415                     -0.92890397
                  1417.5                      -0.9922403
                    1420                      -1.0592882
                  1422.5                      -1.1292225
                    1425                      -1.2013062
                  1427.5                      -1.2749928
                    1430                      -1.3500271
                  1432.5                      -1.4265439
                    1435                      -1.5051419
                  1437.5                       -1.586948
                    1440                       -1.673635
                  1442.5                      -1.7674292
                    1445                      -1.8710852
                  1447.5                      -1.9878471
                    1450                      -2.1214027
                  1452.5                      -2.2758391
                    1455                      -2.4556098
                  1457.5                       -2.665528
                    1460                      -2.9107811
                  1462.5                      -3.1969928
                    1465                      -3.5303185
                  1467.5                      -3.9176055
                    1470                      -4.3666064
                  1472.5                      -4.8863102
                    1475                      -5.4873405
                  1477.5                      -6.1825525
                    1480                      -6.9877732
                  1482.5                      -7.9227355
                    1485                      -9.0120057
                  1487.5                      -10.285045
                    1490                      -11.772126
                  1492.5                       -13.48423
                    1495                      -15.337698
                  1497.5                       -16.94525
                    1500                      -17.466252
                  1502.5                        -16.4878
                    1505                       -14.73176
                  1507.5                      -12.912679
                    1510                      -11.282858
                  1512.5                       -9.879034
                    1515                      -8.6793357
                  1517.5                      -7.6526732
                    1520                      -6.7710333
                  1522.5                      -6.0114957
                    1525                      -5.3556781
                  1527.5                       -4.788787
                    1530                      -4.2987246
                  1532.5                      -3.8754096
                    1535                      -3.5102624
                  1537.5                      -3.1958176
                    1540                      -2.9254541
                  1542.5                      -2.6932029
                    1545                      -2.4936123
                  1547.5                      -2.3216704
                    1550                      -2.1727607
                  1552.5                      -2.0426585
                    1555                      -1.9275456
                  1557.5                      -1.8240382
                    1560                      -1.7292302
                  1562.5                      -1.6407241
                    1565                      -1.5566531
                  1567.5                      -1.4756808
                    1570                      -1.3969842
                  1572.5                      -1.3202031
                    1575                       -1.245375
                  1577.5                      -1.1728446
                    1580                      -1.1031738
                  1582.5                       -1.037046
                    1585                     -0.97516594
                  1587.5                     -0.91818523
                    1590                     -0.86663105
                  1592.5                     -0.82085704
                    1595                     -0.78101098
                  1597.5                     -0.74701416
                    1600                     -0.71856586
                  1602.5                     -0.69515814
                    1605                     -0.67610076
                  1607.5                     -0.66057075
                    1610                     -0.64764795
                  1612.5                     -0.63638415
                    1615                      -0.6258527
                  1617.5                     -0.61521175
                    1620                     -0.60375009
                  1622.5                     -0.59093128
                    1625                     -0.57642059
                  1627.5                     -0.56009997
                    1630                     -0.54205929
                  1632.5                      -0.5225807
                    1635                      -0.5021018
                  1637.5                      -0.4811766
                    1640                     -0.46041845
                  1642.5                     -0.44044974
                    1645                     -0.42186239
                  1647.5                     -0.40515885
                    1650                     -0.39072972
                  1652.5                      -0.3788191
                    1655                     -0.36951698
                  1657.5                     -0.36275309
                    1660                      -0.3583075
                  1662.5                     -0.35582099
                    1665                     -0.35483592
                  1667.5                     -0.35481685
                    1670                     -0.35519829
                  1672.5                     -0.35542096
                    1675                     -0.35496949
                  1677.5                     -0.35342238
                    1680                     -0.35046225
                  1682.5                     -0.34590985
                    1685                     -0.33972802
                  1687.5                     -0.33202516
                    1690                     -0.32303256
                  1692.5                     -0.31309429
                    1695                     -0.30262713
                  1697.5                      -0.2920908
                    1700                     -0.28194924
                  1702.5                     -0.27263799
                    1705                     -0.26452992
                  1707.5                     -0.25791127
                    1710                     -0.25296003
                  1712.5                     -0.24973547
                    1715                     -0.24818112
                  1717.5                     -0.24812586
                    1720                     -0.24929749
                  1722.5                     -0.25135107
                    1725                     -0.25388676
                  1727.5                       -0.256487
                    1730                     -0.25873935
                  1732.5                     -0.26027815
                    1735                     -0.26080133
                  1737.5                     -0.26010138
                    1740                     -0.25806667
                  1742.5                     -0.25470385
                    1745                     -0.25012448
                  1747.5                     -0.24453551
                    1750                     -0.23822288
                  1752.5                     -0.23152723
                    1755                     -0.22481592
                  1757.5                     -0.21845719
                    1760                      -0.2127835
                  1762.5                     -0.20808418
                    1765                     -0.20456478
                  1767.5                     -0.20234704
                    1770                     -0.20145858
                  1772.5                     -0.20182859
                    1775                     -0.20330036
                  1777.5                     -0.20563951
                    1780                     -0.20855065
                  1782.5                     -0.21170774
                    1785                     -0.21477177
                  1787.5                     -0.21741864
                    1790                     -0.21936268
                  1792.5                     -0.22038222
                    1795                     -0.22032906
                  1797.5                     -0.21914257
                    1800                     -0.21685856
                  1802.5                     -0.21359249
                    1805                      -0.2095372
                  1807.5                     -0.20495027
                    1810                     -0.20012225
                  1812.5                     -0.19536402
                    1815                     -0.19097862
                  1817.5                     -0.18723605
                    1820                     -0.18435661
                  1822.5                     -0.18249598
                    1825                     -0.18173234
                  1827.5                     -0.18206114
                    1830                     -0.18339938
                  1832.5                     -0.18559237
                    1835                      -0.1884207
                  1837.5                     -0.19162441
                    1840                     -0.19491615
                  1842.5                     -0.19801077
                    1845                     -0.20063997
                  1847.5                     -0.20257488
                    1850                     -0.20364438
                  1852.5                     -0.20374949
                    1855                     -0.20286367
                  1857.5                     -0.20104175
                    1860                     -0.19841114
                  1862.5                     -0.19516026
                    1865                      -0.1915214
                  1867.5                     -0.18775927
                    1870                     -0.18414545
                  1872.5                     -0.18093483
                    1875                     -0.17835193
                  1877.5                     -0.17657238
                    1880                     -0.17570983
                  1882.5                     -0.17580614
                    1885                     -0.17683485
                  1887.5                     -0.17869918
                    1890                     -0.18123869
                  1892.5                     -0.18424619
                    1895                     -0.18748125
                  1897.5                     -0.19068576
                    1900                     -0.19361094
                  1902.5                     -0.19602942
                    1905                     -0.19775572
                  1907.5                     -0.19865985
                    1910                     -0.19867598
                  1912.5                      -0.1978102
                    1915                     -0.19613296
                  1917.5                     -0.19378305
                    1920                      -0.1909454
                  1922.5                     -0.18784399
                    1925                     -0.18471866
                  1927.5                     -0.18181251
                    1930                     -0.17934723
                  1932.5                     -0.17751283
                    1935                     -0.17644613
                  1937.5                     -0.17622583
                    1940                     -0.17686961
                  1942.5                     -0.17832558
                    1945                     -0.18048209
                  1947.5                     -0.18317783
                    1950                     -0.18620742
                  1952.5                     -0.18934306
                    1955                      -0.1923527
                  1957.5                     -0.19501159
                    1960                     -0.19712291
                  1962.5                     -0.19853803
                    1965                     -0.19915845
                  1967.5                     -0.19894874
                    1970                     -0.19793847
                  1972.5                     -0.19621767
                    1975                     -0.19393396
                  1977.5                     -0.19127206
                    1980                     -0.18844826
                  1982.5                     -0.18568756
                    1985                     -0.18320818
                  1987.5                     -0.18120797
                    1990                     -0.17984388
                  1992.5                     -0.17922402
                    1995                     -0.17939906
                  1997.5                     -0.18035752
                    2000                     -0.18203191
                  2002.5                     -0.18429362
                    2005                     -0.18697803
                  2007.5                     -0.18987938
                    2010                     -0.19278332
                  2012.5                     -0.19547108
                    2015                     -0.19774229
                  2017.5                     -0.19942906
                    2020                     -0.20040824
                  2022.5                     -0.20061366
                    2025                     -0.20003517
                  2027.5                      -0.1987266
                    2030                     -0.19679432
                  2032.5                     -0.19439596
                    2035                     -0.19171964
                  2037.5                     -0.18897579
                    2040                     -0.18637877
                  2042.5                     -0.18412857
                    2045                     -0.18239793
                  2047.5                     -0.18132012
                    2050                     -0.18097609
                  2052.5                     -0.18138908
                    2055                      -0.1825267
                  2057.5                     -0.18429842
                    2060                     -0.18656902
                  2062.5                     -0.18916052
                    2065                     -0.19187451
                  2067.5                     -0.19449735
                    2070                     -0.19682858
                  2072.5                     -0.19868635
                    2075                      -0.1999278
                  2077.5                     -0.20045643
                    2080                     -0.20022918
                  2082.5                     -0.19926529
                    2085                     -0.19763704
                  2087.5                     -0.19546891
                    2090                     -0.19292611
                  2092.5                     -0.19020327
                    2095                     -0.18750523
                  2097.5                     -0.18503601
                    2100                     -0.18298068
                  2102.5                     -0.18148992
                    2105                     -0.18067268
                  2107.5                     -0.18058414
                    2110                     -0.18122469
                  2112.5                     -0.18253826
                    2115                     -0.18441666
                  2117.5                     -0.18670863
                    2120                     -0.18923028
                  2122.5                     -0.19178077
                    2125                     -0.19415647
                  2127.5                     -0.19616528
                    2130                     -0.19764648
                  2132.5                     -0.19847654
                    2135                     -0.19858463
                  2137.5                     -0.19795407
                    2140                     -0.19662609
                  2142.5                     -0.19469462
                    2145                     -0.19230149
                  2147.5                     -0.18962296
                    2150                     -0.18685609
                  2152.5                     -0.18420365
                    2155                     -0.18186206
                  2157.5                     -0.17999778
                    2160                     -0.17874587
                  2162.5                     -0.17819003
                    2165                     -0.17836218
                  2167.5                     -0.17923841
                    2170                     -0.18073978
                  2172.5                     -0.18274089
                    2175                     -0.18507572
                  2177.5                     -0.18755449
                    2180                     -0.18997374
                  2182.5                     -0.19213386
                    2185                     -0.19385826
                  2187.5                     -0.19499992
                    2190                      -0.1954599
                  2192.5                      -0.1951883
                    2195                     -0.19419765
                  2197.5                     -0.19255117
                    2200                     -0.19036274
                  2202.5                     -0.18779249
                    2205                     -0.18502756
                  2207.5                     -0.18226747
                    2210                     -0.17971537
                  2212.5                     -0.17755558
                    2215                     -0.17594351
                  2217.5                     -0.17499181
                    2220                     -0.17476272
                  2222.5                     -0.17526369
                    2225                     -0.17644606
                  2227.5                     -0.17820778
                    2230                     -0.18040434
                  2232.5                     -0.18285496
                    2235                     -0.18536089
                  2237.5                     -0.18771755
                    2240                     -0.18973319
                  2242.5                     -0.19123833
                    2245                     -0.19210501
                  2247.5                     -0.19225646
                    2250                      -0.1916677
                  2252.5                     -0.19037282
                    2255                     -0.18846161
                  2257.5                     -0.18607207
                    2260                     -0.18337723
                  2262.5                     -0.18057705
                    2265                     -0.17787602
                  2267.5                     -0.17547372
                    2270                     -0.17354609
                  2272.5                     -0.17223361
                    2275                     -0.17162792
                  2277.5                     -0.17177041
                    2280                     -0.17263932
                  2282.5                     -0.17416164
                    2285                     -0.17621478
                  2287.5                     -0.17863022
                    2290                     -0.18121554
                  2292.5                     -0.18376261
                    2295                      -0.1860643
                  2297.5                     -0.18793368
                    2300                     -0.18921588
                  2302.5                     -0.18980032
                    2305                     -0.18963251
                  2307.5                     -0.18871508
                    2310                     -0.18710822
                  2312.5                     -0.18492644
                    2315                     -0.18232983
                  2317.5                      -0.1795128
                    2320                     -0.17668213
                  2322.5                     -0.17405221
                    2325                     -0.17181815
                  2327.5                     -0.17014463
                    2330                     -0.16915798
                  2332.5                     -0.16892906
                    2335                     -0.16947166
                  2337.5                     -0.17073997
                    2340                     -0.17263372
                  2342.5                     -0.17500328
                    2345                     -0.17766272
                  2347.5                      -0.1804004
                    2350                     -0.18300141
                  2352.5                     -0.18525871
                    2355                     -0.18698948
                  2357.5                     -0.18805132
                    2360                     -0.18835783
                  2362.5                     -0.18787654
                    2365                      -0.1866372
                  2367.5                     -0.18472852
                    2370                     -0.18229499
                  2372.5                     -0.17951869
                    2375                     -0.17661135
                  2377.5                     -0.17379518
                    2380                     -0.17128386
                  2382.5                     -0.16927244
                    2385                      -0.1679144
                  2387.5                      -0.1673166
                    2390                     -0.16752631
                  2392.5                     -0.16852997
                    2395                     -0.17025313
                  2397.5                     -0.17256585
                    2400                     -0.17529129
                  2402.5                      -0.1782212
                    2405                     -0.18112877
                  2407.5                     -0.18378938
                    2410                     -0.18599367
                  2412.5                     -0.18757036
                    2415                     -0.18839118
                  2417.5                     -0.18838832
                    2420                     -0.18756116
                  2422.5                     -0.18596833
                    2425                       -0.183732
                  2427.5                     -0.18102352
                    2430                     -0.17805274
                  2432.5                     -0.17504896
                    2435                     -0.17224822
                  2437.5                     -0.16986841
                    2440                     -0.16809856
                  2442.5                     -0.16707901
                    2445                      -0.1668965
                  2447.5                     -0.16757098
                    2450                     -0.16906046
                  2452.5                     -0.17125725
                    2455                     -0.17399802
                  2457.5                     -0.17707966
                    2460                     -0.18026922
                  2462.5                     -0.18332337
                    2465                     -0.18600763
                  2467.5                     -0.18811691
                    2470                     -0.18948524
                  2472.5                     -0.19000651
                    2475                     -0.18964006
                  2477.5                     -0.18841452
                    2480                     -0.18642487
                  2482.5                     -0.18382708
                    2485                     -0.18082512
                  2487.5                     -0.17765608
                    2490                     -0.17457074
                  2492.5                     -0.17181654
                    2495                     -0.16961305
                  2497.5                     -0.16814348
                    2500                     -0.16753322
                  2502.5                     -0.16784358
                    2505                     -0.16906307
                  2507.5                     -0.17111625
                    2510                     -0.17385736
                  2512.5                     -0.17708891
                    2515                      -0.1805766
                  2517.5                     -0.18406021
                    2520                     -0.18727948
                  2522.5                      -0.1899938
                    2525                     -0.19199811
                  2527.5                     -0.19314233
                    2530                     -0.19334181
                  2532.5                     -0.19258719
                    2535                     -0.19094084
                  2537.5                     -0.18853917
                    2540                     -0.18557433
                  2542.5                     -0.18228862
                    2545                      -0.1789493
                  2547.5                     -0.17582565
                    2550                     -0.17317631
                  2552.5                     -0.17122465
                    2555                     -0.17014036
                  2557.5                      -0.1700308
                    2560                     -0.17092696
                  2562.5                     -0.17278162
                    2565                     -0.17548051
                  2567.5                     -0.17883539
                    2570                     -0.18261057
                  2572.5                     -0.18653591
                    2575                     -0.19032364
                  2577.5                     -0.19369856
                    2580                     -0.19641121
                  2582.5                     -0.19826345
                    2585                     -0.19912154
                  2587.5                     -0.19893232
                    2590                     -0.19772085
                  2592.5                     -0.19559162
                    2595                      -0.1927273
                  2597.5                     -0.18936627
                    2600                     -0.18578505
                  2602.5                     -0.18228516
                    2605                       -0.179161
                  2607.5                      -0.1766815
                    2610                     -0.17506553
                  2612.5                     -0.17447148
                    2615                     -0.17497807
                  2617.5                      -0.1765848
                    2620                     -0.17920219
                  2622.5                     -0.18266615
                    2625                     -0.18674623
                  2627.5                     -0.19116009
                    2630                     -0.19559874
                  2632.5                     -0.19974956
                    2635                     -0.20331488
                  2637.5                     -0.20604446
                    2640                     -0.20775037
                  2642.5                     -0.20832231
                    2645                      -0.2077398
                  2647.5                     -0.20607431
                    2650                     -0.20348233
                  2652.5                     -0.20019456
                    2655                     -0.19650005
                  2657.5                     -0.19272214
                    2660                     -0.18919359
                  2662.5                     -0.18623164
                    2665                     -0.18411413
                  2667.5                     -0.18305639
                    2670                      -0.1831943
                  2672.5                      -0.1845772
                    2675                       -0.187159
                  2677.5                     -0.19080152
                    2680                     -0.19528687
                  2682.5                      -0.2003283
                    2685                     -0.20559583
                  2687.5                     -0.21073672
                    2690                     -0.21540555
                  2692.5                       -0.219293
                    2695                     -0.22214484
                  2697.5                      -0.2237887
                    2700                     -0.22414592
                  2702.5                     -0.22323842
                    2705                     -0.22119215
                  2707.5                       -0.218222
                    2710                     -0.21462019
                  2712.5                     -0.21073225
                    2715                     -0.20693107
                  2717.5                     -0.20358601
                    2720                     -0.20103666
                  2722.5                     -0.19956715
                    2725                     -0.19938224
                  2727.5                     -0.20059305
                    2730                     -0.20320699
                  2732.5                      -0.2071246
                    2735                     -0.21214836
                  2737.5                      -0.2179962
                    2740                     -0.22431915
                  2742.5                     -0.23072724
                    2745                     -0.23682331
                  2747.5                     -0.24222968
                    2750                     -0.24662009
                  2752.5                      -0.2497441
                    2755                     -0.25145106
                  2757.5                      -0.2517022
                    2760                      -0.2505768
                  2762.5                     -0.24826187
                    2765                     -0.24504577
                  2767.5                     -0.24129003
                    2770                     -0.23740512
                  2772.5                     -0.23381692
                    2775                      -0.2309358
                  2777.5                     -0.22912223
                    2780                      -0.2286617
                  2782.5                     -0.22974271
                    2785                      -0.2324363
                  2787.5                     -0.23669883
                    2790                     -0.24236438
                  2792.5                     -0.24916035
                    2795                     -0.25672746
                  2797.5                      -0.2646392
                    2800                     -0.27243961
                  2802.5                       -0.279678
                    2805                     -0.28593985
                  2807.5                      -0.2908823
                    2810                      -0.2942651
                  2812.5                     -0.29596947
                    2815                     -0.29600648
                  2817.5                     -0.29452272
                    2820                      -0.2917862
                  2822.5                     -0.28817045
                    2825                     -0.28411888
                  2827.5                     -0.28011784
                    2830                     -0.27665237
                  2832.5                     -0.27417405
                    2835                     -0.27306308
                  2837.5                     -0.27360169
                    2840                     -0.27594854
                  2842.5                     -0.28012888
                    2845                     -0.28602501
                  2847.5                     -0.29339208
                    2850                     -0.30186475
                  2852.5                     -0.31098957
                    2855                     -0.32025189
                  2857.5                     -0.32912003
                    2860                     -0.33708119
                  2862.5                     -0.34368615
                    2865                     -0.34858622
                  2867.5                     -0.35155729
                    2870                     -0.35253055
                  2872.5                     -0.35158684
                    2875                     -0.34896514
                  2877.5                      -0.3450366
                    2880                     -0.34027811
                  2882.5                     -0.33523619
                    2885                     -0.33048467
                  2887.5                     -0.32657913
                    2890                     -0.32401762
                  2892.5                     -0.32319756
                    2895                     -0.32438935
                  2897.5                     -0.32771324
                    2900                      -0.3331307
                  2902.5                     -0.34043973
                    2905                     -0.34929323
                  2907.5                     -0.35921782
                    2910                     -0.36964931
                  2912.5                     -0.37997084
                    2915                     -0.38956758
                  2917.5                     -0.39786498
                    2920                     -0.40438071
                  2922.5                     -0.40876705
                    2925                     -0.41084099
                  2927.5                     -0.41059619
                    2930                     -0.40821427
                  2932.5                     -0.40404684
                    2935                     -0.39859269
                  2937.5                      -0.3924561
                    2940                     -0.38630301
                  2942.5                     -0.38080794
                    2945                     -0.37660431
                  2947.5                     -0.37423234
                    2950                     -0.37410544
                  2952.5                     -0.37647133
                    2955                     -0.38139666
                  2957.5                     -0.38875731
                    2960                     -0.39824513
                  2962.5                     -0.40938714
                    2965                     -0.42157756
                  2967.5                     -0.43412195
                    2970                     -0.44628359
                  2972.5                     -0.45734696
                    2975                     -0.46667095
                  2977.5                     -0.47374246
                    2980                     -0.47821947
                  2982.5                     -0.47996931
                    2985                     -0.47907224
                  2987.5                      -0.4758318
                    2990                      -0.4707367
                  2992.5                      -0.4644407
                    2995                     -0.45769725
                  2997.5                     -0.45131173
                    3000                     -0.44607337

