        Frequency / MHz                S1,1/abs,dB
----------------------------------------------------------------------
                     500                    -0.014518177
                   502.5                    -0.034634672
                     505                    -0.064640456
                   507.5                     -0.10279681
                     510                     -0.14729356
                   512.5                     -0.19627239
                     515                     -0.24784289
                   517.5                     -0.30012139
                     520                     -0.35127259
                   522.5                     -0.39954528
                     525                      -0.4433358
                   527.5                     -0.48122704
                     530                     -0.51203944
                   532.5                     -0.53486955
                     535                     -0.54911741
                   537.5                     -0.55451233
                     540                      -0.5510934
                   542.5                     -0.53921368
                     545                     -0.51949579
                   547.5                     -0.49279635
                     550                     -0.46016052
                   552.5                     -0.42275588
                     555                     -0.38183224
                   557.5                     -0.33866082
                     560                     -0.29449365
                   562.5                     -0.25052741
                     565                     -0.20786416
                   567.5                     -0.16749581
                     570                     -0.13028072
                   572.5                    -0.096937762
                     575                     -0.06804122
                   577.5                    -0.044011245
                     580                    -0.025125864
                   582.5                     -0.01151872
                     585                   -0.0031879889
                   587.5                  -7.5832267e-07
                     590                   -0.0017054091
                   592.5                   -0.0079443913
                     595                     -0.01825817
                   597.5                    -0.032102681
                     600                    -0.048871329
                   602.5                    -0.067896767
                     605                    -0.088475541
                   607.5                     -0.10989038
                     610                     -0.13141985
                   612.5                     -0.15236488
                     615                     -0.17206871
                   617.5                     -0.18993274
                     620                      -0.2054356
                   622.5                     -0.21814459
                     625                     -0.22773291
                   627.5                     -0.23398626
                     630                     -0.23680026
                   632.5                     -0.23619019
                     635                     -0.23227866
                   637.5                     -0.22528933
                     640                     -0.21553343
                   642.5                      -0.2033979
                     645                      -0.1893261
                   647.5                     -0.17379872
                     650                     -0.15731859
                   652.5                     -0.14039793
                     655                     -0.12352836
                   657.5                     -0.10718304
                     660                    -0.091793222
                   662.5                    -0.077742833
                     665                    -0.065357871
                   667.5                    -0.054903764
                     670                    -0.046577995
                   672.5                    -0.040508906
                     675                    -0.036758522
                   677.5                    -0.035318799
                     680                    -0.036121154
                   682.5                    -0.039034869
                     685                    -0.043876848
                   687.5                     -0.05041491
                     690                    -0.058377266
                   692.5                    -0.067464483
                     695                    -0.077350989
                   697.5                    -0.087701591
                     700                    -0.098179019
                   702.5                     -0.10845208
                     705                     -0.11820836
                   707.5                     -0.12715946
                     710                     -0.13505429
                   712.5                     -0.14168157
                     715                     -0.14687583
                   717.5                     -0.15052148
                     720                     -0.15255742
                   722.5                     -0.15297371
                     725                     -0.15181169
                   727.5                     -0.14916166
                     730                      -0.1451535
                   732.5                      -0.1399584
                     735                     -0.13377628
                   737.5                     -0.12682679
                     740                     -0.11934637
                   742.5                     -0.11158089
                     745                     -0.10376851
                   747.5                    -0.096143607
                     750                     -0.08892487
                   752.5                    -0.082307674
                     755                    -0.076465292
                   757.5                    -0.071537884
                     760                    -0.067635349
                   762.5                    -0.064837225
                     765                    -0.063179451
                   767.5                    -0.062670136
                     770                    -0.063283829
                   772.5                    -0.064961696
                     775                     -0.06761848
                   777.5                    -0.071140577
                     780                    -0.075398011
                   782.5                    -0.080240579
                     785                    -0.085510471
                   787.5                    -0.091039178
                     790                    -0.096658367
                   792.5                     -0.10220389
                     795                     -0.10752042
                   797.5                     -0.11246176
                     800                     -0.11690332
                   802.5                      -0.1207373
                     805                     -0.12387972
                   807.5                      -0.1262696
                     810                     -0.12787378
                   812.5                     -0.12868075
                     815                     -0.12870713
                   817.5                      -0.1279935
                     820                     -0.12659734
                   822.5                     -0.12459761
                     825                     -0.12208975
                   827.5                     -0.11917726
                     830                     -0.11597562
                   832.5                     -0.11260377
                     835                     -0.10917762
                   837.5                     -0.10581403
                     840                      -0.1026235
                   842.5                    -0.099704592
                     845                    -0.097145696
                   847.5                     -0.09502297
                     850                    -0.093394376
                   852.5                    -0.092303398
                     855                    -0.091776405
                   857.5                    -0.091822192
                     860                    -0.092435164
                   862.5                    -0.093592692
                     865                    -0.095259283
                   867.5                    -0.097385739
                     870                    -0.099912745
                   872.5                      -0.1027732
                     875                     -0.10589255
                   877.5                     -0.10919526
                     880                     -0.11260272
                   882.5                     -0.11603686
                     885                     -0.11942117
                   887.5                     -0.12268866
                     890                      -0.1257763
                   892.5                     -0.12863041
                     895                     -0.13120515
                   897.5                     -0.13346791
                     900                     -0.13539362
                   902.5                     -0.13696978
                     905                     -0.13819805
                   907.5                     -0.13908354
                     910                     -0.13964657
                   912.5                     -0.13991291
                     915                     -0.13991751
                   917.5                     -0.13970024
                     920                     -0.13930555
                   922.5                     -0.13878204
                     925                      -0.1381778
                   927.5                     -0.13754289
                     930                     -0.13692727
                   932.5                     -0.13637586
                     935                     -0.13593248
                   937.5                     -0.13563456
                     940                     -0.13551764
                   942.5                     -0.13560894
                     945                     -0.13593381
                   947.5                     -0.13650608
                     950                     -0.13733867
                   952.5                     -0.13843812
                     955                      -0.1398018
                   957.5                     -0.14142588
                     960                     -0.14330276
                   962.5                     -0.14541602
                     965                     -0.14775102
                   967.5                      -0.1502857
                     970                     -0.15300065
                   972.5                     -0.15586968
                     975                     -0.15886867
                   977.5                      -0.1619718
                     980                     -0.16515595
                   982.5                     -0.16839308
                     985                     -0.17165977
                   987.5                     -0.17493301
                     990                     -0.17818932
                   992.5                     -0.18140998
                     995                     -0.18457643
                   997.5                     -0.18767097
                    1000                     -0.19068183
                  1002.5                     -0.19359557
                    1005                     -0.19640381
                  1007.5                     -0.19909886
                    1010                     -0.20168154
                  1012.5                     -0.20414723
                    1015                     -0.20650192
                  1017.5                     -0.20875188
                    1020                     -0.21090571
                  1022.5                     -0.21297874
                    1025                     -0.21498562
                  1027.5                     -0.21694783
                    1030                     -0.21889013
                  1032.5                     -0.22083567
                    1035                     -0.22281825
                  1037.5                     -0.22486564
                    1040                     -0.22701395
                  1042.5                      -0.2292961
                    1045                      -0.2317506
                  1047.5                      -0.2344123
                    1050                     -0.23731561
                  1052.5                      -0.2404947
                    1055                     -0.24398234
                  1057.5                     -0.24780583
                    1060                     -0.25198876
                  1062.5                     -0.25655184
                    1065                     -0.26150965
                  1067.5                     -0.26687121
                    1070                     -0.27263592
                  1072.5                     -0.27880004
                    1075                     -0.28535273
                  1077.5                     -0.29227587
                    1080                     -0.29954321
                  1082.5                     -0.30712379
                    1085                     -0.31498205
                  1087.5                     -0.32307713
                    1090                     -0.33136377
                  1092.5                      -0.3397952
                    1095                     -0.34832445
                  1097.5                     -0.35690733
                    1100                     -0.36549638
                  1102.5                     -0.37405457
                    1105                     -0.38254606
                  1107.5                     -0.39094747
                    1110                     -0.39923725
                  1112.5                     -0.40740976
                    1115                     -0.41546707
                  1117.5                     -0.42342832
                    1120                     -0.43131808
                  1122.5                     -0.43917921
                    1125                     -0.44706257
                  1127.5                      -0.4550351
                    1130                     -0.46317095
                  1132.5                     -0.47155844
                    1135                     -0.48028952
                  1137.5                     -0.48946428
                    1140                     -0.49918828
                  1142.5                     -0.50956896
                    1145                     -0.52071101
                  1147.5                     -0.53272099
                    1150                     -0.54569693
                  1152.5                     -0.55973261
                    1155                     -0.57491069
                  1157.5                     -0.59130585
                    1160                     -0.60897704
                  1162.5                     -0.62797157
                    1165                     -0.64832145
                  1167.5                     -0.67004731
                    1170                      -0.6931489
                  1172.5                     -0.71761773
                    1175                     -0.74342685
                  1177.5                     -0.77054223
                    1180                     -0.79891686
                  1182.5                      -0.8284961
                    1185                     -0.85922417
                  1187.5                     -0.89103822
                    1190                     -0.92388363
                  1192.5                     -0.95770624
                    1195                     -0.99246429
                  1197.5                      -1.0281287
                    1200                      -1.0646866
                  1202.5                      -1.1021463
                    1205                      -1.1405399
                  1207.5                      -1.1799242
                    1210                      -1.2203839
                  1212.5                      -1.2620364
                    1215                      -1.3050257
                  1217.5                      -1.3495271
                    1220                       -1.395743
                  1222.5                      -1.4439056
                    1225                      -1.4942678
                  1227.5                      -1.5471065
                    1230                      -1.6027116
                  1232.5                      -1.6613871
                    1235                      -1.7234409
                  1237.5                      -1.7891783
                    1240                       -1.858902
                  1242.5                      -1.9328957
                    1245                      -2.0114214
                  1247.5                      -2.0947108
                    1250                      -2.1829557
                  1252.5                       -2.276296
                    1255                      -2.3748134
                  1257.5                      -2.4785208
                    1260                      -2.5873489
                  1262.5                      -2.7011354
                    1265                      -2.8196116
                  1267.5                      -2.9423917
                    1270                      -3.0689609
                  1272.5                      -3.1986615
                    1275                      -3.3306821
                  1277.5                      -3.4640549
                    1280                       -3.597641
                  1282.5                      -3.7301398
                    1285                      -3.8600932
                  1287.5                       -3.985895
                    1290                      -4.1058239
                  1292.5                      -4.2180745
                    1295                      -4.3208117
                  1297.5                      -4.4122181
                    1300                      -4.4905779
                  1302.5                      -4.5543365
                    1305                       -4.602185
                  1307.5                      -4.6331226
                    1310                       -4.646514
                  1312.5                      -4.6421248
                    1315                      -4.6201352
                  1317.5                      -4.5811344
                    1320                      -4.5260776
                  1322.5                      -4.4562403
                    1325                      -4.3731518
                  1327.5                      -4.2785139
                    1330                      -4.1741382
                  1332.5                      -4.0618629
                    1335                      -3.9435049
                  1337.5                      -3.8207978
                    1340                      -3.6953616
                  1342.5                      -3.5686723
                    1345                      -3.4420457
                  1347.5                      -3.3166324
                    1350                      -3.1934122
                  1352.5                      -3.0731964
                    1355                      -2.9566446
                  1357.5                      -2.8442635
                    1360                      -2.7364287
                  1362.5                      -2.6333934
                    1365                       -2.535295
                  1367.5                      -2.4421786
                    1370                      -2.3539987
                  1372.5                      -2.2706422
                    1375                      -2.1919265
                  1377.5                      -2.1176251
                    1380                      -2.0474659
                  1382.5                      -1.9811496
                    1385                      -1.9183517
                  1387.5                        -1.85874
                    1390                      -1.8019782
                  1392.5                      -1.7477343
                    1395                      -1.6956903
                  1397.5                      -1.6455475
                    1400                      -1.5970337
                  1402.5                      -1.5499033
                    1405                      -1.5039502
                  1407.5                      -1.4590029
                    1410                      -1.4149272
                  1412.5                      -1.3716329
                    1415                      -1.3290628
                  1417.5                      -1.2871998
                    1420                      -1.2460601
                  1422.5                      -1.2056894
                    1425                      -1.1661583
                  1427.5                        -1.12756
                    1430                      -1.0900016
                  1432.5                      -1.0535989
                    1435                      -1.0184755
                  1437.5                     -0.98474961
                    1440                     -0.95253572
                  1442.5                     -0.92193612
                    1445                     -0.89303837
                  1447.5                     -0.86591133
                    1450                     -0.84060115
                  1452.5                     -0.81713276
                    1455                     -0.79550279
                  1457.5                     -0.77568332
                    1460                      -0.7576219
                  1462.5                       -0.741238
                    1465                     -0.72642928
                  1467.5                     -0.71307278
                    1470                     -0.70102415
                  1472.5                     -0.69012318
                    1475                      -0.6802024
                  1477.5                     -0.67108149
                    1480                     -0.66257765
                  1482.5                     -0.65451084
                    1485                     -0.64670459
                  1487.5                     -0.63899277
                    1490                     -0.63122464
                  1492.5                     -0.62326399
                    1495                     -0.61499776
                  1497.5                     -0.60633752
                    1500                     -0.59721935
                  1502.5                     -0.58760365
                    1505                     -0.57748142
                  1507.5                     -0.56686819
                    1510                     -0.55580499
                  1512.5                     -0.54435663
                    1515                     -0.53260714
                  1517.5                      -0.5206571
                    1520                     -0.50862309
                  1522.5                     -0.49662926
                    1525                     -0.48480359
                  1527.5                     -0.47327766
                    1530                     -0.46217804
                  1532.5                     -0.45162378
                    1535                     -0.44172288
                  1537.5                     -0.43256955
                    1540                     -0.42424285
                  1542.5                     -0.41679845
                    1545                     -0.41027439
                  1547.5                     -0.40468604
                    1550                     -0.40002467
                  1552.5                     -0.39626067
                    1555                     -0.39334643
                  1557.5                     -0.39120967
                    1560                     -0.38976087
                  1562.5                     -0.38889907
                    1565                     -0.38850775
                  1567.5                     -0.38846093
                    1570                     -0.38863049
                  1572.5                     -0.38888235
                    1575                     -0.38909153
                  1577.5                     -0.38912923
                    1580                     -0.38888459
                  1582.5                     -0.38825839
                    1585                     -0.38716272
                  1587.5                     -0.38553428
                    1590                     -0.38332549
                  1592.5                     -0.38051519
                    1595                     -0.37709819
                  1597.5                     -0.37309728
                    1600                     -0.36855309
                  1602.5                     -0.36352558
                    1605                      -0.3580954
                  1607.5                     -0.35235399
                    1610                     -0.34640781
                  1612.5                     -0.34037142
                    1615                     -0.33436189
                  1617.5                     -0.32849902
                    1620                     -0.32290017
                  1622.5                     -0.31767419
                    1625                     -0.31292451
                  1627.5                     -0.30873802
                    1630                     -0.30518746
                  1632.5                     -0.30233094
                    1635                     -0.30020501
                  1637.5                     -0.29882603
                    1640                     -0.29819291
                  1642.5                     -0.29827964
                    1645                      -0.2990466
                  1647.5                       -0.300431
                    1650                     -0.30235432
                  1652.5                     -0.30472562
                    1655                     -0.30744076
                  1657.5                     -0.31038851
                    1660                     -0.31344879
                  1662.5                     -0.31650639
                    1665                     -0.31944365
                  1667.5                     -0.32214549
                    1670                     -0.32451487
                  1672.5                     -0.32645858
                    1675                     -0.32790212
                  1677.5                     -0.32878993
                    1680                     -0.32908271
                  1682.5                     -0.32876525
                    1685                     -0.32783874
                  1687.5                     -0.32633205
                    1690                      -0.3242874
                  1692.5                     -0.32177198
                    1695                     -0.31886547
                  1697.5                     -0.31566338
                    1700                     -0.31227292
                  1702.5                     -0.30880961
                    1705                     -0.30539308
                  1707.5                     -0.30214217
                    1710                     -0.29917489
                  1712.5                     -0.29660218
                    1715                     -0.29452399
                  1717.5                     -0.29302944
                    1720                     -0.29218985
                  1722.5                     -0.29206341
                    1725                     -0.29268222
                  1727.5                     -0.29406465
                    1730                      -0.2962044
                  1732.5                     -0.29907515
                    1735                     -0.30263129
                  1737.5                      -0.3068072
                    1740                     -0.31151952
                  1742.5                     -0.31667438
                    1745                     -0.32216006
                  1747.5                     -0.32786047
                    1750                     -0.33365325
                  1752.5                     -0.33941201
                    1755                     -0.34501944
                  1757.5                     -0.35035533
                    1760                     -0.35531986
                  1762.5                      -0.3598172
                    1765                      -0.3637761
                  1767.5                     -0.36713925
                    1770                     -0.36987209
                  1772.5                     -0.37196667
                    1775                     -0.37343235
                  1777.5                     -0.37430592
                    1780                     -0.37464552
                  1782.5                     -0.37452966
                    1785                     -0.37405652
                  1787.5                     -0.37334055
                    1790                     -0.37250656
                  1792.5                     -0.37169125
                    1795                     -0.37103367
                  1797.5                     -0.37067437
                    1800                     -0.37075136
                  1802.5                     -0.37139241
                    1805                     -0.37271912
                  1807.5                     -0.37483281
                    1810                     -0.37782108
                  1812.5                     -0.38175067
                    1815                     -0.38666198
                  1817.5                      -0.3925789
                    1820                     -0.39949363
                  1822.5                     -0.40737975
                    1825                     -0.41618361
                  1827.5                     -0.42583142
                    1830                     -0.43622809
                  1832.5                     -0.44726099
                    1835                     -0.45880255
                  1837.5                     -0.47071617
                    1840                     -0.48286012
                  1842.5                     -0.49508623
                    1845                     -0.50725476
                  1847.5                     -0.51923222
                    1850                     -0.53089691
                  1852.5                      -0.5421461
                    1855                     -0.55289839
                  1857.5                     -0.56309767
                    1860                     -0.57271458
                  1862.5                     -0.58175153
                    1865                     -0.59023975
                  1867.5                     -0.59824469
                    1870                     -0.60586019
                  1872.5                     -0.61321161
                    1875                      -0.6204467
                  1877.5                     -0.62773987
                    1880                     -0.63528034
                  1882.5                     -0.64327437
                    1885                     -0.65193635
                  1887.5                     -0.66148396
                    1890                     -0.67213175
                  1892.5                     -0.68409138
                    1895                      -0.6975575
                  1897.5                     -0.71271157
                    1900                     -0.72971403
                  1902.5                     -0.74869815
                    1905                     -0.76977443
                  1907.5                     -0.79301871
                    1910                     -0.81848116
                  1912.5                     -0.84617642
                    1915                     -0.87609248
                  1917.5                     -0.90818595
                    1920                     -0.94238572
                  1922.5                     -0.97860107
                    1925                      -1.0167191
                  1927.5                      -1.0566156
                    1930                       -1.098159
                  1932.5                       -1.141216
                    1935                      -1.1856648
                  1937.5                      -1.2313971
                    1940                      -1.2783278
                  1942.5                       -1.326409
                    1945                      -1.3756301
                  1947.5                      -1.4260338
                    1950                      -1.4777176
                  1952.5                      -1.5308405
                    1955                      -1.5856329
                  1957.5                      -1.6423964
                    1960                      -1.7015056
                  1962.5                      -1.7634147
                    1965                      -1.8286492
                  1967.5                      -1.8978163
                    1970                      -1.9715898
                  1972.5                      -2.0507194
                    1975                       -2.136019
                  1977.5                       -2.228369
                    1980                      -2.3287097
                  1982.5                      -2.4380424
                    1985                      -2.5574276
                  1987.5                      -2.6879804
                    1990                      -2.8308785
                  1992.5                      -2.9873606
                    1995                      -3.1587336
                  1997.5                      -3.3463784
                    2000                      -3.5517589
                  2002.5                      -3.7764371
                    2005                      -4.0220861
                  2007.5                       -4.290509
                    2010                      -4.5836633
                  2012.5                      -4.9036868
                    2015                      -5.2529258
                  2017.5                      -5.6339765
                    2020                      -6.0497167
                  2022.5                       -6.503349
                    2025                      -6.9984327
                  2027.5                      -7.5389063
                    2030                      -8.1290601
                  2032.5                      -8.7734375
                    2035                      -9.4765544
                  2037.5                      -10.242272
                    2040                      -11.072501
                  2042.5                      -11.964589
                    2045                      -12.906349
                  2047.5                      -13.867277
                    2050                        -14.7854
                  2052.5                      -15.555158
                    2055                      -16.036148
                  2057.5                      -16.108763
                    2060                      -15.753555
                  2062.5                      -15.066556
                    2065                      -14.190058
                  2067.5                      -13.243104
                    2070                      -12.300229
                  2072.5                      -11.400089
                    2075                       -10.55936
                  2077.5                      -9.7829509
                    2080                      -9.0699905
                  2082.5                      -8.4170223
                    2085                      -7.8196314
                  2087.5                       -7.273224
                    2090                      -6.7733995
                  2092.5                      -6.3160869
                    2095                      -5.8975875
                  2097.5                      -5.5145639
                    2100                      -5.1640151
                  2102.5                      -4.8432331
                    2105                      -4.5497622
                  2107.5                      -4.2813638
                    2110                      -4.0359938
                  2112.5                      -3.8117573
                    2115                       -3.606902
                  2117.5                      -3.4197872
                    2120                      -3.2488776
                  2122.5                      -3.0927209
                    2125                      -2.9499482
                  2127.5                      -2.8192611
                    2130                      -2.6994274
                  2132.5                      -2.5892833
                    2135                       -2.487731
                  2137.5                      -2.3937385
                    2140                      -2.3063419
                  2142.5                      -2.2246517
                    2145                       -2.147852
                  2147.5                      -2.0752058
                    2150                      -2.0060592
                  2152.5                      -1.9398431
                    2155                      -1.8760732
                  2157.5                      -1.8143505
                    2160                      -1.7543621
                  2162.5                      -1.6958724
                    2165                      -1.6387264
                  2167.5                      -1.5828367
                    2170                      -1.5281824
                  2172.5                      -1.4747919
                    2175                      -1.4227423
                  2177.5                      -1.3721465
                    2180                       -1.323141
                  2182.5                       -1.275879
                    2185                        -1.23052
                  2187.5                       -1.187219
                    2190                      -1.1461243
                  2192.5                      -1.1073614
                    2195                      -1.0710361
                  2197.5                      -1.0372235
                    2200                      -1.0059645
                  2202.5                     -0.97726744
                    2205                     -0.95110412
                  2207.5                      -0.9274069
                    2210                     -0.90607193
                  2212.5                     -0.88696279
                    2215                     -0.86991065
                  2217.5                     -0.85471743
                    2220                     -0.84116259
                  2222.5                     -0.82900466
                    2225                     -0.81799345
                  2227.5                     -0.80786954
                    2230                     -0.79837419
                  2232.5                     -0.78925401
                    2235                     -0.78026939
                  2237.5                     -0.77120165
                    2240                     -0.76185339
                  2242.5                     -0.75206055
                    2245                     -0.74169054
                  2247.5                     -0.73064892
                    2250                     -0.71887578
                  2252.5                     -0.70635771
                    2255                     -0.69311319
                  2257.5                     -0.67919932
                    2260                     -0.66470351
                  2262.5                     -0.64974704
                    2265                     -0.63447181
                  2267.5                     -0.61903931
                    2270                     -0.60362266
                  2272.5                     -0.58840182
                    2275                     -0.57356052
                  2277.5                     -0.55926874
                    2280                     -0.54569242
                  2282.5                     -0.53297835
                    2285                     -0.52125249
                  2287.5                     -0.51061372
                    2290                     -0.50114017
                  2292.5                     -0.49287164
                    2295                     -0.48582291
                  2297.5                     -0.47997703
                    2300                     -0.47528552
                  2302.5                     -0.47167255
                    2305                     -0.46903178
                  2307.5                       -0.467239
                    2310                     -0.46614607
                  2312.5                     -0.46559267
                    2315                     -0.46540535
                  2317.5                     -0.46540642
                    2320                     -0.46541715
                  2322.5                     -0.46526841
                    2325                     -0.46479632
                  2327.5                      -0.4638548
                    2330                     -0.46231975
                  2332.5                      -0.4600896
                    2335                     -0.45709032
                  2337.5                     -0.45327538
                    2340                     -0.44863313
                  2342.5                     -0.44317777
                    2345                     -0.43695592
                  2347.5                     -0.43004175
                    2350                     -0.42253404
                  2352.5                     -0.41455139
                    2355                     -0.40623107
                  2357.5                     -0.39772417
                    2360                     -0.38918725
                  2362.5                      -0.3807793
                    2365                     -0.37265737
                  2367.5                     -0.36496624
                    2370                      -0.3578458
                  2372.5                     -0.35141432
                    2375                     -0.34576852
                  2377.5                     -0.34098534
                    2380                      -0.3371147
                  2382.5                     -0.33417878
                    2385                     -0.33217563
                  2387.5                     -0.33107134
                    2390                     -0.33080978
                  2392.5                     -0.33130982
                    2395                     -0.33246597
                  2397.5                     -0.33415557
                    2400                     -0.33624062
                  2402.5                     -0.33857411
                    2405                      -0.3410002
                  2407.5                     -0.34336429
                    2410                     -0.34551266
                  2412.5                      -0.3473024
                    2415                     -0.34860194
                  2417.5                     -0.34929985
                    2420                     -0.34930227
                  2422.5                     -0.34854436
                    2425                     -0.34698319
                  2427.5                     -0.34460519
                    2430                     -0.34142529
                  2432.5                     -0.33748623
                    2435                     -0.33285492
                  2437.5                     -0.32762364
                    2440                     -0.32190542
                  2442.5                     -0.31582765
                    2445                     -0.30953138
                  2447.5                     -0.30316508
                    2450                     -0.29687963
                  2452.5                     -0.29082556
                    2455                     -0.28514214
                  2457.5                     -0.27996086
                    2460                     -0.27539749
                  2462.5                     -0.27154578
                    2465                     -0.26848155
                  2467.5                     -0.26625389
                    2470                     -0.26488676
                  2472.5                     -0.26437636
                    2475                     -0.26469588
                  2477.5                     -0.26579024
                    2480                      -0.2675801
                  2482.5                     -0.26996688
                    2485                     -0.27283036
                  2487.5                      -0.2760384
                    2490                     -0.27944681
                  2492.5                     -0.28290583
                    2495                     -0.28626154
                  2497.5                     -0.28936845
                    2500                     -0.29208412
                  2502.5                     -0.29428317
                    2505                     -0.29585419
                  2507.5                     -0.29670913
                    2510                     -0.29678372
                  2512.5                      -0.2960386
                    2515                     -0.29446305
                  2517.5                     -0.29207466
                    2520                     -0.28891946
                  2522.5                     -0.28506432
                    2525                     -0.28060661
                  2527.5                     -0.27566085
                    2530                     -0.27035653
                  2532.5                      -0.2648389
                    2535                     -0.25925727
                  2537.5                     -0.25376469
                    2540                     -0.24851372
                  2542.5                     -0.24364557
                    2545                     -0.23929447
                  2547.5                     -0.23557318
                    2550                     -0.23257897
                  2552.5                     -0.23038472
                    2555                     -0.22903606
                  2557.5                     -0.22855843
                    2560                     -0.22894283
                  2562.5                     -0.23015656
                    2565                     -0.23214188
                  2567.5                     -0.23481463
                    2570                     -0.23806506
                  2572.5                     -0.24177068
                    2575                     -0.24579201
                  2577.5                     -0.24997595
                    2580                     -0.25416565
                  2582.5                     -0.25820369
                    2585                     -0.26193543
                  2587.5                     -0.26521689
                    2590                     -0.26791671
                  2592.5                     -0.26992284
                    2595                     -0.27114802
                  2597.5                     -0.27152841
                    2600                     -0.27102628
                  2602.5                     -0.26963929
                    2605                     -0.26739036
                  2607.5                     -0.26433278
                    2610                     -0.26054657
                  2612.5                     -0.25613816
                    2615                     -0.25123289
                  2617.5                     -0.24597697
                    2620                     -0.24052287
                  2622.5                     -0.23503406
                    2625                     -0.22967757
                  2627.5                     -0.22461238
                    2630                     -0.21999008
                  2632.5                     -0.21595152
                    2635                     -0.21261617
                  2637.5                     -0.21007968
                    2640                     -0.20841874
                  2642.5                     -0.20767824
                    2645                     -0.20787566
                  2647.5                     -0.20899615
                    2650                     -0.21099884
                  2652.5                     -0.21381234
                    2655                     -0.21733835
                  2657.5                     -0.22145736
                    2660                     -0.22602682
                  2662.5                     -0.23088951
                    2665                     -0.23587929
                  2667.5                     -0.24082138
                    2670                     -0.24554159
                  2672.5                     -0.24987358
                    2675                     -0.25365928
                  2677.5                     -0.25676016
                    2680                     -0.25905948
                  2682.5                     -0.26046332
                    2685                     -0.26091151
                  2687.5                     -0.26037323
                    2690                     -0.25884907
                  2692.5                      -0.2563766
                    2695                     -0.25302373
                  2697.5                     -0.24888812
                    2700                     -0.24409373
                  2702.5                     -0.23879025
                    2705                     -0.23314185
                  2707.5                     -0.22732539
                    2710                     -0.22152633
                  2712.5                     -0.21592816
                    2715                     -0.21071203
                  2717.5                     -0.20604098
                    2720                     -0.20206931
                  2722.5                     -0.19892484
                    2725                     -0.19670852
                  2727.5                     -0.19549679
                    2730                     -0.19533227
                  2732.5                     -0.19622279
                    2735                     -0.19814335
                  2737.5                     -0.20103683
                    2740                     -0.20481129
                  2742.5                     -0.20934961
                    2745                     -0.21450551
                  2747.5                     -0.22011102
                    2750                     -0.22598214
                  2752.5                     -0.23192513
                    2755                     -0.23773853
                  2757.5                     -0.24322432
                    2760                     -0.24819361
                  2762.5                     -0.25247137
                    2765                     -0.25590464
                  2767.5                     -0.25836465
                    2770                     -0.25975814
                  2772.5                     -0.26002358
                    2775                     -0.25913815
                  2777.5                     -0.25711908
                    2780                     -0.25402046
                  2782.5                     -0.24993298
                    2785                     -0.24498446
                  2787.5                     -0.23932862
                    2790                     -0.23314654
                  2792.5                     -0.22663825
                    2795                      -0.2200127
                  2797.5                     -0.21348873
                    2800                     -0.20727916
                  2802.5                     -0.20158865
                    2805                      -0.1966088
                  2807.5                     -0.19250682
                    2810                     -0.18942492
                  2812.5                     -0.18747095
                    2815                     -0.18672039
                  2817.5                     -0.18720757
                    2820                     -0.18893097
                  2822.5                     -0.19184653
                    2825                     -0.19587299
                  2827.5                     -0.20088969
                    2830                     -0.20674491
                  2832.5                     -0.21325741
                    2835                     -0.22021883
                  2837.5                     -0.22740724
                    2840                     -0.23458519
                  2842.5                     -0.24151484
                    2845                     -0.24796226
                  2847.5                     -0.25370648
                    2850                     -0.25854505
                  2852.5                     -0.26230591
                    2855                     -0.26484862
                  2857.5                      -0.2660738
                    2860                     -0.26592651
                  2862.5                     -0.26439634
                    2865                     -0.26151977
                  2867.5                     -0.25738123
                    2870                     -0.25210761
                  2872.5                     -0.24586562
                    2875                     -0.23885725
                  2877.5                     -0.23130887
                    2880                     -0.22346926
                  2882.5                     -0.21559881
                    2885                     -0.20795664
                  2887.5                     -0.20079978
                    2890                     -0.19437173
                  2892.5                     -0.18889199
                    2895                     -0.18455132
                  2897.5                     -0.18150728
                    2900                     -0.17987448
                  2902.5                     -0.17972669
                    2905                     -0.18108721
                  2907.5                     -0.18393414
                    2910                     -0.18819449
                  2912.5                     -0.19375232
                    2915                     -0.20044433
                  2917.5                     -0.20806972
                    2920                     -0.21639315
                  2922.5                     -0.22515113
                    2925                     -0.23406163
                  2927.5                     -0.24283346
                    2930                     -0.25117121
                  2932.5                     -0.25879204
                    2935                     -0.26543115
                  2937.5                     -0.27085099
                    2940                     -0.27485329
                  2942.5                     -0.27728424
                    2945                     -0.27804205
                  2947.5                      -0.2770815
                    2950                     -0.27441628
                  2952.5                     -0.27011711
                    2955                     -0.26431228
                  2957.5                     -0.25718616
                    2960                     -0.24896523
                  2962.5                     -0.23991787
                    2965                     -0.23034097
                  2967.5                     -0.22055271
                    2970                     -0.21088124
                  2972.5                     -0.20165118
                    2975                     -0.19317667
                  2977.5                     -0.18575074
                    2980                     -0.17963168
                  2982.5                     -0.17504269
                    2985                     -0.17215712
                  2987.5                     -0.17109649
                    2990                     -0.17192726
                  2992.5                     -0.17465476
                    2995                     -0.17922575
                  2997.5                     -0.18552335
                    3000                       -0.193379

