        Frequency / MHz                S1,1/abs,dB
----------------------------------------------------------------------
                     500                      0.16883448
                   502.5                      0.18753385
                     505                      0.20073179
                   507.5                      0.20818774
                     510                       0.2096949
                   512.5                      0.20507803
                     515                      0.19419214
                   517.5                      0.17692085
                     520                      0.15317975
                   522.5                      0.12291187
                     525                     0.086091481
                   527.5                     0.042724117
                     530                   -0.0071583293
                   532.5                      -0.0634868
                     535                     -0.12616129
                   537.5                     -0.19504481
                     540                     -0.26996104
                   542.5                       -0.350697
                     545                     -0.43698993
                   547.5                     -0.52853376
                     550                     -0.62497098
                   552.5                     -0.72588932
                     555                     -0.83081852
                   557.5                     -0.93922531
                     560                      -1.0505143
                   562.5                      -1.1640224
                     565                      -1.2790144
                   567.5                      -1.3946918
                     570                      -1.5101849
                   572.5                      -1.6245597
                     575                      -1.7368275
                   577.5                       -1.845954
                     580                      -1.9508641
                   582.5                      -2.0504709
                     585                      -2.1436841
                   587.5                      -2.2294404
                     590                      -2.3067221
                   592.5                      -2.3745962
                     595                      -2.4322294
                   597.5                      -2.4789173
                     600                      -2.5141148
                   602.5                      -2.5374447
                     605                      -2.5487189
                   607.5                      -2.5479403
                     610                      -2.5353027
                   612.5                      -2.5111833
                     615                      -2.4761257
                   617.5                      -2.4308234
                     620                      -2.3760895
                   622.5                      -2.3128345
                     625                      -2.2420374
                   627.5                      -2.1647193
                     630                      -2.0819146
                   632.5                      -1.9946562
                     635                      -1.9039488
                   637.5                      -1.8107604
                     640                      -1.7160022
                   642.5                       -1.620531
                     645                      -1.5251317
                   647.5                      -1.4305231
                     650                      -1.3373519
                   652.5                       -1.246197
                     655                      -1.1575679
                   657.5                      -1.0719091
                     660                      -0.9896024
                   662.5                     -0.91097183
                     665                     -0.83628738
                   667.5                     -0.76576925
                     670                     -0.69958704
                   672.5                     -0.63787395
                     675                     -0.58071662
                   677.5                     -0.52816867
                     680                     -0.48024959
                   682.5                     -0.43694571
                     685                     -0.39821741
                   687.5                      -0.3639963
                     690                      -0.3341887
                   692.5                      -0.3086802
                     695                     -0.28733235
                   697.5                     -0.26998783
                     700                     -0.25647025
                   702.5                     -0.24658824
                     705                     -0.24012883
                   707.5                     -0.23686959
                     710                     -0.23657137
                   712.5                     -0.23898468
                     715                     -0.24385027
                   717.5                     -0.25089561
                     720                     -0.25984625
                   722.5                     -0.27041703
                     725                     -0.28232132
                   727.5                     -0.29527277
                     730                     -0.30898161
                   732.5                     -0.32316721
                     735                     -0.33754697
                   737.5                     -0.35184988
                     740                     -0.36581658
                   742.5                     -0.37920007
                     745                     -0.39176905
                   747.5                     -0.40330501
                     750                     -0.41361939
                   752.5                     -0.42253704
                     755                     -0.42990988
                   757.5                     -0.43561768
                     760                     -0.43956088
                   762.5                     -0.44167124
                     765                     -0.44190694
                   767.5                     -0.44025277
                     770                     -0.43671731
                   772.5                     -0.43133907
                     775                     -0.42417791
                   777.5                     -0.41531595
                     780                     -0.40485814
                   782.5                     -0.39292401
                     785                     -0.37965256
                   787.5                     -0.36519184
                     790                      -0.3497042
                   792.5                     -0.33335729
                     795                     -0.31632564
                   797.5                     -0.29878658
                     800                     -0.28091694
                   802.5                     -0.26289289
                     805                      -0.2448855
                   807.5                      -0.2270613
                     810                     -0.20957841
                   812.5                     -0.19258623
                     815                     -0.17622441
                   817.5                     -0.16062082
                     820                       -0.145891
                   822.5                     -0.13213759
                     825                     -0.11945148
                   827.5                     -0.10790552
                     830                    -0.097563345
                   832.5                    -0.088470313
                     835                    -0.080660131
                   837.5                    -0.074152372
                     840                    -0.068950983
                   842.5                    -0.065048065
                     845                    -0.062422946
                   847.5                     -0.06104192
                     850                    -0.060859191
                   852.5                    -0.061818296
                     855                    -0.063852802
                   857.5                    -0.066887313
                     860                    -0.070835957
                   862.5                    -0.075607252
                     865                    -0.081103393
                   867.5                    -0.087219563
                     870                    -0.093848978
                   872.5                     -0.10087824
                     875                     -0.10819783
                   877.5                     -0.11569218
                     880                     -0.12324946
                   882.5                     -0.13075938
                     885                     -0.13811463
                   887.5                     -0.14521114
                     890                     -0.15195288
                   892.5                      -0.1582499
                     895                     -0.16401684
                   897.5                     -0.16918219
                     900                     -0.17367855
                   902.5                     -0.17745134
                     905                     -0.18045615
                   907.5                     -0.18265951
                     910                     -0.18403877
                   912.5                     -0.18458273
                     915                     -0.18428985
                   917.5                     -0.18317212
                     920                     -0.18125006
                   922.5                      -0.1785532
                     925                     -0.17512505
                   927.5                     -0.17101198
                     930                     -0.16627097
                   932.5                     -0.16096586
                     935                     -0.15516444
                   937.5                     -0.14894158
                     940                     -0.14237502
                   942.5                     -0.13554368
                     945                     -0.12852931
                   947.5                     -0.12141498
                     950                        -0.11428
                   952.5                     -0.10720565
                     955                     -0.10026837
                   957.5                    -0.093542648
                     960                     -0.08709855
                   962.5                    -0.080999109
                     965                    -0.075307086
                   967.5                    -0.070073844
                     970                    -0.065346229
                   972.5                    -0.061165986
                     975                    -0.057564806
                   977.5                    -0.054570398
                     980                    -0.052199868
                   982.5                      -0.0504634
                     985                     -0.04936526
                   987.5                    -0.048901404
                     990                    -0.049061299
                   992.5                    -0.049826032
                     995                     -0.05117137
                   997.5                    -0.053066321
                    1000                    -0.055474169
                  1002.5                    -0.058352979
                    1005                     -0.06165652
                  1007.5                    -0.065333904
                    1010                    -0.069330487
                  1012.5                    -0.073588114
                    1015                     -0.07804868
                  1017.5                    -0.082652029
                    1020                    -0.087336376
                  1022.5                    -0.092038478
                    1025                    -0.096698881
                  1027.5                     -0.10125966
                    1030                      -0.1056613
                  1032.5                     -0.10985144
                    1035                      -0.1137783
                  1037.5                     -0.11739669
                    1040                     -0.12066242
                  1042.5                     -0.12354088
                    1045                     -0.12600007
                  1047.5                     -0.12801395
                    1050                     -0.12956407
                  1052.5                     -0.13063586
                    1055                     -0.13122327
                  1057.5                     -0.13132699
                    1060                     -0.13095089
                  1062.5                     -0.13010783
                    1065                     -0.12881547
                  1067.5                     -0.12709798
                    1070                     -0.12498258
                  1072.5                     -0.12250247
                    1075                     -0.11969616
                  1077.5                     -0.11660383
                    1080                      -0.1132683
                  1082.5                      -0.1097394
                    1085                     -0.10606113
                  1087.5                     -0.10228663
                    1090                    -0.098464041
                  1092.5                    -0.094643758
                    1095                    -0.090875695
                  1097.5                    -0.087206965
                    1100                    -0.083685417
                  1102.5                    -0.080352923
                    1105                    -0.077251669
                  1107.5                    -0.074420059
                    1110                    -0.071891161
                  1112.5                    -0.069694911
                    1115                    -0.067857266
                  1117.5                      -0.0663997
                    1120                    -0.065339088
                  1122.5                    -0.064686734
                    1125                    -0.064449092
                  1127.5                    -0.064628526
                    1130                    -0.065221287
                  1132.5                     -0.06621907
                    1135                     -0.06761123
                  1137.5                    -0.069379581
                    1140                    -0.071501775
                  1142.5                    -0.073953886
                    1145                    -0.076707514
                  1147.5                    -0.079729315
                    1150                    -0.082984845
                  1152.5                    -0.086438281
                    1155                    -0.090047462
                  1157.5                    -0.093772817
                    1160                    -0.097574047
                  1162.5                     -0.10140788
                    1165                     -0.10523162
                  1167.5                     -0.10900465
                    1170                     -0.11268683
                  1172.5                     -0.11623844
                    1175                     -0.11962355
                  1177.5                     -0.12280695
                    1180                     -0.12575813
                  1182.5                     -0.12844828
                    1185                     -0.13085194
                  1187.5                     -0.13295117
                    1190                     -0.13472734
                  1192.5                     -0.13616993
                    1195                     -0.13727064
                  1197.5                     -0.13802628
                    1200                     -0.13843991
                  1202.5                     -0.13851423
                    1205                     -0.13826325
                  1207.5                     -0.13769877
                    1210                     -0.13684181
                  1212.5                     -0.13571202
                    1215                     -0.13433683
                  1217.5                     -0.13274515
                    1220                     -0.13096683
                  1222.5                     -0.12903772
                    1225                     -0.12699035
                  1227.5                     -0.12486496
                    1230                      -0.1226959
                  1232.5                     -0.12052207
                    1235                     -0.11838435
                  1237.5                     -0.11631508
                    1240                     -0.11435578
                  1242.5                     -0.11253847
                    1245                     -0.11089598
                  1247.5                     -0.10946242
                    1250                     -0.10826359
                  1252.5                      -0.1073273
                    1255                     -0.10667354
                  1257.5                     -0.10632475
                    1260                     -0.10629392
                  1262.5                     -0.10659361
                    1265                     -0.10723112
                  1267.5                     -0.10821315
                    1270                     -0.10953879
                  1272.5                     -0.11120312
                    1275                     -0.11319987
                  1277.5                     -0.11551834
                    1280                     -0.11814155
                  1282.5                     -0.12105396
                    1285                     -0.12423253
                  1287.5                     -0.12765248
                    1290                     -0.13128855
                  1292.5                     -0.13511079
                    1295                     -0.13908823
                  1297.5                     -0.14318814
                    1300                     -0.14737705
                  1302.5                     -0.15162064
                    1305                     -0.15588306
                  1307.5                     -0.16013106
                    1310                     -0.16432969
                  1312.5                       -0.168445
                    1315                     -0.17244671
                  1317.5                       -0.176304
                    1320                     -0.17998976
                  1322.5                     -0.18347873
                    1325                     -0.18674774
                  1327.5                      -0.1897771
                    1330                     -0.19255312
                  1332.5                     -0.19506232
                    1335                     -0.19729649
                  1337.5                     -0.19924925
                    1340                     -0.20092227
                  1342.5                     -0.20231737
                    1345                     -0.20344195
                  1347.5                     -0.20430816
                    1350                      -0.2049293
                  1352.5                     -0.20532395
                    1355                     -0.20551315
                  1357.5                     -0.20552236
                    1360                     -0.20537855
                  1362.5                     -0.20510994
                    1365                      -0.2047472
                  1367.5                     -0.20432673
                    1370                     -0.20388081
                  1372.5                       -0.203444
                    1375                     -0.20305398
                  1377.5                     -0.20274337
                    1380                     -0.20254897
                  1382.5                     -0.20250459
                    1385                     -0.20264314
                  1387.5                     -0.20299518
                    1390                     -0.20359218
                  1392.5                     -0.20445803
                    1395                     -0.20561859
                  1397.5                     -0.20709534
                    1400                     -0.20890677
                  1402.5                     -0.21106957
                    1405                     -0.21359272
                  1407.5                     -0.21648495
                    1410                     -0.21975208
                  1412.5                     -0.22339427
                    1415                     -0.22740766
                  1417.5                     -0.23178635
                    1420                     -0.23651986
                  1422.5                     -0.24159539
                    1425                     -0.24699547
                  1427.5                     -0.25270007
                    1430                     -0.25868701
                  1432.5                     -0.26493008
                    1435                     -0.27140248
                  1437.5                     -0.27807549
                    1440                     -0.28491685
                  1442.5                     -0.29189468
                    1445                     -0.29897646
                  1447.5                     -0.30612828
                    1450                      -0.3133191
                  1452.5                     -0.32051427
                    1455                     -0.32768273
                  1457.5                     -0.33479478
                    1460                       -0.341821
                  1462.5                      -0.3487362
                    1465                     -0.35551597
                  1467.5                     -0.36213961
                    1470                     -0.36858927
                  1472.5                     -0.37485153
                    1475                     -0.38091627
                  1477.5                     -0.38677571
                    1480                     -0.39242923
                  1482.5                     -0.39787854
                    1485                     -0.40312818
                  1487.5                     -0.40818993
                    1490                     -0.41307997
                  1492.5                     -0.41781432
                    1495                     -0.42241556
                  1497.5                     -0.42691168
                    1500                     -0.43133172
                  1502.5                     -0.43570777
                    1505                     -0.44007638
                  1507.5                     -0.44447587
                    1510                     -0.44894607
                  1512.5                     -0.45352937
                    1515                     -0.45826901
                  1517.5                     -0.46321035
                    1520                     -0.46839584
                  1522.5                     -0.47387114
                    1525                     -0.47968095
                  1527.5                     -0.48586829
                    1530                     -0.49247421
                  1532.5                     -0.49954011
                    1535                     -0.50710425
                  1537.5                     -0.51520081
                    1540                     -0.52386456
                  1542.5                     -0.53312605
                    1545                     -0.54301072
                  1547.5                     -0.55354175
                    1550                     -0.56474119
                  1552.5                     -0.57662357
                    1555                      -0.5892008
                  1557.5                     -0.60248335
                    1560                     -0.61647309
                  1562.5                     -0.63117188
                    1565                     -0.64657701
                  1567.5                     -0.66268097
                    1570                      -0.6794743
                  1572.5                     -0.69694407
                    1575                      -0.7150741
                  1577.5                     -0.73384478
                    1580                     -0.75323618
                  1582.5                     -0.77322478
                    1585                     -0.79378666
                  1587.5                     -0.81489603
                    1590                     -0.83652711
                  1592.5                     -0.85865448
                    1595                     -0.88125185
                  1597.5                     -0.90429646
                    1600                     -0.92776333
                  1602.5                     -0.95163463
                    1605                     -0.97588945
                  1607.5                      -1.0005154
                    1610                      -1.0254997
                  1612.5                      -1.0508358
                    1615                      -1.0765221
                  1617.5                      -1.1025594
                    1620                      -1.1289566
                  1622.5                      -1.1557266
                    1625                      -1.1828901
                  1627.5                      -1.2104721
                    1630                       -1.238504
                  1632.5                      -1.2670249
                    1635                      -1.2960772
                  1637.5                      -1.3257143
                    1640                      -1.3559921
                  1642.5                      -1.3869736
                    1645                      -1.4187266
                  1647.5                      -1.4513255
                    1650                      -1.4848488
                  1652.5                       -1.519381
                    1655                      -1.5550093
                  1657.5                      -1.5918223
                    1660                      -1.6299165
                  1662.5                      -1.6693871
                    1665                      -1.7103315
                  1667.5                      -1.7528489
                    1670                      -1.7970371
                  1672.5                      -1.8429953
                    1675                      -1.8908195
                  1677.5                      -1.9406056
                    1680                       -1.992444
                  1682.5                      -2.0464222
                    1685                       -2.102625
                  1687.5                      -2.1611277
                    1690                      -2.2220012
                  1692.5                      -2.2853088
                    1695                      -2.3511037
                  1697.5                      -2.4194312
                    1700                      -2.4903245
                  1702.5                      -2.5638046
                    1705                      -2.6398787
                  1707.5                      -2.7185404
                    1710                      -2.7997667
                  1712.5                      -2.8835135
                    1715                      -2.9697248
                  1717.5                      -3.0583181
                    1720                      -3.1491882
                  1722.5                      -3.2422114
                    1725                      -3.3372314
                  1727.5                      -3.4340704
                    1730                      -3.5325152
                  1732.5                      -3.6323256
                    1735                      -3.7332312
                  1737.5                      -3.8349243
                    1740                      -3.9370622
                  1742.5                      -4.0392721
                    1745                      -4.1411425
                  1747.5                      -4.2422277
                    1750                      -4.3420481
                  1752.5                      -4.4400962
                    1755                      -4.5358331
                  1757.5                       -4.628696
                    1760                      -4.7181088
                  1762.5                       -4.803473
                    1765                      -4.8841923
                  1767.5                      -4.9596756
                    1770                      -5.0293394
                  1772.5                      -5.0926316
                    1775                      -5.1490265
                  1777.5                      -5.1980532
                    1780                      -5.2392917
                  1782.5                      -5.2723891
                    1785                      -5.2970715
                  1787.5                      -5.3131423
                    1790                      -5.3204984
                  1792.5                      -5.3191204
                    1795                      -5.3090827
                  1797.5                      -5.2905463
                    1800                      -5.2637604
                  1802.5                      -5.2290446
                    1805                      -5.1867945
                  1807.5                      -5.1374583
                    1810                      -5.0815355
                  1812.5                      -5.0195651
                    1815                      -4.9521121
                  1817.5                      -4.8797525
                    1820                      -4.8030763
                  1822.5                      -4.7226651
                    1825                       -4.639091
                  1827.5                      -4.5529108
                    1830                      -4.4646561
                  1832.5                      -4.3748317
                    1835                      -4.2839108
                  1837.5                      -4.1923379
                    1840                      -4.1005182
                  1842.5                      -4.0088247
                    1845                      -3.9175921
                  1847.5                      -3.8271265
                    1850                       -3.737695
                  1852.5                      -3.6495356
                    1855                      -3.5628531
                  1857.5                      -3.4778222
                    1860                      -3.3945946
                  1862.5                      -3.3132933
                    1865                      -3.2340121
                  1867.5                       -3.156834
                    1870                      -3.0818087
                  1872.5                      -3.0089768
                    1875                      -2.9383551
                  1877.5                      -2.8699512
                    1880                      -2.8037523
                  1882.5                      -2.7397342
                    1885                      -2.6778655
                  1887.5                      -2.6180989
                    1890                      -2.5603856
                  1892.5                      -2.5046591
                    1895                      -2.4508552
                  1897.5                      -2.3988996
                    1900                       -2.348717
                  1902.5                      -2.3002267
                    1905                      -2.2533452
                  1907.5                      -2.2079873
                    1910                      -2.1640691
                  1912.5                      -2.1215062
                    1915                      -2.0802136
                  1917.5                      -2.0401083
                    1920                      -2.0011128
                  1922.5                      -1.9631471
                    1925                      -1.9261394
                  1927.5                      -1.8900199
                    1930                      -1.8547216
                  1932.5                      -1.8201836
                    1935                      -1.7863517
                  1937.5                      -1.7531755
                    1940                      -1.7206082
                  1942.5                      -1.6886121
                    1945                      -1.6571536
                  1947.5                      -1.6262031
                    1950                      -1.5957386
                  1952.5                       -1.565744
                    1955                      -1.5362052
                  1957.5                      -1.5071167
                    1960                      -1.4784743
                  1962.5                      -1.4502815
                    1965                      -1.4225432
                  1967.5                      -1.3952676
                    1970                      -1.3684681
                  1972.5                      -1.3421583
                    1975                      -1.3163557
                  1977.5                      -1.2910784
                    1980                      -1.2663463
                  1982.5                      -1.2421811
                    1985                      -1.2185998
                  1987.5                      -1.1956252
                    1990                      -1.1732761
                  1992.5                      -1.1515714
                    1995                      -1.1305273
                  1997.5                      -1.1101597
                    2000                      -1.0904813
                  2002.5                       -1.071504
                    2005                      -1.0532331
                  2007.5                      -1.0356767
                    2010                      -1.0188341
                  2012.5                      -1.0027068
                    2015                     -0.98728877
                  2017.5                     -0.97257257
                    2020                     -0.95854692
                  2022.5                     -0.94519805
                    2025                     -0.93250947
                  2027.5                     -0.92045861
                    2030                     -0.90902287
                  2032.5                       -0.898176
                    2035                     -0.88788991
                  2037.5                      -0.8781314
                    2040                     -0.86886888
                  2042.5                     -0.86006665
                    2045                     -0.85168828
                  2047.5                     -0.84369612
                    2050                     -0.83605269
                  2052.5                      -0.8287172
                    2055                      -0.8216536
                  2057.5                     -0.81482079
                    2060                     -0.80818294
                  2062.5                     -0.80170169
                    2065                     -0.79534376
                  2067.5                     -0.78907279
                    2070                     -0.78285913
                  2072.5                     -0.77667412
                    2075                     -0.77048963
                  2077.5                     -0.76428165
                    2080                     -0.75803198
                  2082.5                     -0.75172035
                    2085                     -0.74533344
                  2087.5                     -0.73886159
                    2090                     -0.73229653
                  2092.5                     -0.72563351
                    2095                     -0.71887465
                  2097.5                     -0.71202105
                    2100                     -0.70508025
                  2102.5                      -0.6980588
                    2105                      -0.6909719
                  2107.5                     -0.68383489
                    2110                     -0.67666171
                  2112.5                     -0.66947426
                    2115                      -0.6622932
                  2117.5                     -0.65514142
                    2120                     -0.64804122
                  2122.5                     -0.64101905
                    2125                     -0.63410077
                  2127.5                     -0.62731035
                    2130                     -0.62067262
                  2132.5                     -0.61421299
                    2135                       -0.607955
                  2137.5                     -0.60192102
                    2140                     -0.59613311
                  2142.5                     -0.59061008
                    2145                     -0.58536889
                  2147.5                     -0.58042594
                    2150                     -0.57579423
                  2152.5                     -0.57148301
                    2155                     -0.56750183
                  2157.5                     -0.56385397
                    2160                     -0.56054341
                  2162.5                     -0.55756835
                    2165                     -0.55492666
                  2167.5                     -0.55261199
                    2170                     -0.55061581
                  2172.5                     -0.54892556
                    2175                     -0.54752937
                  2177.5                     -0.54641036
                    2180                     -0.54555006
                  2182.5                     -0.54492937
                    2185                     -0.54452799
                  2187.5                     -0.54431942
                    2190                     -0.54428208
                  2192.5                     -0.54439124
                    2195                     -0.54462079
                  2197.5                     -0.54494557
                    2200                     -0.54534016
                  2202.5                     -0.54577913
                    2205                     -0.54623941
                  2207.5                     -0.54669736
                    2210                     -0.54713187
                  2212.5                     -0.54752063
                    2215                     -0.54784603
                  2217.5                     -0.54809264
                    2220                     -0.54824643
                  2222.5                     -0.54829517
                    2225                     -0.54822982
                  2227.5                     -0.54804389
                    2230                     -0.54773651
                  2232.5                     -0.54730342
                    2235                     -0.54674944
                  2237.5                     -0.54607854
                    2240                     -0.54529763
                  2242.5                     -0.54441939
                    2245                     -0.54345464
                  2247.5                     -0.54241921
                    2250                     -0.54133087
                  2252.5                     -0.54020704
                    2255                      -0.5390705
                  2257.5                     -0.53794249
                    2260                     -0.53684789
                  2262.5                      -0.5358078
                    2265                     -0.53485033
                  2267.5                      -0.5339967
                    2270                     -0.53327524
                  2272.5                     -0.53270815
                    2275                     -0.53232001
                  2277.5                     -0.53213244
                    2280                     -0.53216848
                  2282.5                     -0.53244667
                    2285                     -0.53298579
                  2287.5                      -0.5338028
                    2290                     -0.53491116
                  2292.5                     -0.53632234
                    2295                     -0.53804738
                  2297.5                     -0.54009195
                    2300                     -0.54246135
                  2302.5                     -0.54515667
                    2305                     -0.54817866
                  2307.5                     -0.55152227
                    2310                     -0.55518411
                  2312.5                     -0.55915311
                    2315                     -0.56342197
                  2317.5                     -0.56797629
                    2320                     -0.57280212
                  2322.5                     -0.57788315
                    2325                     -0.58320316
                  2327.5                     -0.58874186
                    2330                     -0.59447982
                  2332.5                     -0.60039891
                    2335                     -0.60647614
                  2337.5                     -0.61269162
                    2340                     -0.61902519
                  2342.5                     -0.62545712
                    2345                     -0.63196969
                  2347.5                     -0.63854428
                    2350                     -0.64516612
                  2352.5                     -0.65181962
                    2355                     -0.65849488
                  2357.5                     -0.66518148
                    2360                      -0.6718731
                  2362.5                     -0.67856382
                    2365                     -0.68525488
                  2367.5                     -0.69194675
                    2370                     -0.69864365
                  2372.5                     -0.70535466
                    2375                     -0.71209067
                  2377.5                     -0.71886738
                    2380                      -0.7256983
                  2382.5                     -0.73260814
                    2385                     -0.73961729
                  2387.5                     -0.74675114
                    2390                     -0.75403855
                  2392.5                     -0.76150959
                    2395                     -0.76919616
                  2397.5                     -0.77713277
                    2400                     -0.78535149
                  2402.5                     -0.79389036
                    2405                     -0.80278627
                  2407.5                     -0.81207409
                    2410                     -0.82179156
                  2412.5                     -0.83197445
                    2415                     -0.84266049
                  2417.5                     -0.85388251
                    2420                     -0.86567438
                  2422.5                     -0.87806709
                    2425                     -0.89109488
                  2427.5                      -0.9047828
                    2430                     -0.91915818
                  2432.5                     -0.93424727
                    2435                     -0.95006877
                  2437.5                     -0.96664302
                    2440                     -0.98398883
                  2442.5                        -1.00212
                    2445                      -1.0210493
                  2447.5                      -1.0407879
                    2450                      -1.0613426
                  2452.5                      -1.0827209
                    2455                      -1.1049279
                  2457.5                      -1.1279669
                    2460                      -1.1518401
                  2462.5                      -1.1765507
                    2465                      -1.2021002
                  2467.5                      -1.2284921
                    2470                      -1.2557281
                  2472.5                      -1.2838122
                    2475                       -1.312752
                  2477.5                       -1.342556
                    2480                      -1.3732346
                  2482.5                      -1.4048036
                    2485                      -1.4372827
                  2487.5                      -1.4706928
                    2490                      -1.5050671
                  2492.5                       -1.540438
                    2495                       -1.576846
                  2497.5                      -1.6143409
                    2500                      -1.6529775
                  2502.5                      -1.6928182
                    2505                       -1.733935
                  2507.5                      -1.7764081
                    2510                      -1.8203258
                  2512.5                      -1.8657867
                    2515                       -1.912899
                  2517.5                      -1.9617798
                    2520                      -2.0125559
                  2522.5                      -2.0653651
                    2525                      -2.1203568
                  2527.5                      -2.1776872
                    2530                      -2.2375246
                  2532.5                      -2.3000497
                    2535                      -2.3654507
                  2537.5                       -2.433928
                    2540                      -2.5056921
                  2542.5                      -2.5809664
                    2545                      -2.6599826
                  2547.5                      -2.7429843
                    2550                      -2.8302299
                  2552.5                      -2.9219841
                    2555                      -3.0185274
                  2557.5                      -3.1201557
                    2560                      -3.2271727
                  2562.5                      -3.3399008
                    2565                      -3.4586765
                  2567.5                      -3.5838522
                    2570                       -3.715799
                  2572.5                      -3.8549097
                    2575                      -4.0015933
                  2577.5                      -4.1562881
                    2580                      -4.3194533
                  2582.5                      -4.4915814
                    2585                      -4.6731963
                  2587.5                      -4.8648538
                    2590                      -5.0671569
                  2592.5                      -5.2807529
                    2595                      -5.5063355
                  2597.5                      -5.7446646
                    2600                      -5.9965625
                  2602.5                      -6.2629328
                    2605                      -6.5447615
                  2607.5                      -6.8431388
                    2610                        -7.15927
                  2612.5                      -7.4944954
                    2615                      -7.8503096
                  2617.5                      -8.2283859
                    2620                      -8.6306111
                  2622.5                      -9.0591089
                    2625                      -9.5162879
                  2627.5                      -10.004879
                    2630                      -10.527984
                  2632.5                      -11.089118
                    2635                      -11.692247
                  2637.5                      -12.341787
                    2640                      -13.042534
                  2642.5                      -13.799436
                    2645                      -14.617052
                  2647.5                      -15.498339
                    2650                       -16.44215
                  2652.5                      -17.438278
                    2655                      -18.458254
                  2657.5                      -19.440683
                    2660                       -20.27563
                  2662.5                      -20.809631
                    2665                      -20.905206
                  2667.5                      -20.535164
                    2670                      -19.805156
                  2672.5                      -18.873069
                    2675                      -17.868187
                  2677.5                      -16.868814
                    2680                       -15.91388
                  2682.5                      -15.019132
                    2685                      -14.188383
                  2687.5                       -13.41984
                    2690                      -12.709366
                  2692.5                      -12.052078
                    2695                      -11.443092
                  2697.5                      -10.877839
                    2700                       -10.35219
                  2702.5                      -9.8624648
                    2705                      -9.4054189
                  2707.5                      -8.9781859
                    2710                      -8.5782444
                  2712.5                      -8.2033694
                    2715                      -7.8515874
                  2717.5                      -7.5211476
                    2720                       -7.210485
                  2722.5                      -6.9182024
                    2725                      -6.6430358
                  2727.5                      -6.3838475
                    2730                      -6.1396003
                  2732.5                      -5.9093516
                    2735                      -5.6922325
                  2737.5                      -5.4874465
                    2740                       -5.294257
                  2742.5                      -5.1119773
                    2745                      -4.9399674
                  2747.5                      -4.7776284
                    2750                      -4.6243977
                  2752.5                      -4.4797429
                    2755                      -4.3431611
                  2757.5                      -4.2141746
                    2760                      -4.0923264
                  2762.5                      -3.9771839
                    2765                      -3.8683307
                  2767.5                      -3.7653693
                    2770                      -3.6679165
                  2772.5                      -3.5756094
                    2775                      -3.4880922
                  2777.5                      -3.4050316
                    2780                      -3.3261024
                  2782.5                      -3.2509977
                    2785                      -3.1794231
                  2787.5                       -3.111096
                    2790                      -3.0457489
                  2792.5                      -2.9831327
                    2795                      -2.9230081
                  2797.5                      -2.8651556
                    2800                      -2.8093666
                  2802.5                      -2.7554509
                    2805                      -2.7032334
                  2807.5                      -2.6525574
                    2810                       -2.603278
                  2812.5                      -2.5552726
                    2815                      -2.5084298
                  2817.5                      -2.4626554
                    2820                      -2.4178743
                  2822.5                      -2.3740216
                    2825                      -2.3310506
                  2827.5                       -2.288927
                    2830                      -2.2476317
                  2832.5                      -2.2071556
                    2835                      -2.1675016
                  2837.5                      -2.1286835
                    2840                      -2.0907258
                  2842.5                      -2.0536561
                    2845                      -2.0175132
                  2847.5                      -1.9823397
                    2850                      -1.9481819
                  2852.5                      -1.9150901
                    2855                      -1.8831152
                  2857.5                       -1.852311
                    2860                      -1.8227268
                  2862.5                       -1.794414
                    2865                       -1.767418
                  2867.5                      -1.7417832
                    2870                      -1.7175489
                  2872.5                      -1.6947464
                    2875                      -1.6734056
                  2877.5                      -1.6535447
                    2880                      -1.6351783
                  2882.5                      -1.6183119
                    2885                      -1.6029435
                  2887.5                      -1.5890632
                    2890                      -1.5766513
                  2892.5                      -1.5656806
                    2895                      -1.5561156
                  2897.5                      -1.5479126
                    2900                      -1.5410195
                  2902.5                      -1.5353752
                    2905                      -1.5309139
                  2907.5                      -1.5275623
                    2910                      -1.5252402
                  2912.5                      -1.5238606
                    2915                      -1.5233348
                  2917.5                      -1.5235679
                    2920                      -1.5244643
                  2922.5                      -1.5259247
                    2925                       -1.527851
                  2927.5                      -1.5301434
                    2930                      -1.5327049
                  2932.5                       -1.535442
                    2935                      -1.5382628
                  2937.5                      -1.5410831
                    2940                       -1.543824
                  2942.5                      -1.5464143
                    2945                      -1.5487898
                  2947.5                      -1.5508981
                    2950                      -1.5526944
                  2952.5                      -1.5541483
                    2955                      -1.5552357
                  2957.5                      -1.5559494
                    2960                      -1.5562909
                  2962.5                      -1.5562762
                    2965                      -1.5559321
                  2967.5                       -1.555297
                    2970                      -1.5544214
                  2972.5                      -1.5533674
                    2975                      -1.5522028
                  2977.5                      -1.5510114
                    2980                      -1.5498788
                  2982.5                      -1.5489018
                    2985                       -1.548179
                  2987.5                      -1.5478203
                    2990                      -1.5479304
                  2992.5                      -1.5486196
                    2995                       -1.550002
                  2997.5                      -1.5521856
                    3000                      -1.5552777

