        Frequency / MHz                S1,1/abs,dB
----------------------------------------------------------------------
                     500                      -0.1784207
                   502.5                     -0.13444381
                     505                    -0.089019444
                   507.5                     -0.04464273
                     510                   -0.0035877144
                   512.5                     0.032185125
                     515                     0.061102519
                   517.5                     0.082011141
                     520                     0.094212496
                   522.5                     0.097454688
                     525                      0.09193078
                   527.5                     0.078246439
                     530                     0.057388403
                   532.5                     0.030676739
                     535                  -0.00029692626
                   537.5                    -0.033741748
                     540                    -0.067758767
                   542.5                     -0.10043338
                     545                     -0.12994588
                   547.5                     -0.15467527
                     550                     -0.17330045
                   552.5                     -0.18487848
                     555                     -0.18890518
                   557.5                     -0.18533811
                     560                     -0.17459016
                   562.5                     -0.15748688
                     565                      -0.1351943
                   567.5                     -0.10913901
                     570                    -0.080892328
                   572.5                     -0.05208632
                     575                    -0.024305529
                   577.5                   0.00099018015
                     580                     0.022534868
                   582.5                     0.039310329
                     585                     0.050581862
                   587.5                     0.055916582
                     590                     0.055199634
                   592.5                     0.048620565
                     595                     0.036663201
                   597.5                     0.020074847
                     600                  -0.00016930297
                   602.5                    -0.022915356
                     605                    -0.046887728
                   607.5                     -0.07075659
                     610                    -0.093209829
                   612.5                     -0.11302129
                     615                      -0.1291326
                   617.5                     -0.14070581
                     620                     -0.14718029
                   622.5                     -0.14829703
                     625                      -0.1441219
                   627.5                     -0.13502442
                     630                     -0.12165087
                   632.5                     -0.10487707
                     635                     -0.08574465
                   637.5                    -0.065393363
                     640                    -0.044997714
                   642.5                    -0.025690619
                     645                   -0.0085141828
                   647.5                    0.0056377067
                     650                     0.016056908
                   652.5                     0.022246155
                     655                     0.023939138
                   657.5                     0.021107349
                     660                     0.013954934
                   662.5                    0.0029054604
                     665                    -0.011417791
                   667.5                    -0.028230258
                     670                    -0.046620915
                   672.5                    -0.065599104
                     675                    -0.084150753
                   677.5                      -0.1012883
                     680                     -0.11611576
                   682.5                     -0.12786739
                     685                     -0.13596384
                   687.5                     -0.14004178
                     690                     -0.13997491
                   692.5                     -0.13587544
                     695                     -0.12808932
                   697.5                     -0.11716308
                     700                     -0.10381269
                   702.5                    -0.088875929
                     705                     -0.07325664
                   707.5                    -0.057873259
                     710                    -0.043614292
                   712.5                       -0.031283
                     715                    -0.021562895
                   717.5                    -0.014987808
                     720                    -0.011917133
                   722.5                     -0.01252351
                     725                    -0.016784609
                   727.5                       -0.024492
                     730                    -0.035259879
                   732.5                    -0.048548129
                     735                    -0.063683682
                   737.5                     -0.07990207
                     740                    -0.096386606
                   742.5                     -0.11230572
                     745                     -0.12686521
                   747.5                     -0.13935057
                     750                     -0.14916876
                   752.5                     -0.15588162
                     755                     -0.15923522
                   757.5                     -0.15916628
                     760                     -0.15581447
                   762.5                     -0.14950419
                     765                     -0.14072249
                   767.5                      -0.1300948
                     770                     -0.11833762
                   772.5                     -0.10621992
                     775                    -0.094520661
                   777.5                    -0.083984808
                     780                    -0.075285626
                   782.5                    -0.068991683
                     785                    -0.065538803
                   787.5                    -0.065215438
                     790                    -0.068145598
                   792.5                    -0.074288728
                     795                    -0.083440182
                   797.5                    -0.095245102
                     800                     -0.10921275
                   802.5                     -0.12474812
                     805                      -0.1411716
                   807.5                      -0.1577635
                     810                     -0.17379979
                   812.5                     -0.18858918
                     815                       -0.201515
                   817.5                      -0.2120715
                     820                     -0.21988872
                   822.5                     -0.22476239
                     825                     -0.22665805
                   827.5                     -0.22571843
                     830                     -0.22224916
                   832.5                      -0.2167053
                     835                     -0.20965719
                   837.5                     -0.20176389
                     840                     -0.19372957
                   842.5                      -0.1862669
                     845                     -0.18006354
                   847.5                     -0.17574122
                     850                     -0.17382824
                   852.5                      -0.1747356
                     855                     -0.17874136
                   857.5                     -0.18597098
                     860                      -0.1964021
                   862.5                     -0.20985962
                     865                      -0.2260278
                   867.5                     -0.24446782
                     870                     -0.26463515
                   872.5                     -0.28590865
                     875                     -0.30762478
                   877.5                     -0.32911082
                     880                      -0.3497201
                   882.5                     -0.36887459
                     885                     -0.38609449
                   887.5                     -0.40102673
                     890                      -0.4134728
                   892.5                     -0.42339742
                     895                     -0.43093469
                   897.5                     -0.43638428
                     900                     -0.44018961
                   902.5                      -0.4429261
                     905                      -0.4452566
                   907.5                     -0.44791096
                     910                     -0.45163505
                   912.5                     -0.45717391
                     915                     -0.46522121
                   917.5                     -0.47639608
                     920                     -0.49121881
                   922.5                     -0.51009063
                     925                     -0.53327576
                   927.5                     -0.56089851
                     930                     -0.59293842
                   932.5                     -0.62923931
                     935                     -0.66951564
                   937.5                      -0.7133725
                     940                     -0.76033234
                   942.5                     -0.80985228
                     945                     -0.86136831
                   947.5                      -0.9143244
                     950                     -0.96821069
                   952.5                      -1.0226016
                     955                      -1.0771855
                   957.5                      -1.1317965
                     960                      -1.1864379
                   962.5                      -1.2412901
                     965                      -1.2967176
                   967.5                      -1.3532595
                     970                      -1.4116182
                   972.5                       -1.472627
                     975                      -1.5372213
                   977.5                      -1.6063997
                     980                      -1.6811829
                   982.5                      -1.7625658
                     985                      -1.8514751
                   987.5                      -1.9487247
                     990                      -2.0549659
                   992.5                      -2.1706468
                     995                      -2.2959611
                   997.5                      -2.4308027
                    1000                      -2.5747239
                  1002.5                      -2.7268807
                    1005                      -2.8859942
                  1007.5                      -3.0503102
                    1010                      -3.2175748
                  1012.5                       -3.385021
                    1015                      -3.5493932
                  1017.5                      -3.7070101
                    1020                      -3.8538649
                  1022.5                      -3.9858045
                    1025                      -4.0987417
                  1027.5                      -4.1889269
                    1030                      -4.2532235
                  1032.5                      -4.2893785
                    1035                      -4.2962156
                  1037.5                      -4.2737475
                    1040                      -4.2231564
                  1042.5                      -4.1466737
                    1045                      -4.0473578
                  1047.5                      -3.9288343
                    1050                      -3.7950066
                  1052.5                      -3.6498116
                    1055                      -3.4970118
                  1057.5                       -3.340039
                    1060                      -3.1819063
                  1062.5                      -3.0251592
                    1065                      -2.8718727
                  1067.5                      -2.7236634
                    1070                       -2.581729
                  1072.5                      -2.4468929
                    1075                      -2.3196529
                  1077.5                      -2.2002286
                    1080                      -2.0886133
                  1082.5                      -1.9846136
                    1085                      -1.8878963
                  1087.5                      -1.7980251
                    1090                       -1.714488
                  1092.5                      -1.6367377
                    1095                      -1.5642099
                  1097.5                      -1.4963481
                    1100                      -1.4326256
                  1102.5                       -1.372557
                    1105                      -1.3157069
                  1107.5                      -1.2617042
                    1110                      -1.2102365
                  1112.5                      -1.1610562
                    1115                      -1.1139766
                  1117.5                      -1.0688611
                    1120                      -1.0256223
                  1122.5                      -0.9842126
                    1125                     -0.94460526
                  1127.5                      -0.9067998
                    1130                     -0.87079912
                  1132.5                     -0.83661087
                    1135                     -0.80423462
                  1137.5                     -0.77366272
                    1140                      -0.7448696
                  1142.5                     -0.71781429
                    1145                     -0.69244149
                  1147.5                     -0.66867627
                    1150                     -0.64643202
                  1152.5                     -0.62561511
                    1155                      -0.6061172
                  1157.5                     -0.58783423
                    1160                     -0.57065869
                  1162.5                     -0.55448943
                    1165                     -0.53923033
                  1167.5                     -0.52479681
                    1170                     -0.51111242
                  1172.5                     -0.49811444
                    1175                      -0.4857467
                  1177.5                     -0.47396877
                    1180                     -0.46274395
                  1182.5                     -0.45204141
                    1185                     -0.44183524
                  1187.5                     -0.43210088
                    1190                     -0.42281237
                  1192.5                        -0.41394
                    1195                     -0.40545328
                  1197.5                     -0.39731436
                    1200                     -0.38948554
                  1202.5                     -0.38192165
                    1205                     -0.37458002
                  1207.5                     -0.36741712
                    1210                     -0.36039263
                  1212.5                     -0.35347126
                    1215                     -0.34662616
                  1217.5                     -0.33984323
                    1220                     -0.33311526
                  1222.5                     -0.32645283
                    1225                      -0.3198762
                  1227.5                     -0.31342052
                    1230                     -0.30713132
                  1232.5                     -0.30106004
                    1235                     -0.29526711
                  1237.5                     -0.28981284
                    1240                     -0.28475732
                  1242.5                     -0.28015044
                    1245                     -0.27603552
                  1247.5                     -0.27243937
                    1250                     -0.26937451
                  1252.5                      -0.2668323
                    1255                      -0.2647843
                  1257.5                     -0.26318341
                    1260                     -0.26196289
                  1262.5                     -0.26104049
                    1265                      -0.2603205
                  1267.5                     -0.25969705
                    1270                     -0.25906696
                  1272.5                     -0.25832331
                    1275                     -0.25737153
                  1277.5                     -0.25613032
                    1280                     -0.25453551
                  1282.5                     -0.25254996
                    1285                     -0.25015824
                  1287.5                     -0.24737794
                    1290                     -0.24425114
                  1292.5                     -0.24084598
                    1295                      -0.2372566
                  1297.5                     -0.23359361
                    1300                     -0.22998104
                  1302.5                     -0.22655105
                    1305                     -0.22343239
                  1307.5                     -0.22074923
                    1310                     -0.21860817
                  1312.5                     -0.21709512
                    1315                     -0.21627005
                  1317.5                     -0.21616243
                    1320                     -0.21676723
                  1322.5                     -0.21804544
                    1325                     -0.21992786
                  1327.5                     -0.22231258
                    1330                     -0.22507247
                  1332.5                     -0.22806047
                    1335                     -0.23112141
                  1337.5                     -0.23409149
                    1340                     -0.23681514
                  1342.5                     -0.23914981
                    1345                     -0.24097665
                  1347.5                     -0.24220498
                    1350                     -0.24278247
                  1352.5                     -0.24269344
                    1355                     -0.24196565
                  1357.5                     -0.24066801
                    1360                     -0.23890684
                  1362.5                      -0.2368226
                    1365                     -0.23458388
                  1367.5                      -0.2323721
                    1370                     -0.23038176
                  1372.5                     -0.22880238
                    1375                      -0.2278133
                  1377.5                     -0.22757019
                    1380                     -0.22819639
                  1382.5                     -0.22978159
                    1385                     -0.23236541
                  1387.5                     -0.23594741
                    1390                     -0.24047563
                  1392.5                     -0.24585207
                    1395                     -0.25193838
                  1397.5                     -0.25856247
                    1400                      -0.2655187
                  1402.5                     -0.27259482
                    1405                     -0.27956807
                  1407.5                     -0.28622325
                    1410                     -0.29236819
                  1412.5                     -0.29783906
                    1415                      -0.3025166
                  1417.5                     -0.30633063
                    1420                     -0.30926829
                  1422.5                     -0.31137256
                    1425                     -0.31274749
                  1427.5                     -0.31354689
                    1430                     -0.31397689
                  1432.5                      -0.3142748
                    1435                     -0.31470877
                  1437.5                     -0.31555506
                    1440                     -0.31708724
                  1442.5                     -0.31956714
                    1445                     -0.32322055
                  1447.5                     -0.32823559
                    1450                     -0.33474632
                  1452.5                     -0.34282782
                    1455                     -0.35249106
                  1457.5                     -0.36368036
                    1460                     -0.37627656
                  1462.5                     -0.39010145
                    1465                     -0.40492648
                  1467.5                      -0.4204855
                    1470                     -0.43648559
                  1472.5                     -0.45262716
                    1475                     -0.46862042
                  1477.5                     -0.48420167
                    1480                     -0.49915155
                  1482.5                     -0.51331265
                    1485                     -0.52660007
                  1487.5                     -0.53900974
                    1490                     -0.55062888
                  1492.5                     -0.56163163
                    1495                     -0.57227447
                  1497.5                     -0.58289301
                    1500                     -0.59388114
                  1502.5                     -0.60568465
                    1505                     -0.61877057
                  1507.5                     -0.63361608
                    1510                     -0.65068977
                  1512.5                      -0.6704225
                    1515                     -0.69319891
                  1517.5                     -0.71933657
                    1520                     -0.74907844
                  1522.5                     -0.78257875
                    1525                     -0.81990489
                  1527.5                     -0.86103407
                    1530                     -0.90585956
                  1532.5                     -0.95420171
                    1535                      -1.0058242
                  1537.5                      -1.0604498
                    1540                      -1.1177919
                  1542.5                      -1.1775784
                    1545                      -1.2395825
                  1547.5                      -1.3036573
                    1550                      -1.3697668
                  1552.5                       -1.438012
                    1555                      -1.5086634
                  1557.5                      -1.5821781
                    1560                      -1.6592122
                  1562.5                       -1.740633
                    1565                       -1.827519
                  1567.5                       -1.921148
                    1570                      -2.0229959
                  1572.5                      -2.1347099
                    1575                      -2.2580976
                  1577.5                      -2.3951087
                    1580                      -2.5478109
                  1582.5                      -2.7183754
                    1585                      -2.9090655
                  1587.5                       -3.122216
                    1590                      -3.3602262
                  1592.5                      -3.6255406
                    1595                      -3.9206296
                  1597.5                      -4.2479596
                    1600                      -4.6099307
                  1602.5                      -5.0087873
                    1605                      -5.4464543
                  1607.5                      -5.9242699
                    1610                       -6.442545
                  1612.5                      -6.9998628
                    1615                       -7.591969
                  1617.5                      -8.2101279
                    1620                      -8.8388234
                  1622.5                      -9.4530199
                    1625                      -10.015929
                  1627.5                      -10.479517
                    1630                      -10.791054
                  1632.5                      -10.907127
                    1635                      -10.810087
                  1637.5                      -10.515914
                    1640                      -10.067058
                  1642.5                      -9.5161525
                    1645                      -8.9116746
                  1647.5                      -8.2910191
                    1650                      -7.6797557
                  1652.5                      -7.0937946
                    1655                      -6.5421323
                  1657.5                      -6.0291766
                    1660                       -5.556424
                  1662.5                      -5.1235976
                    1665                      -4.7293577
                  1667.5                      -4.3717635
                    1670                      -4.0485393
                  1672.5                      -3.7572417
                    1675                      -3.4953614
                  1677.5                      -3.2603853
                    1680                      -3.0498188
                  1682.5                      -2.8612245
                    1685                      -2.6922311
                  1687.5                      -2.5405463
                    1690                      -2.4039828
                  1692.5                      -2.2804651
                    1695                      -2.1680506
                  1697.5                      -2.0649581
                    1700                      -1.9695742
                  1702.5                      -1.8804824
                    1705                       -1.796467
                  1707.5                      -1.7165311
                    1710                      -1.6398949
                  1712.5                       -1.565991
                    1715                      -1.4944572
                  1717.5                      -1.4251106
                    1720                       -1.357928
                  1722.5                      -1.2930197
                    1725                      -1.2305859
                  1727.5                      -1.1708957
                    1730                      -1.1142446
                  1732.5                      -1.0609298
                    1735                      -1.0112209
                  1737.5                     -0.96533399
                    1740                     -0.92341645
                  1742.5                     -0.88553221
                    1745                     -0.85165424
                  1747.5                     -0.82166076
                    1750                     -0.79533551
                  1752.5                     -0.77238006
                    1755                     -0.75241897
                  1757.5                     -0.73501667
                    1760                     -0.71969547
                  1762.5                     -0.70595185
                    1765                     -0.69328342
                  1767.5                     -0.68120789
                    1770                     -0.66927908
                  1772.5                     -0.65711156
                    1775                      -0.6443951
                  1777.5                     -0.63090566
                    1780                     -0.61650784
                  1782.5                     -0.60116545
                    1785                     -0.58493532
                  1787.5                     -0.56795282
                    1790                     -0.55042847
                  1792.5                     -0.53262861
                    1795                     -0.51485525
                  1797.5                     -0.49743062
                    1800                     -0.48067639
                  1802.5                     -0.46489386
                    1805                     -0.45035097
                  1807.5                     -0.43726403
                    1810                     -0.42579212
                  1812.5                       -0.416023
                    1815                     -0.40797582
                  1817.5                     -0.40159575
                    1820                     -0.39676359
                  1822.5                     -0.39329431
                    1825                     -0.39095452
                  1827.5                     -0.38946865
                    1830                     -0.38854181
                  1832.5                      -0.3878631
                    1835                     -0.38713098
                  1837.5                     -0.38606329
                    1840                     -0.38441813
                  1842.5                     -0.38199721
                    1845                     -0.37866237
                  1847.5                     -0.37433688
                    1850                       -0.369013
                  1852.5                     -0.36274585
                    1855                     -0.35565384
                  1857.5                     -0.34790429
                    1860                     -0.33970738
                  1862.5                      -0.3312992
                    1865                     -0.32293688
                  1867.5                      -0.3148714
                    1870                     -0.30734289
                  1872.5                     -0.30056594
                    1875                     -0.29471657
                  1877.5                     -0.28992411
                    1880                     -0.28626753
                  1882.5                     -0.28376895
                    1885                      -0.2823951
                  1887.5                     -0.28205776
                    1890                     -0.28262213
                  1892.5                     -0.28391291
                    1895                     -0.28572094
                  1897.5                      -0.2878182
                    1900                     -0.28997009
                  1902.5                     -0.29194805
                    1905                     -0.29353509
                  1907.5                     -0.29454914
                    1910                     -0.29484259
                  1912.5                     -0.29431661
                    1915                     -0.29292087
                  1917.5                     -0.29065688
                    1920                     -0.28757988
                  1922.5                     -0.28379191
                    1925                     -0.27943705
                  1927.5                     -0.27469325
                    1930                     -0.26975703
                  1932.5                      -0.2648384
                    1935                     -0.26014705
                  1937.5                     -0.25587827
                    1940                     -0.25220654
                  1942.5                     -0.24927486
                    1945                     -0.24718592
                  1947.5                     -0.24599885
                    1950                     -0.24572813
                  1952.5                     -0.24633866
                    1955                     -0.24775121
                  1957.5                     -0.24984909
                    1960                     -0.25247823
                  1962.5                     -0.25546273
                    1965                     -0.25861066
                  1967.5                     -0.26172222
                    1970                     -0.26460774
                  1972.5                     -0.26709186
                    1975                     -0.26902125
                  1977.5                     -0.27028301
                    1980                     -0.27079898
                  1982.5                     -0.27053692
                    1985                     -0.26950815
                  1987.5                     -0.26776948
                    1990                     -0.26541937
                  1992.5                      -0.2625864
                    1995                     -0.25943024
                  1997.5                      -0.2561236
                    2000                     -0.25285185
                  2002.5                     -0.24979416
                    2005                     -0.24712109
                  2007.5                     -0.24497771
                    2010                     -0.24348316
                  2012.5                     -0.24271971
                    2015                     -0.24273084
                  2017.5                     -0.24352102
                    2020                     -0.24504838
                  2022.5                     -0.24723968
                    2025                     -0.24997834
                  2027.5                     -0.25312731
                    2030                     -0.25652483
                  2032.5                     -0.25999739
                    2035                     -0.26337065
                  2037.5                     -0.26647765
                    2040                     -0.26916563
                  2042.5                     -0.27130859
                    2045                     -0.27281098
                  2047.5                      -0.2736124
                    2050                     -0.27369737
                  2052.5                     -0.27308502
                    2055                     -0.27183577
                  2057.5                     -0.27004807
                    2060                     -0.26784471
                  2062.5                     -0.26537418
                    2065                     -0.26279952
                  2067.5                     -0.26028726
                    2070                     -0.25799945
                  2072.5                     -0.25608477
                    2075                     -0.25467137
                  2077.5                     -0.25386067
                    2080                     -0.25371735
                  2082.5                     -0.25427325
                    2085                        -0.25552
                  2087.5                      -0.2574115
                    2090                     -0.25986906
                  2092.5                     -0.26277874
                    2095                     -0.26600798
                  2097.5                     -0.26940482
                    2100                     -0.27280463
                  2102.5                      -0.2760505
                    2105                     -0.27898808
                  2107.5                     -0.28148251
                    2110                     -0.28342394
                  2112.5                     -0.28473323
                    2115                     -0.28536676
                  2117.5                     -0.28531722
                    2120                     -0.28461552
                  2122.5                     -0.28332856
                    2125                     -0.28155598
                  2127.5                     -0.27942006
                    2130                     -0.27706642
                  2132.5                     -0.27464996
                    2135                     -0.27232568
                  2137.5                      -0.2702461
                    2140                     -0.26854651
                  2142.5                     -0.26734065
                    2145                     -0.26671572
                  2147.5                     -0.26672498
                    2150                     -0.26738653
                  2152.5                     -0.26868268
                    2155                     -0.27056067
                  2157.5                      -0.2729358
                    2160                     -0.27569441
                  2162.5                     -0.27870334
                    2165                     -0.28181348
                  2167.5                     -0.28487142
                    2170                     -0.28772505
                  2172.5                     -0.29023368
                    2175                     -0.29227455
                  2177.5                     -0.29375215
                    2180                     -0.29459984
                  2182.5                      -0.2947865
                    2185                     -0.29431865
                  2187.5                     -0.29323675
                    2190                     -0.29161353
                  2192.5                     -0.28955572
                    2195                     -0.28718873
                  2197.5                     -0.28465583
                    2200                     -0.28211058
                  2202.5                     -0.27970129
                    2205                     -0.27757286
                  2207.5                     -0.27585099
                    2210                     -0.27464033
                  2212.5                     -0.27401341
                    2215                     -0.27401373
                  2217.5                     -0.27464792
                    2220                     -0.27588917
                  2222.5                     -0.27767367
                    2225                     -0.27991101
                  2227.5                     -0.28248402
                    2230                     -0.28525597
                  2232.5                     -0.28807869
                    2235                     -0.29080183
                  2237.5                     -0.29327774
                    2240                     -0.29537396
                  2242.5                     -0.29697925
                    2245                     -0.29800426
                  2247.5                     -0.29839728
                    2250                     -0.29813846
                  2252.5                     -0.29724271
                    2255                      -0.2957638
                  2257.5                     -0.29378345
                    2260                     -0.29141382
                  2262.5                      -0.2887861
                    2265                     -0.28604561
                  2267.5                     -0.28334307
                    2270                     -0.28082905
                  2272.5                     -0.27863925
                    2275                     -0.27689392
                  2277.5                     -0.27568761
                    2280                     -0.27508416
                  2282.5                      -0.2751158
                    2285                     -0.27577756
                  2287.5                     -0.27703157
                    2290                     -0.27880486
                  2292.5                     -0.28099917
                    2295                     -0.28348919
                  2297.5                     -0.28613341
                    2300                     -0.28878333
                  2302.5                     -0.29128492
                    2305                     -0.29349762
                  2307.5                     -0.29529205
                    2310                     -0.29656298
                  2312.5                     -0.29723333
                    2315                      -0.2972593
                  2317.5                     -0.29663289
                    2320                     -0.29538284
                  2322.5                     -0.29357093
                    2325                     -0.29129311
                  2327.5                     -0.28866624
                    2330                      -0.2858318
                  2332.5                      -0.2829392
                    2335                     -0.28014197
                  2337.5                      -0.2775888
                    2340                     -0.27541341
                  2342.5                     -0.27373051
                    2345                     -0.27262787
                  2347.5                     -0.27215996
                    2350                     -0.27234786
                  2352.5                     -0.27317398
                    2355                     -0.27459056
                  2357.5                     -0.27651283
                    2360                     -0.27883033
                  2362.5                     -0.28140927
                    2365                     -0.28410186
                  2367.5                     -0.28675048
                    2370                     -0.28920313
                  2372.5                     -0.29131632
                    2375                     -0.29296315
                  2377.5                     -0.29404604
                    2380                     -0.29449434
                  2382.5                     -0.29427525
                    2385                     -0.29339084
                  2387.5                     -0.29188289
                    2390                     -0.28982661
                  2392.5                     -0.28732719
                    2395                     -0.28451697
                  2397.5                     -0.28154244
                    2400                      -0.2785621
                  2402.5                     -0.27573459
                    2405                     -0.27320961
                  2407.5                      -0.2711219
                    2410                     -0.26957928
                  2412.5                     -0.26866431
                    2415                     -0.26842216
                  2417.5                     -0.26886233
                    2420                     -0.26995677
                  2422.5                     -0.27164289
                    2425                     -0.27382236
                  2427.5                     -0.27636993
                    2430                     -0.27914306
                  2432.5                     -0.28197976
                    2435                     -0.28471919
                  2437.5                     -0.28720156
                    2440                     -0.28928185
                  2442.5                     -0.29083572
                    2445                     -0.29176572
                  2447.5                      -0.2920142
                    2450                     -0.29155598
                  2452.5                     -0.29040799
                    2455                     -0.28862283
                  2457.5                     -0.28629386
                    2460                     -0.28353816
                  2462.5                     -0.28050345
                    2465                     -0.27735015
                  2467.5                     -0.27424573
                    2470                     -0.27135591
                  2472.5                     -0.26883476
                    2475                      -0.2668177
                  2477.5                     -0.26540994
                    2480                     -0.26468828
                  2482.5                     -0.26468813
                    2485                     -0.26540871
                  2487.5                     -0.26680631
                    2490                     -0.26880205
                  2492.5                     -0.27128229
                    2495                     -0.27410719
                  2497.5                     -0.27711661
                    2500                     -0.28013775
                  2502.5                     -0.28299669
                    2505                     -0.28552746
                  2507.5                     -0.28757809
                    2510                     -0.28902801
                  2512.5                     -0.28978301
                    2515                      -0.2897906
                  2517.5                     -0.28903827
                    2520                     -0.28755662
                  2522.5                     -0.28541664
                    2525                     -0.28272512
                  2527.5                     -0.27962132
                    2530                     -0.27626757
                  2532.5                     -0.27283981
                    2535                     -0.26951959
                  2537.5                      -0.2664823
                    2540                     -0.26388857
                  2542.5                     -0.26187624
                    2545                     -0.26054915
                  2547.5                     -0.25997371
                    2550                     -0.26018138
                  2552.5                     -0.26115172
                    2555                     -0.26282818
                  2557.5                     -0.26511331
                    2560                     -0.26787278
                  2562.5                     -0.27094733
                    2565                     -0.27415839
                  2567.5                     -0.27731531
                    2570                     -0.28023222
                  2572.5                     -0.28273159
                    2575                     -0.28465688
                  2577.5                     -0.28588439
                    2580                     -0.28632514
                  2582.5                     -0.28593653
                    2585                     -0.28471819
                  2587.5                     -0.28271847
                    2590                     -0.28002672
                  2592.5                     -0.27677237
                    2595                     -0.27311801
                  2597.5                     -0.26924707
                    2600                     -0.26535539
                  2602.5                     -0.26164263
                    2605                     -0.25829662
                  2607.5                     -0.25548878
                    2610                     -0.25335863
                  2612.5                     -0.25201267
                    2615                     -0.25151022
                  2617.5                        -0.25187
                    2620                     -0.25306058
                  2622.5                     -0.25500376
                    2625                     -0.25758098
                  2627.5                     -0.26063801
                    2630                      -0.2639906
                  2632.5                     -0.26743754
                    2635                      -0.2707711
                  2637.5                     -0.27378718
                    2640                     -0.27629492
                  2642.5                     -0.27813472
                    2645                     -0.27917902
                  2647.5                     -0.27934672
                    2650                     -0.27860412
                  2652.5                     -0.27696832
                    2655                     -0.27450666
                  2657.5                     -0.27133675
                    2660                      -0.2676129
                  2662.5                     -0.26352567
                    2665                     -0.25928611
                  2667.5                     -0.25511631
                    2670                     -0.25123544
                  2672.5                     -0.24785194
                    2675                     -0.24514828
                  2677.5                     -0.24327074
                    2680                     -0.24232438
                  2682.5                     -0.24236664
                    2685                     -0.24340042
                  2687.5                     -0.24537604
                    2690                     -0.24819758
                  2692.5                     -0.25171803
                    2695                     -0.25575552
                  2697.5                      -0.2600978
                    2700                     -0.26451632
                  2702.5                     -0.26877665
                    2705                     -0.27265196
                  2707.5                     -0.27593801
                    2710                     -0.27846166
                  2712.5                     -0.28009203
                    2715                     -0.28075099
                  2717.5                     -0.28041545
                    2720                     -0.27911851
                  2722.5                     -0.27695279
                    2725                     -0.27406057
                  2727.5                       -0.270629
                    2730                     -0.26687874
                  2732.5                     -0.26305248
                    2735                      -0.2594019
                  2737.5                     -0.25617081
                    2740                     -0.25359061
                  2742.5                     -0.25185377
                    2745                     -0.25111622
                  2747.5                     -0.25148264
                    2750                     -0.25299969
                  2752.5                     -0.25565455
                    2755                     -0.25937814
                  2757.5                     -0.26404083
                    2760                     -0.26946456
                  2762.5                     -0.27543025
                    2765                     -0.28168842
                  2767.5                     -0.28797172
                    2770                      -0.2940116
                  2772.5                     -0.29955028
                    2775                     -0.30435993
                  2777.5                     -0.30824997
                    2780                     -0.31108234
                  2782.5                     -0.31278105
                    2785                     -0.31333251
                  2787.5                     -0.31279191
                    2790                     -0.31127825
                  2792.5                     -0.30896729
                    2795                     -0.30608759
                  2797.5                     -0.30289817
                    2800                     -0.29968501
                  2802.5                     -0.29673535
                    2805                     -0.29433144
                  2807.5                     -0.29272878
                    2810                     -0.29214552
                  2812.5                     -0.29274536
                    2815                     -0.29463722
                  2817.5                     -0.29785883
                    2820                     -0.30238303
                  2822.5                     -0.30811075
                    2825                     -0.31488163
                  2827.5                     -0.32247647
                    2830                     -0.33063326
                  2832.5                     -0.33905403
                    2835                      -0.3474274
                  2837.5                     -0.35544262
                    2840                     -0.36280416
                  2842.5                     -0.36925239
                    2845                     -0.37457956
                  2847.5                     -0.37863822
                    2850                     -0.38135541
                  2852.5                     -0.38273328
                    2855                     -0.38285427
                  2857.5                     -0.38187433
                    2860                      -0.3800163
                  2862.5                     -0.37755612
                    2865                     -0.37481155
                  2867.5                     -0.37212088
                    2870                     -0.36982441
                  2872.5                     -0.36825037
                    2875                     -0.36769425
                  2877.5                     -0.36840145
                    2880                     -0.37055612
                  2882.5                     -0.37427249
                    2885                     -0.37958458
                  2887.5                     -0.38644299
                    2890                     -0.39472389
                  2892.5                       -0.404226
                    2895                     -0.41468135
                  2897.5                      -0.4257748
                    2900                       -0.437154
                  2902.5                     -0.44844902
                    2905                     -0.45929477
                  2907.5                     -0.46934996
                    2910                     -0.47831833
                  2912.5                     -0.48596423
                    2915                     -0.49212979
                  2917.5                      -0.4967442
                    2920                     -0.49982937
                  2922.5                     -0.50150039
                    2925                     -0.50195948
                  2927.5                     -0.50148899
                    2930                     -0.50042941
                  2932.5                     -0.49916955
                    2935                     -0.49811928
                  2937.5                     -0.49768948
                    2940                     -0.49827093
                  2942.5                     -0.50021686
                    2945                     -0.50381532
                  2947.5                     -0.50928308
                    2950                      -0.5167525
                  2952.5                     -0.52625734
                    2955                     -0.53774206
                  2957.5                     -0.55105172
                    2960                     -0.56594711
                  2962.5                     -0.58211191
                    2965                     -0.59917003
                  2967.5                     -0.61670471
                    2970                     -0.63428124
                  2972.5                     -0.65146984
                    2975                      -0.6678721
                  2977.5                     -0.68314139
                    2980                     -0.69701056
                  2982.5                     -0.70930458
                    2985                     -0.71995023
                  2987.5                     -0.72899296
                    2990                     -0.73658835
                  2992.5                      -0.7429981
                    2995                     -0.74858029
                  2997.5                     -0.75376723
                    3000                     -0.75904333

