        Frequency / MHz                S1,1/abs,dB
----------------------------------------------------------------------
                     500                      -0.2467195
                   502.5                     -0.27705856
                     505                     -0.28976493
                   507.5                     -0.28442028
                     510                     -0.26219165
                   512.5                     -0.22562951
                     515                     -0.17833792
                   517.5                     -0.12454437
                     520                    -0.068679496
                   522.5                    -0.014994779
                     525                     0.032744786
                   527.5                     0.071475481
                     530                      0.09896098
                   532.5                      0.11387594
                     535                      0.11580001
                   537.5                      0.10520087
                     540                     0.083373313
                   542.5                     0.052338343
                     545                     0.014719334
                   547.5                     -0.02643491
                     550                    -0.067846042
                   552.5                      -0.1062511
                     555                      -0.1386648
                   557.5                     -0.16261609
                     560                     -0.17637799
                   562.5                     -0.17910904
                     565                     -0.17091473
                   567.5                     -0.15280834
                     570                      -0.1265834
                   572.5                    -0.094608363
                     575                    -0.059592376
                   577.5                    -0.024336087
                     580                    0.0084915975
                   582.5                     0.036547815
                     585                     0.057952914
                   587.5                     0.071397879
                     590                     0.076193319
                   592.5                     0.072285207
                     595                     0.060239884
                   597.5                      0.04118777
                     600                     0.016745137
                   602.5                    -0.011102324
                     605                    -0.040135538
                   607.5                    -0.068071641
                     610                    -0.092731487
                   612.5                     -0.11222462
                     615                     -0.12510063
                   617.5                     -0.13047391
                     620                     -0.12809611
                   622.5                     -0.11836073
                     625                     -0.10224925
                   627.5                    -0.081232605
                     630                     -0.05711342
                   632.5                     -0.03187043
                     635                   -0.0074876473
                   637.5                     0.014198456
                     640                     0.031626683
                   642.5                     0.043609534
                     645                       0.0493991
                   647.5                     0.048722714
                     650                     0.041784884
                   652.5                     0.029246601
                     655                     0.012166861
                   657.5                   -0.0080665318
                     660                      -0.0298473
                   662.5                     -0.05146329
                     665                    -0.071229605
                   667.5                    -0.087622101
                     670                    -0.099404156
                   672.5                     -0.10572465
                     675                     -0.10619443
                   677.5                     -0.10090592
                     680                    -0.090415818
                   682.5                     -0.07569273
                     685                    -0.058014321
                   687.5                    -0.038852985
                     690                     -0.01975057
                   692.5                   -0.0021970639
                     695                     0.012485416
                   697.5                     0.023229227
                     700                     0.029291726
                   702.5                     0.030294994
                     705                     0.026246739
                   707.5                     0.017527268
                     710                    0.0048636948
                   712.5                    -0.010732585
                     715                    -0.028035135
                   717.5                    -0.045695567
                     720                      -0.0623464
                   722.5                    -0.076711193
                     725                    -0.087702946
                   727.5                    -0.094520348
                     730                    -0.096705403
                   732.5                    -0.094184056
                     735                     -0.08726607
                   737.5                    -0.076611323
                     740                    -0.063166307
                   742.5                    -0.048074286
                     745                    -0.032587289
                   747.5                    -0.017949201
                     750                   -0.0053137573
                   752.5                    0.0043494738
                     755                     0.010315954
                   757.5                     0.012152516
                     760                    0.0097451548
                   762.5                    0.0032992365
                     765                   -0.0066782235
                   767.5                    -0.019417563
                     770                    -0.033943332
                   772.5                    -0.049148781
                     775                    -0.063878789
                   777.5                    -0.077021846
                     780                    -0.087598334
                   782.5                    -0.094837904
                     785                    -0.098249839
                   787.5                    -0.097656551
                     790                    -0.093207639
                   792.5                    -0.085362192
                     795                    -0.074850312
                   797.5                    -0.062596111
                     800                    -0.049651134
                   802.5                    -0.037098146
                     805                    -0.025972446
                   807.5                     -0.01717598
                     810                    -0.011422746
                   812.5                   -0.0091825642
                     815                    -0.010653957
                   817.5                    -0.015754469
                     820                     -0.02412664
                   822.5                    -0.035167322
                     825                    -0.048073854
                   827.5                    -0.061902766
                     830                    -0.075636519
                   832.5                    -0.088275686
                     835                    -0.098902583
                   837.5                     -0.10676966
                     840                      -0.1113533
                   842.5                     -0.11240119
                     845                     -0.10995101
                   847.5                     -0.10432489
                     850                    -0.096101384
                   852.5                     -0.08606133
                     855                    -0.075122715
                   857.5                    -0.064265218
                     860                    -0.054450782
                   862.5                    -0.046548366
                     865                    -0.041275849
                   867.5                     -0.03914242
                     870                    -0.040416686
                   872.5                    -0.045111773
                     875                    -0.052981889
                   877.5                    -0.063543349
                     880                    -0.076109291
                   882.5                    -0.089840555
                     885                     -0.10381058
                   887.5                     -0.11707206
                     890                     -0.12873916
                   892.5                     -0.13805296
                     895                     -0.14444836
                   897.5                     -0.14760496
                     900                     -0.14746452
                   902.5                     -0.14424764
                     905                     -0.13842689
                   907.5                     -0.13068617
                     910                     -0.12186615
                   912.5                     -0.11289386
                     915                     -0.10470717
                   917.5                     -0.09818273
                     920                    -0.094071701
                   922.5                    -0.092944244
                     925                    -0.095147343
                   927.5                     -0.10078396
                     930                     -0.10970617
                   932.5                     -0.12152012
                     935                     -0.13562178
                   937.5                     -0.15123561
                     940                     -0.16747149
                   942.5                     -0.18339544
                     945                     -0.19810173
                   947.5                     -0.21078721
                     950                     -0.22081566
                   952.5                     -0.22778146
                     955                     -0.23153769
                   957.5                     -0.23221319
                     960                     -0.23021095
                   962.5                     -0.22616192
                     965                     -0.22088944
                   967.5                     -0.21533037
                     970                      -0.2104698
                   972.5                     -0.20726212
                     975                     -0.20656209
                   977.5                     -0.20905773
                     980                     -0.21523331
                   982.5                     -0.22532251
                     985                     -0.23929956
                   987.5                     -0.25687939
                     990                     -0.27753574
                   992.5                     -0.30053989
                     995                     -0.32501134
                   997.5                     -0.34998792
                    1000                     -0.37449496
                  1002.5                     -0.39763285
                    1005                     -0.41865372
                  1007.5                     -0.43703007
                    1010                     -0.45250904
                  1012.5                     -0.46514079
                    1015                     -0.47529277
                  1017.5                      -0.4836198
                    1020                     -0.49103045
                  1022.5                     -0.49861818
                    1025                     -0.50758415
                  1027.5                     -0.51915977
                    1030                     -0.53452304
                  1032.5                     -0.55472449
                    1035                     -0.58062301
                  1037.5                      -0.6128402
                    1040                     -0.65172155
                  1042.5                     -0.69733547
                    1045                     -0.74946391
                  1047.5                     -0.80763894
                    1050                      -0.8711846
                  1052.5                     -0.93928446
                    1055                      -1.0110594
                  1057.5                      -1.0856667
                    1060                      -1.1624014
                  1062.5                      -1.2408016
                    1065                      -1.3207404
                  1067.5                      -1.4025079
                    1070                      -1.4868605
                  1072.5                      -1.5750434
                    1075                      -1.6687815
                  1077.5                      -1.7702433
                    1080                      -1.8819706
                  1082.5                      -2.0068003
                    1085                      -2.1477705
                  1087.5                      -2.3080228
                    1090                      -2.4906986
                  1092.5                      -2.6988367
                    1095                      -2.9352609
                  1097.5                      -3.2024432
                    1100                      -3.5023357
                  1102.5                      -3.8361305
                    1105                      -4.2039378
                  1107.5                      -4.6043058
                    1110                      -5.0335682
                  1112.5                      -5.4849734
                    1115                      -5.9476037
                  1117.5                      -6.4052695
                    1120                      -6.8357713
                  1122.5                       -7.211328
                    1125                      -7.5011504
                  1127.5                      -7.6767447
                    1130                      -7.7189518
                  1132.5                      -7.6237559
                    1135                       -7.403581
                  1137.5                      -7.0832552
                    1140                      -6.6930774
                  1142.5                      -6.2624828
                    1145                      -5.8161835
                  1147.5                      -5.3728975
                    1150                      -4.9456467
                  1152.5                      -4.5427854
                    1155                      -4.1691267
                  1157.5                      -3.8269256
                    1160                      -3.5166405
                  1162.5                      -3.2375029
                    1165                      -2.9879082
                  1167.5                      -2.7657025
                    1170                      -2.5683891
                  1172.5                      -2.3932865
                    1175                      -2.2376323
                  1177.5                      -2.0987029
                    1180                      -1.9738792
                  1182.5                      -1.8607397
                    1185                      -1.7571054
                  1187.5                      -1.6611039
                    1190                       -1.571196
                  1192.5                      -1.4861981
                    1195                       -1.405269
                  1197.5                      -1.3278998
                    1200                      -1.2538602
                  1202.5                      -1.1831552
                    1205                      -1.1159629
                  1207.5                      -1.0525571
                    1210                     -0.99325927
                  1212.5                     -0.93836613
                    1215                     -0.88810874
                  1217.5                     -0.84261215
                    1220                     -0.80186996
                  1222.5                      -0.7657358
                    1225                     -0.73391991
                  1227.5                     -0.70600528
                    1230                     -0.68147336
                  1232.5                     -0.65972417
                    1235                     -0.64012406
                  1237.5                     -0.62203825
                    1240                     -0.60487356
                  1242.5                     -0.58810602
                    1245                     -0.57132298
                  1247.5                     -0.55422828
                    1250                     -0.53666622
                  1252.5                     -0.51861231
                    1255                     -0.50016685
                  1257.5                     -0.48153337
                    1260                     -0.46299223
                  1262.5                     -0.44486753
                    1265                      -0.4274988
                  1267.5                     -0.41119859
                    1270                     -0.39623784
                  1272.5                     -0.38281137
                    1275                     -0.37103081
                  1277.5                     -0.36091184
                    1280                     -0.35237381
                  1282.5                     -0.34525294
                    1285                     -0.33930918
                  1287.5                      -0.3342504
                    1290                     -0.32975889
                  1292.5                      -0.3255087
                    1295                     -0.32119952
                  1297.5                     -0.31657423
                    1300                     -0.31144002
                  1302.5                     -0.30567921
                    1305                     -0.29925629
                  1307.5                     -0.29222259
                    1310                     -0.28469705
                  1312.5                     -0.27686145
                    1315                     -0.26894134
                  1317.5                      -0.2611776
                    1320                     -0.25381552
                  1322.5                     -0.24707195
                    1325                     -0.24112412
                  1327.5                     -0.23609199
                    1330                      -0.2320311
                  1332.5                     -0.22892763
                    1335                     -0.22669835
                  1337.5                     -0.22520288
                    1340                      -0.2242506
                  1342.5                     -0.22362167
                    1345                     -0.22308444
                  1347.5                     -0.22241514
                    1350                     -0.22141228
                  1352.5                     -0.21992317
                    1355                     -0.21784332
                  1357.5                     -0.21513455
                    1360                      -0.2118244
                  1362.5                     -0.20799868
                    1365                     -0.20379815
                  1367.5                     -0.19940318
                    1370                     -0.19501478
                  1372.5                     -0.19084148
                    1375                     -0.18707854
                  1377.5                     -0.18389079
                    1380                     -0.18140003
                  1382.5                     -0.17967381
                    1385                     -0.17871974
                  1387.5                     -0.17848784
                    1390                     -0.17887076
                  1392.5                     -0.17971405
                    1395                     -0.18083178
                  1397.5                     -0.18201993
                    1400                      -0.1830737
                  1402.5                     -0.18380728
                    1405                     -0.18406595
                  1407.5                     -0.18374456
                    1410                      -0.1827896
                  1412.5                     -0.18121308
                    1415                     -0.17908119
                  1417.5                      -0.1765178
                    1420                     -0.17368847
                  1422.5                     -0.17078755
                    1425                     -0.16802109
                  1427.5                     -0.16559048
                    1430                     -0.16367506
                  1432.5                     -0.16241639
                    1435                     -0.16190523
                  1437.5                     -0.16217708
                    1440                       -0.163203
                  1442.5                     -0.16489854
                    1445                     -0.16712524
                  1447.5                     -0.16970437
                    1450                     -0.17242933
                  1452.5                      -0.1750864
                    1455                     -0.17746657
                  1457.5                     -0.17939066
                    1460                     -0.18072127
                  1462.5                      -0.1813734
                    1465                     -0.18132662
                  1467.5                     -0.18062416
                    1470                     -0.17937121
                  1472.5                     -0.17772637
                    1475                     -0.17588994
                  1477.5                      -0.1740871
                    1480                     -0.17254797
                  1482.5                     -0.17148883
                    1485                     -0.17109667
                  1487.5                     -0.17151016
                    1490                     -0.17280899
                  1492.5                     -0.17500782
                    1495                      -0.1780521
                  1497.5                     -0.18182394
                    1500                     -0.18614595
                  1502.5                     -0.19080296
                    1505                     -0.19555162
                  1507.5                     -0.20014578
                    1510                     -0.20435234
                  1512.5                     -0.20797573
                    1515                     -0.21087385
                  1517.5                     -0.21296859
                    1520                     -0.21426039
                  1522.5                     -0.21482068
                    1525                     -0.21479767
                  1527.5                     -0.21439794
                    1530                     -0.21387521
                  1532.5                     -0.21350589
                    1535                     -0.21357412
                  1537.5                     -0.21433917
                    1540                     -0.21602578
                  1542.5                     -0.21879297
                    1545                     -0.22273436
                  1547.5                     -0.22785625
                    1550                     -0.23408613
                  1552.5                     -0.24127016
                    1555                     -0.24918981
                  1557.5                     -0.25757539
                    1560                     -0.26612529
                  1562.5                     -0.27453757
                    1565                     -0.28252813
                  1567.5                     -0.28986141
                    1570                     -0.29637019
                  1572.5                     -0.30197126
                    1575                     -0.30667834
                  1577.5                     -0.31060516
                    1580                     -0.31395645
                  1582.5                     -0.31701671
                    1585                     -0.32013385
                  1587.5                     -0.32368591
                    1590                     -0.32806055
                  1592.5                     -0.33362182
                    1595                     -0.34067903
                  1597.5                     -0.34947426
                    1600                      -0.3601494
                  1602.5                     -0.37274387
                    1605                     -0.38718868
                  1607.5                     -0.40330704
                    1610                     -0.42083166
                  1612.5                     -0.43942546
                    1615                     -0.45870949
                  1617.5                     -0.47829242
                    1620                      -0.4978129
                  1622.5                     -0.51696815
                    1625                     -0.53555342
                  1627.5                     -0.55348506
                    1630                     -0.57081862
                  1632.5                     -0.58776266
                    1635                     -0.60466572
                  1637.5                     -0.62200811
                    1640                     -0.64037664
                  1642.5                     -0.66043261
                    1645                     -0.68286619
                  1647.5                     -0.70836315
                    1650                     -0.73756207
                  1652.5                     -0.77101785
                    1655                     -0.80917249
                  1657.5                     -0.85233552
                    1660                     -0.90067061
                  1662.5                     -0.95420197
                    1665                      -1.0128289
                  1667.5                      -1.0763499
                    1670                      -1.1445114
                  1672.5                       -1.217056
                    1675                      -1.2937868
                  1677.5                      -1.3746403
                    1680                      -1.4597516
                  1682.5                      -1.5495275
                    1685                      -1.6447108
                  1687.5                      -1.7464192
                    1690                      -1.8561973
                  1692.5                      -1.9760235
                    1695                      -2.1083261
                  1697.5                      -2.2559776
                    1700                      -2.4222883
                  1702.5                      -2.6110045
                    1705                      -2.8263113
                  1707.5                      -3.0728602
                    1710                      -3.3558258
                  1712.5                      -3.6809975
                    1715                      -4.0549351
                  1717.5                       -4.485193
                    1720                      -4.9806683
                  1722.5                      -5.5520967
                    1725                      -6.2128189
                  1727.5                      -6.9799503
                    1730                       -7.876254
                  1732.5                       -8.933294
                    1735                      -10.197043
                  1737.5                      -11.738674
                    1740                        -13.6775
                  1742.5                      -16.236753
                    1745                      -19.906281
                  1747.5                      -25.981656
                    1750                       -30.51075
                  1752.5                      -22.723107
                    1755                      -18.030384
                  1757.5                      -14.978924
                    1760                      -12.756598
                  1762.5                      -11.031572
                    1765                       -9.639708
                  1767.5                      -8.4882146
                    1770                      -7.5194618
                  1772.5                      -6.6950661
                    1775                      -5.9880059
                  1777.5                      -5.3783819
                    1780                      -4.8509488
                  1782.5                      -4.3936239
                    1785                      -3.9965314
                  1787.5                      -3.6513792
                    1790                      -3.3510452
                  1792.5                      -3.0892918
                    1795                      -2.8605858
                  1797.5                      -2.6599781
                    1800                      -2.4830313
                  1802.5                      -2.3257867
                    1805                      -2.1847489
                  1807.5                      -2.0568875
                    1810                      -1.9396394
                  1812.5                      -1.8309129
                    1815                      -1.7290756
                  1817.5                      -1.6329389
                    1820                      -1.5417118
                  1822.5                      -1.4549595
                    1825                      -1.3725338
                  1827.5                      -1.2945009
                    1830                      -1.2210696
                  1832.5                      -1.1525168
                    1835                      -1.0891224
                  1837.5                      -1.0311076
                    1840                     -0.97859868
                  1842.5                     -0.93158866
                    1845                     -0.88991905
                  1847.5                     -0.85328637
                    1850                     -0.82123546
                  1852.5                     -0.79319307
                    1855                     -0.76849021
                  1857.5                     -0.74640353
                    1860                     -0.72619208
                  1862.5                     -0.70714655
                    1865                     -0.68862489
                  1867.5                     -0.67009356
                    1870                     -0.65115156
                  1872.5                     -0.63155382
                    1875                     -0.61121375
                  1877.5                     -0.59019463
                    1880                     -0.56870061
                  1882.5                      -0.5470385
                    1885                     -0.52559569
                  1887.5                     -0.50479282
                    1890                     -0.48505013
                  1892.5                     -0.46674688
                    1895                     -0.45019816
                  1897.5                     -0.43562046
                    1900                     -0.42312109
                  1902.5                     -0.41269212
                    1905                     -0.40420595
                  1907.5                     -0.39743039
                    1910                     -0.39204526
                  1912.5                     -0.38766602
                    1915                     -0.38387341
                  1917.5                     -0.38024413
                    1920                     -0.37638234
                  1922.5                     -0.37194761
                    1925                     -0.36667943
                  1927.5                     -0.36041417
                    1930                     -0.35309876
                  1932.5                     -0.34478359
                    1935                     -0.33562044
                  1937.5                     -0.32584383
                    1940                     -0.31575254
                  1942.5                     -0.30567922
                    1945                     -0.29596534
                  1947.5                     -0.28693029
                    1950                     -0.27885178
                  1952.5                     -0.27193931
                    1955                     -0.26632117
                  1957.5                     -0.26203598
                    1960                      -0.2590306
                  1962.5                     -0.25716673
                    1965                     -0.25623034
                  1967.5                     -0.25594956
                    1970                     -0.25601675
                  1972.5                     -0.25611493
                    1975                       -0.255935
                  1977.5                     -0.25520895
                    1980                     -0.25372235
                  1982.5                     -0.25133591
                    1985                     -0.24799013
                  1987.5                     -0.24371381
                    1990                     -0.23861574
                  1992.5                     -0.23287528
                    1995                      -0.2267267
                  1997.5                     -0.22044103
                    2000                     -0.21429989
                  2002.5                     -0.20857395
                    2005                     -0.20350659
                  2007.5                     -0.19928746
                    2010                     -0.19604506
                  2012.5                     -0.19383006
                    2015                     -0.19262296
                  2017.5                     -0.19232736
                    2020                     -0.19278062
                  2022.5                     -0.19377156
                    2025                     -0.19504856
                  2027.5                     -0.19634815
                    2030                     -0.19741238
                  2032.5                      -0.1980075
                    2035                     -0.19794419
                  2037.5                     -0.19708863
                    2040                     -0.19538111
                  2042.5                     -0.19282989
                    2045                     -0.18951454
                  2047.5                     -0.18557698
                    2050                     -0.18121179
                  2052.5                     -0.17664712
                    2055                     -0.17212474
                  2057.5                     -0.16788627
                    2060                     -0.16414708
                  2062.5                     -0.16108516
                    2065                     -0.15882368
                  2067.5                     -0.15742523
                    2070                     -0.15688609
                  2072.5                     -0.15713494
                    2075                     -0.15804628
                  2077.5                     -0.15943886
                    2080                     -0.16110169
                  2082.5                       -0.162805
                    2085                     -0.16431891
                  2087.5                     -0.16543072
                    2090                     -0.16596684
                  2092.5                     -0.16580089
                    2095                     -0.16486399
                  2097.5                     -0.16315251
                    2100                     -0.16072658
                  2102.5                     -0.15770162
                    2105                     -0.15424508
                  2107.5                     -0.15055748
                    2110                     -0.14685567
                  2112.5                     -0.14335673
                    2115                     -0.14026222
                  2117.5                     -0.13774133
                    2120                     -0.13591654
                  2122.5                     -0.13485721
                    2125                     -0.13457121
                  2127.5                     -0.13500811
                    2130                     -0.13605999
                  2132.5                     -0.13757395
                    2135                     -0.13936308
                  2137.5                     -0.14121843
                    2140                     -0.14292936
                  2142.5                     -0.14429793
                    2145                     -0.14515766
                  2147.5                     -0.14538332
                    2150                     -0.14489978
                  2152.5                     -0.14369389
                    2155                     -0.14180841
                  2157.5                     -0.13934268
                    2160                     -0.13644222
                  2162.5                     -0.13328636
                    2165                     -0.13007455
                  2167.5                     -0.12701134
                    2170                     -0.12428681
                  2172.5                     -0.12206527
                    2175                     -0.12047009
                  2177.5                      -0.1195761
                    2180                      -0.1194015
                  2182.5                     -0.11990999
                    2185                      -0.1210103
                  2187.5                     -0.12256757
                    2190                     -0.12440999
                  2192.5                     -0.12634463
                    2195                     -0.12817303
                  2197.5                     -0.12970578
                    2200                     -0.13078006
                  2202.5                      -0.1312656
                    2205                     -0.13108645
                  2207.5                     -0.13021766
                    2210                     -0.12868974
                  2212.5                     -0.12658524
                    2215                     -0.12404005
                  2217.5                     -0.12121392
                    2220                     -0.11829694
                  2222.5                     -0.11548348
                    2225                     -0.11296014
                  2227.5                     -0.11088765
                    2230                     -0.10939369
                  2232.5                     -0.10855715
                    2235                     -0.10840928
                  2237.5                      -0.1089242
                    2240                     -0.11002324
                  2242.5                     -0.11158366
                    2245                     -0.11344868
                  2247.5                      -0.1154333
                    2250                     -0.11734796
                  2252.5                     -0.11900595
                    2255                     -0.12024562
                  2257.5                     -0.12093369
                    2260                     -0.12098845
                  2262.5                     -0.12037359
                    2265                     -0.11910937
                  2267.5                     -0.11726951
                    2270                     -0.11497148
                  2272.5                     -0.11237121
                    2275                     -0.10964901
                  2277.5                     -0.10699418
                    2280                     -0.10459047
                  2282.5                     -0.10259982
                    2285                     -0.10115496
                  2287.5                      -0.1003439
                    2290                     -0.10020292
                  2292.5                       -0.100718
                    2295                     -0.10182325
                  2297.5                     -0.10340596
                    2300                     -0.10531421
                  2302.5                     -0.10737266
                    2305                     -0.10939502
                  2307.5                       -0.111195
                    2310                     -0.11260684
                  2312.5                     -0.11349404
                    2315                     -0.11376455
                  2317.5                     -0.11337423
                    2320                     -0.11233415
                  2322.5                     -0.11070429
                    2325                      -0.1085958
                  2327.5                     -0.10615783
                    2330                     -0.10356357
                  2332.5                     -0.10100081
                    2335                    -0.098655492
                  2337.5                    -0.096692118
                    2340                    -0.095250158
                  2342.5                    -0.094425695
                    2345                     -0.09426622
                  2347.5                    -0.094766482
                    2350                    -0.095869864
                  2352.5                    -0.097471573
                    2355                    -0.099426463
                  2357.5                     -0.10156386
                    2360                      -0.1036963
                  2362.5                     -0.10563521
                    2365                     -0.10721254
                  2367.5                     -0.10828186
                    2370                     -0.10874211
                  2372.5                     -0.10854092
                    2375                     -0.10767774
                  2377.5                      -0.1062051
                    2380                     -0.10422556
                  2382.5                     -0.10188354
                    2385                    -0.099350016
                  2387.5                    -0.096813732
                    2390                    -0.094462959
                  2392.5                    -0.092473263
                    2395                    -0.090988662
                  2397.5                    -0.090116573
                    2400                    -0.089913511
                  2402.5                    -0.090386711
                    2405                    -0.091486019
                  2407.5                     -0.09311532
                    2410                    -0.095132148
                  2412.5                    -0.097368263
                    2415                    -0.099633768
                  2417.5                     -0.10173623
                    2420                     -0.10349674
                  2422.5                     -0.10476329
                    2425                     -0.10542189
                  2427.5                     -0.10540871
                    2430                     -0.10471322
                  2432.5                     -0.10338034
                    2435                     -0.10150526
                  2437.5                    -0.099228382
                    2440                    -0.096721685
                  2442.5                    -0.094177054
                    2445                    -0.091789356
                  2447.5                    -0.089740894
                    2450                    -0.088189258
                  2452.5                    -0.087251967
                    2455                    -0.086998678
                  2457.5                    -0.087443512
                    2460                    -0.088548585
                  2462.5                    -0.090221332
                    2465                    -0.092324448
                  2467.5                    -0.094686133
                    2470                    -0.097112064
                  2472.5                    -0.099404041
                    2475                     -0.10137153
                  2477.5                     -0.10285131
                    2480                     -0.10371508
                  2482.5                     -0.10388779
                    2485                     -0.10334656
                  2487.5                     -0.10212731
                    2490                     -0.10032119
                  2492.5                    -0.098065667
                    2495                    -0.095535648
                  2497.5                    -0.092927854
                    2500                     -0.09044637
                  2502.5                    -0.088286127
                    2505                    -0.086618255
                  2507.5                    -0.085571858
                    2510                    -0.085231514
                  2512.5                    -0.085625083
                    2515                    -0.086720172
                  2517.5                    -0.088431937
                    2520                     -0.09062513
                  2522.5                    -0.093122579
                    2525                    -0.095725892
                  2527.5                    -0.098224432
                    2530                     -0.10041654
                  2532.5                     -0.10212215
                    2535                     -0.10320042
                  2537.5                      -0.1035592
                    2540                     -0.10316469
                  2542.5                     -0.10204365
                    2545                     -0.10028047
                  2547.5                    -0.098012064
                    2550                    -0.095418342
                  2552.5                    -0.092704396
                    2555                    -0.090086591
                  2557.5                    -0.087772209
                    2560                    -0.085950333
                  2562.5                    -0.084768738
                    2565                     -0.08432564
                  2567.5                    -0.084661804
                    2570                     -0.08575456
                  2572.5                    -0.087524451
                    2575                    -0.089836816
                  2577.5                    -0.092509045
                    2580                    -0.095336043
                  2582.5                    -0.098091911
                    2585                     -0.10055784
                  2587.5                     -0.10253657
                    2590                     -0.10386893
                  2592.5                     -0.10444511
                    2595                     -0.10421593
                  2597.5                     -0.10319853
                    2600                     -0.10147215
                  2602.5                    -0.099173283
                    2605                    -0.096487286
                  2607.5                     -0.09362845
                    2610                    -0.090829807
                  2612.5                    -0.088319731
                    2615                    -0.086302862
                  2617.5                    -0.084948361
                    2620                    -0.084372863
                  2622.5                    -0.084631952
                    2625                    -0.085715278
                  2627.5                    -0.087548648
                    2630                    -0.089995491
                  2632.5                    -0.092871105
                    2635                    -0.095952906
                  2637.5                     -0.09900326
                    2640                     -0.10178121
                  2642.5                     -0.10406665
                    2645                     -0.10567862
                  2647.5                     -0.10648657
                    2650                     -0.10642713
                  2652.5                     -0.10550104
                    2655                     -0.10378425
                  2657.5                     -0.10141348
                    2660                    -0.098581639
                  2662.5                    -0.095518455
                    2665                    -0.092473844
                  2667.5                    -0.089697767
                    2670                     -0.08742161
                  2672.5                    -0.085836938
                    2675                    -0.085084291
                  2677.5                      -0.0852357
                    2680                    -0.086297236
                  2682.5                    -0.088197297
                    2685                    -0.090801758
                  2687.5                    -0.093914936
                    2690                    -0.097303843
                  2692.5                     -0.10070686
                    2695                     -0.10386093
                  2697.5                     -0.10651931
                    2700                     -0.10847111
                  2702.5                     -0.10956496
                    2705                     -0.10971111
                  2707.5                     -0.10890323
                    2710                     -0.10720419
                  2712.5                      -0.1047561
                    2715                     -0.10175674
                  2717.5                    -0.098455576
                    2720                    -0.095124408
                  2722.5                    -0.092041718
                    2725                     -0.08946627
                  2727.5                    -0.087619951
                    2730                    -0.086668475
                  2732.5                    -0.086708955
                    2735                    -0.087759775
                  2737.5                    -0.089759393
                    2740                    -0.092572422
                  2742.5                     -0.09599527
                    2745                    -0.099774103
                  2747.5                     -0.10362259
                    2750                     -0.10725123
                  2752.5                     -0.11037587
                    2755                     -0.11275676
                  2757.5                     -0.11421043
                    2760                     -0.11462261
                  2762.5                     -0.11396713
                    2765                     -0.11229994
                  2767.5                     -0.10976288
                    2770                     -0.10656625
                  2772.5                     -0.10297751
                    2775                    -0.099298837
                  2777.5                    -0.095839673
                    2780                    -0.092895241
                  2782.5                    -0.090723503
                    2785                    -0.089524639
                  2787.5                    -0.089419392
                    2790                    -0.090450292
                  2792.5                    -0.092563119
                    2795                    -0.095622615
                  2797.5                    -0.099413439
                    2800                     -0.10366361
                  2802.5                     -0.10805698
                    2805                     -0.11226368
                  2807.5                     -0.11596599
                    2810                     -0.11888095
                  2812.5                     -0.12078737
                    2815                     -0.12154237
                  2817.5                     -0.12109409
                    2820                     -0.11949036
                  2822.5                     -0.11687169
                    2825                     -0.11346268
                  2827.5                     -0.10955478
                    2830                     -0.10548172
                  2832.5                     -0.10159535
                    2835                    -0.098234392
                  2837.5                    -0.095700904
                    2840                    -0.094234072
                  2842.5                    -0.093992667
                    2845                    -0.095038479
                  2847.5                     -0.09733396
                    2850                     -0.10074431
                  2852.5                     -0.10504189
                    2855                      -0.1099286
                  2857.5                     -0.11505367
                    2860                     -0.12004348
                  2862.5                     -0.12453276
                    2865                     -0.12818638
                  2867.5                     -0.13073682
                    2870                     -0.13200251
                  2872.5                     -0.13190407
                    2875                     -0.13047195
                  2877.5                     -0.12784501
                    2880                     -0.12426436
                  2882.5                      -0.1200478
                    2885                      -0.1155708
                  2887.5                      -0.1112316
                    2890                     -0.10742421
                  2892.5                     -0.10450381
                    2895                     -0.10276143
                  2897.5                     -0.10239555
                    2900                     -0.10350067
                  2902.5                     -0.10605913
                    2905                     -0.10993411
                  2907.5                     -0.11488626
                    2910                     -0.12058889
                  2912.5                     -0.12664745
                    2915                     -0.13263558
                  2917.5                     -0.13812605
                    2920                     -0.14272493
                  2922.5                     -0.14610537
                    2925                     -0.14803531
                  2927.5                     -0.14839633
                    2930                     -0.14720045
                  2932.5                     -0.14458261
                    2935                     -0.14079769
                  2937.5                     -0.13620009
                    2940                     -0.13121187
                  2942.5                     -0.12629114
                    2945                     -0.12189817
                  2947.5                     -0.11845489
                    2950                     -0.11631509
                  2952.5                     -0.11573145
                    2955                     -0.11684037
                  2957.5                     -0.11964579
                    2960                     -0.12401834
                  2962.5                     -0.12970222
                    2965                     -0.13633657
                  2967.5                     -0.14347564
                    2970                     -0.15062847
                  2972.5                     -0.15729483
                    2975                     -0.16300179
                  2977.5                     -0.16735128
                    2980                     -0.17004445
                  2982.5                     -0.17091705
                    2985                     -0.16994836
                  2987.5                     -0.16726956
                    2990                     -0.16315291
                  2992.5                     -0.15798895
                    2995                      -0.1522611
                  2997.5                     -0.14649918
                    3000                     -0.14124688

