        Frequency / MHz                S1,1/abs,dB
----------------------------------------------------------------------
                     500                   0.00097806079
                   502.5                     0.073840517
                     505                      0.11942834
                   507.5                       0.1403723
                     510                      0.13935763
                   512.5                      0.11915777
                     515                      0.08265331
                   517.5                     0.032840945
                     520                    -0.027168444
                   522.5                    -0.094181517
                     525                     -0.16495281
                   527.5                     -0.23626803
                     530                     -0.30500717
                   532.5                     -0.36826967
                     535                     -0.42347093
                   537.5                     -0.46846108
                     540                     -0.50161977
                   542.5                     -0.52192328
                     545                     -0.52898531
                   547.5                     -0.52305048
                     550                     -0.50493772
                   552.5                     -0.47596293
                     555                     -0.43782707
                   557.5                     -0.39249361
                     560                     -0.34206513
                   562.5                     -0.28867272
                     565                     -0.23436976
                   567.5                     -0.18106339
                     570                     -0.13045411
                   572.5                    -0.083996492
                     575                    -0.042876763
                   577.5                   -0.0080093043
                     580                     0.019973926
                   582.5                     0.040705517
                     585                     0.054069385
                   587.5                     0.060195038
                     590                     0.059422959
                   592.5                      0.05229296
                     595                     0.039518278
                   597.5                     0.021955462
                     600                   0.00058160375
                   602.5                    -0.023550999
                     605                    -0.049333172
                   607.5                    -0.075649958
                     610                     -0.10141006
                   612.5                      -0.1255894
                     615                     -0.14726493
                   617.5                     -0.16565465
                     620                     -0.18013586
                   622.5                     -0.19027034
                     625                     -0.19582016
                   627.5                     -0.19674259
                     630                     -0.19318734
                   632.5                     -0.18548054
                     635                      -0.1740972
                   637.5                     -0.15963146
                     640                     -0.14277007
                   642.5                     -0.12425004
                     645                     -0.10483072
                   647.5                    -0.085253931
                     650                    -0.066230665
                   652.5                    -0.048398747
                     655                    -0.032320829
                   657.5                    -0.018461217
                     660                   -0.0071718493
                   662.5                    0.0012993668
                     665                    0.0068181795
                   667.5                    0.0093694811
                     670                    0.0090320474
                   672.5                    0.0059885958
                     675                   0.00050907242
                   677.5                   -0.0070685872
                     680                    -0.016343933
                   682.5                    -0.026872924
                     685                    -0.038188802
                   687.5                    -0.049811384
                     690                    -0.061276391
                   692.5                    -0.072138873
                     695                    -0.082000307
                   697.5                     -0.09051733
                     700                    -0.097410441
                   702.5                     -0.10247722
                     705                     -0.10559401
                   707.5                     -0.10672003
                     710                     -0.10589262
                   712.5                     -0.10322364
                     715                    -0.098889996
                   717.5                    -0.093125044
                     720                    -0.086205935
                   722.5                    -0.078437432
                     725                    -0.070142813
                   727.5                    -0.061648592
                     730                    -0.053271086
                   732.5                    -0.045306626
                     735                    -0.038021355
                   737.5                    -0.031641742
                     740                    -0.026351884
                   742.5                     -0.02228764
                     745                    -0.019532316
                   747.5                    -0.018122629
                     750                    -0.018040627
                   752.5                    -0.019227575
                     755                    -0.021578662
                   757.5                    -0.024956707
                     760                    -0.029189543
                   762.5                    -0.034087888
                     765                    -0.039444686
                   767.5                    -0.045047322
                     770                    -0.050683318
                   772.5                    -0.056150181
                     775                    -0.061259362
                   777.5                    -0.065844723
                     780                    -0.069766404
                   782.5                    -0.072917514
                     785                     -0.07522153
                   787.5                    -0.076638281
                     790                    -0.077161001
                   792.5                    -0.076816131
                     795                    -0.075661797
                   797.5                    -0.073779225
                     800                    -0.071275726
                   802.5                    -0.068273774
                     805                    -0.064907759
                   807.5                    -0.061319107
                     810                    -0.057650259
                   812.5                    -0.054038778
                     815                    -0.050615246
                   817.5                    -0.047496341
                     820                    -0.044783333
                   822.5                    -0.042559384
                     825                    -0.040888478
                   827.5                     -0.03981049
                     830                     -0.03934868
                   832.5                    -0.039501022
                     835                     -0.04024917
                   837.5                     -0.04155371
                     840                    -0.043362275
                   842.5                    -0.045606928
                     845                    -0.048210647
                   847.5                    -0.051088003
                     850                    -0.054148542
                   852.5                    -0.057301135
                     855                    -0.060456583
                   857.5                     -0.06352929
                     860                     -0.06643877
                   862.5                    -0.069116753
                     865                    -0.071501171
                   867.5                    -0.073545109
                     870                    -0.075213201
                   872.5                    -0.076483242
                     875                     -0.07734765
                   877.5                    -0.077808976
                     880                    -0.077885958
                   882.5                    -0.077605279
                     885                    -0.077006469
                   887.5                    -0.076135691
                     890                     -0.07504547
                   892.5                    -0.073797682
                     895                    -0.072452744
                   897.5                     -0.07107583
                     900                    -0.069730278
                   902.5                    -0.068479718
                     905                    -0.067380901
                   907.5                    -0.066488519
                     910                    -0.065851386
                   912.5                    -0.065508374
                     915                    -0.065492762
                   917.5                    -0.065827575
                     920                    -0.066527386
                   922.5                    -0.067595591
                     925                    -0.069026728
                   927.5                    -0.070805923
                     930                    -0.072909398
                   932.5                    -0.075303969
                     935                    -0.077947699
                   937.5                    -0.080794411
                     940                    -0.083789746
                   942.5                    -0.086878271
                     945                    -0.089998473
                   947.5                    -0.093092838
                     950                    -0.096098253
                   952.5                    -0.098960678
                     955                     -0.10162571
                   957.5                     -0.10404848
                     960                     -0.10619024
                   962.5                     -0.10801995
                     965                      -0.1095221
                   967.5                     -0.11068628
                     970                     -0.11151635
                   972.5                     -0.11202936
                     975                     -0.11225346
                   977.5                     -0.11222667
                     980                     -0.11199924
                   982.5                     -0.11162942
                     985                     -0.11118231
                   987.5                     -0.11072903
                     990                     -0.11034392
                   992.5                     -0.11010158
                     995                     -0.11007526
                   997.5                     -0.11033494
                    1000                     -0.11094304
                  1002.5                     -0.11195325
                    1005                     -0.11341005
                  1007.5                     -0.11534264
                    1010                     -0.11776897
                  1012.5                     -0.12069227
                    1015                      -0.1240987
                  1017.5                     -0.12796187
                    1020                     -0.13224065
                  1022.5                     -0.13687606
                    1025                      -0.1418058
                  1027.5                     -0.14695071
                    1030                     -0.15222688
                  1032.5                     -0.15754521
                    1035                     -0.16282038
                  1037.5                     -0.16796159
                    1040                     -0.17289031
                  1042.5                     -0.17753232
                    1045                      -0.1818269
                  1047.5                       -0.185728
                    1050                     -0.18920506
                  1052.5                     -0.19224611
                    1055                     -0.19486091
                  1057.5                     -0.19707595
                    1060                     -0.19893944
                  1062.5                      -0.2005144
                    1065                     -0.20188429
                  1067.5                     -0.20314432
                    1070                     -0.20440121
                  1072.5                     -0.20576591
                    1075                      -0.2073584
                  1077.5                     -0.20929348
                    1080                     -0.21168508
                  1082.5                     -0.21463439
                    1085                     -0.21823408
                  1087.5                     -0.22255811
                    1090                     -0.22766503
                  1092.5                     -0.23359113
                    1095                     -0.24035158
                  1097.5                     -0.24793681
                    1100                     -0.25631474
                  1102.5                     -0.26543479
                    1105                     -0.27521974
                  1107.5                     -0.28558023
                    1110                     -0.29640852
                  1112.5                     -0.30758644
                    1115                      -0.3189928
                  1117.5                     -0.33050034
                    1120                     -0.34198736
                  1122.5                     -0.35334139
                    1125                     -0.36446387
                  1127.5                     -0.37527391
                    1130                      -0.3857131
                  1132.5                     -0.39575012
                    1135                     -0.40538239
                  1137.5                     -0.41463701
                    1140                     -0.42357277
                  1142.5                     -0.43227949
                    1145                     -0.44087308
                  1147.5                     -0.44949633
                    1150                     -0.45831363
                  1152.5                     -0.46750829
                    1155                     -0.47727451
                  1157.5                     -0.48781241
                    1160                      -0.4993232
                  1162.5                     -0.51200236
                    1165                     -0.52603536
                  1167.5                     -0.54159102
                    1170                     -0.55881833
                  1172.5                     -0.57783773
                    1175                     -0.59874579
                  1177.5                     -0.62160584
                    1180                     -0.64645237
                  1182.5                     -0.67328563
                    1185                     -0.70207856
                  1187.5                     -0.73277534
                    1190                     -0.76529449
                  1192.5                     -0.79953664
                    1195                     -0.83538781
                  1197.5                     -0.87272661
                    1200                     -0.91143226
                  1202.5                     -0.95139076
                    1205                     -0.99250135
                  1207.5                      -1.0346895
                    1210                      -1.0779114
                  1212.5                        -1.12216
                    1215                      -1.1674713
                  1217.5                      -1.2139294
                    1220                      -1.2616717
                  1222.5                      -1.3108847
                    1225                      -1.3618112
                  1227.5                      -1.4147396
                    1230                      -1.4700062
                  1232.5                      -1.5279856
                    1235                      -1.5890878
                  1237.5                      -1.6537421
                    1240                       -1.722389
                  1242.5                      -1.7954739
                    1245                      -1.8734282
                  1247.5                      -1.9566572
                    1250                      -2.0455283
                  1252.5                      -2.1403517
                    1255                       -2.241368
                  1257.5                      -2.3487291
                    1260                      -2.4624823
                  1262.5                      -2.5825495
                    1265                        -2.70871
                  1267.5                      -2.8405779
                    1270                       -2.977582
                  1272.5                      -3.1189482
                    1275                      -3.2636824
                  1277.5                       -3.410549
                    1280                      -3.5580676
                  1282.5                      -3.7045101
                    1285                      -3.8479103
                  1287.5                      -3.9860876
                    1290                      -4.1166977
                  1292.5                       -4.237286
                    1295                      -4.3453774
                  1297.5                      -4.4385806
                    1300                      -4.5147045
                  1302.5                      -4.5718809
                    1305                      -4.6086747
                  1307.5                      -4.6241819
                    1310                        -4.61809
                  1312.5                      -4.5906993
                    1315                      -4.5428992
                  1317.5                      -4.4761077
                    1320                      -4.3921727
                  1322.5                      -4.2932621
                    1325                      -4.1817372
                  1327.5                      -4.0600438
                    1330                      -3.9305982
                  1332.5                      -3.7957094
                    1335                      -3.6575218
                  1337.5                      -3.5179614
                    1340                        -3.37872
                  1342.5                       -3.241241
                    1345                       -3.106723
                  1347.5                      -2.9761318
                    1350                      -2.8502115
                  1352.5                      -2.7295088
                    1355                      -2.6143881
                  1357.5                      -2.5050568
                    1360                      -2.4015802
                  1362.5                      -2.3039113
                    1365                      -2.2118993
                  1367.5                      -2.1253119
                    1370                      -2.0438562
                  1372.5                      -1.9671875
                    1375                      -1.8949337
                  1377.5                      -1.8266992
                    1380                      -1.7620808
                  1382.5                       -1.700687
                    1385                      -1.6421389
                  1387.5                      -1.5860848
                    1390                       -1.532202
                  1392.5                      -1.4802119
                    1395                      -1.4298785
                  1397.5                      -1.3810087
                    1400                      -1.3334626
                  1402.5                      -1.2871376
                    1405                      -1.2419849
                  1407.5                      -1.1979859
                    1410                      -1.1551667
                  1412.5                       -1.113575
                    1415                      -1.0732833
                  1417.5                      -1.0343806
                    1420                     -0.99696388
                  1422.5                     -0.96113274
                    1425                     -0.92698033
                  1427.5                     -0.89459086
                    1430                      -0.8640327
                  1432.5                     -0.83535331
                    1435                     -0.80857849
                  1437.5                     -0.78370753
                    1440                     -0.76071334
                  1442.5                     -0.73954349
                    1445                     -0.72011587
                  1447.5                     -0.70232781
                    1450                      -0.6860518
                  1452.5                     -0.67114325
                    1455                     -0.65744307
                  1457.5                     -0.64478103
                    1460                     -0.63298197
                  1462.5                     -0.62186951
                    1465                     -0.61127249
                  1467.5                     -0.60102745
                    1470                     -0.59098619
                  1472.5                       -0.581016
                    1475                     -0.57100731
                  1477.5                     -0.56087176
                    1480                     -0.55054648
                  1482.5                      -0.5399957
                    1485                     -0.52920652
                  1487.5                     -0.51819368
                    1490                     -0.50699277
                  1492.5                     -0.49565938
                    1495                     -0.48426673
                  1497.5                     -0.47289974
                    1500                     -0.46165401
                  1502.5                     -0.45062957
                    1505                     -0.43992667
                  1507.5                     -0.42964051
                    1510                     -0.41986074
                  1512.5                     -0.41066716
                    1515                     -0.40212596
                  1517.5                     -0.39428457
                    1520                      -0.3871759
                  1522.5                     -0.38081333
                    1525                     -0.37519134
                  1527.5                     -0.37028819
                    1530                     -0.36606202
                  1532.5                     -0.36245517
                    1535                     -0.35939783
                  1537.5                     -0.35680999
                    1540                     -0.35460059
                  1542.5                     -0.35267568
                    1545                     -0.35093603
                  1547.5                     -0.34928924
                    1550                     -0.34764324
                  1552.5                     -0.34591644
                    1555                     -0.34403178
                  1557.5                     -0.34193217
                    1560                     -0.33956983
                  1562.5                     -0.33691347
                    1565                     -0.33394972
                  1567.5                      -0.3306789
                    1570                     -0.32711825
                  1572.5                     -0.32329969
                    1575                     -0.31926649
                  1577.5                     -0.31507486
                    1580                     -0.31078857
                  1582.5                     -0.30647842
                    1585                     -0.30221741
                  1587.5                     -0.29807955
                    1590                     -0.29413561
                  1592.5                     -0.29045395
                    1595                     -0.28709302
                  1597.5                     -0.28410637
                    1600                     -0.28153219
                  1602.5                     -0.27940001
                    1605                     -0.27772589
                  1607.5                     -0.27651145
                    1610                     -0.27574801
                  1612.5                     -0.27541233
                    1615                     -0.27547086
                  1617.5                     -0.27587912
                    1620                     -0.27658564
                  1622.5                     -0.27752933
                    1625                     -0.27864901
                  1627.5                     -0.27987821
                    1630                     -0.28115067
                  1632.5                     -0.28240329
                    1635                     -0.28357749
                  1637.5                     -0.28462022
                    1640                     -0.28548855
                  1642.5                      -0.2861456
                    1645                     -0.28656727
                  1647.5                     -0.28674184
                    1650                     -0.28666741
                  1652.5                     -0.28635471
                    1655                     -0.28582492
                  1657.5                     -0.28510922
                    1660                     -0.28424851
                  1662.5                     -0.28329028
                    1665                     -0.28228859
                  1667.5                     -0.28130222
                    1670                      -0.2803883
                  1672.5                     -0.27960913
                    1675                     -0.27902168
                  1677.5                     -0.27867817
                    1680                      -0.2786296
                  1682.5                     -0.27891432
                    1685                     -0.27956828
                  1687.5                     -0.28061113
                    1690                     -0.28205928
                  1692.5                     -0.28391351
                    1695                     -0.28616704
                  1697.5                     -0.28880498
                    1700                     -0.29179675
                  1702.5                     -0.29511033
                    1705                     -0.29870141
                  1707.5                     -0.30252295
                    1710                     -0.30652115
                  1712.5                     -0.31064109
                    1715                     -0.31482986
                  1717.5                     -0.31903216
                    1720                     -0.32319608
                  1722.5                     -0.32727768
                    1725                     -0.33123716
                  1727.5                     -0.33504563
                    1730                     -0.33868015
                  1732.5                     -0.34213003
                    1735                     -0.34539614
                  1737.5                     -0.34848876
                    1740                     -0.35142967
                  1742.5                     -0.35425182
                    1745                     -0.35699814
                  1747.5                      -0.3597168
                    1750                     -0.36246991
                  1752.5                     -0.36531817
                    1755                     -0.36832954
                  1757.5                     -0.37157144
                    1760                     -0.37511571
                  1762.5                     -0.37902676
                    1765                     -0.38336539
                  1767.5                     -0.38819021
                    1770                     -0.39354701
                  1772.5                     -0.39947542
                    1775                     -0.40600414
                  1777.5                     -0.41314847
                    1780                     -0.42091605
                  1782.5                     -0.42929666
                    1785                     -0.43827638
                  1787.5                     -0.44782328
                    1790                     -0.45789833
                  1792.5                     -0.46845578
                    1795                     -0.47944084
                  1797.5                     -0.49079578
                    1800                     -0.50246069
                  1802.5                     -0.51437666
                    1805                     -0.52648447
                  1807.5                     -0.53873472
                    1810                     -0.55108579
                  1812.5                     -0.56350538
                    1815                      -0.5759742
                  1817.5                     -0.58849135
                    1820                     -0.60106629
                  1822.5                     -0.61373165
                    1825                     -0.62653519
                  1827.5                     -0.63954227
                    1830                     -0.65283563
                  1832.5                     -0.66651821
                    1835                     -0.68070065
                  1837.5                     -0.69551013
                    1840                     -0.71108238
                  1842.5                     -0.72756031
                    1845                     -0.74508892
                  1847.5                     -0.76381642
                    1850                     -0.78388516
                  1852.5                     -0.80543587
                    1855                     -0.82859678
                  1857.5                     -0.85348844
                    1860                     -0.88021471
                  1862.5                     -0.90886565
                    1865                     -0.93951821
                  1867.5                      -0.9722288
                    1870                      -1.0070417
                  1872.5                      -1.0439832
                    1875                      -1.0830709
                  1877.5                      -1.1243094
                    1880                       -1.167695
                  1882.5                      -1.2132264
                    1885                      -1.2609026
                  1887.5                      -1.3107312
                    1890                      -1.3627319
                  1892.5                      -1.4169484
                    1895                      -1.4734484
                  1897.5                      -1.5323323
                    1900                      -1.5937423
                  1902.5                      -1.6578632
                    1905                      -1.7249313
                  1907.5                      -1.7952365
                    1910                      -1.8691263
                  1912.5                      -1.9470096
                    1915                      -2.0293563
                  1917.5                      -2.1166995
                    1920                       -2.209634
                  1922.5                      -2.3088153
                    1925                      -2.4149583
                  1927.5                       -2.528831
                    1930                      -2.6512579
                  1932.5                      -2.7831083
                    1935                      -2.9252966
                  1937.5                       -3.078779
                    1940                      -3.2445465
                  1942.5                      -3.4236163
                    1945                      -3.6170269
                  1947.5                      -3.8258352
                    1950                      -4.0510974
                  1952.5                      -4.2938562
                    1955                      -4.5551243
                  1957.5                      -4.8358522
                    1960                      -5.1368839
                  1962.5                      -5.4589101
                    1965                      -5.8023711
                  1967.5                       -6.167356
                    1970                      -6.5534293
                  1972.5                      -6.9594183
                    1975                      -7.3831037
                  1977.5                      -7.8208344
                    1980                      -8.2670322
                  1982.5                      -8.7136297
                    1985                      -9.1495245
                  1987.5                      -9.5602149
                    1990                      -9.9279399
                  1992.5                      -10.232697
                    1995                      -10.454454
                  1997.5                      -10.576428
                    2000                      -10.588618
                  2002.5                      -10.490249
                    2005                      -10.289972
                  2007.5                      -10.003736
                    2010                      -9.6513097
                  2012.5                      -9.2529162
                    2015                       -8.826795
                  2017.5                      -8.3880265
                    2020                      -7.9482611
                  2022.5                      -7.5160357
                    2025                      -7.0972946
                  2027.5                      -6.6959679
                    2030                      -6.3144697
                  2032.5                      -5.9541051
                    2035                      -5.6153912
                  2037.5                      -5.2982824
                    2040                      -5.0023444
                  2042.5                      -4.7268769
                    2045                      -4.4709998
                  2047.5                      -4.2337106
                    2050                       -4.013935
                  2052.5                      -3.8105517
                    2055                      -3.6224246
                  2057.5                      -3.4484021
                    2060                      -3.2873567
                  2062.5                      -3.1381692
                    2065                      -2.9997586
                  2067.5                      -2.8710802
                    2070                      -2.7511367
                  2072.5                      -2.6389921
                    2075                      -2.5337639
                  2077.5                      -2.4346469
                    2080                      -2.3409072
                  2082.5                      -2.2518944
                    2085                      -2.1670368
                  2087.5                      -2.0858503
                    2090                      -2.0079368
                  2092.5                      -1.9329795
                    2095                      -1.8607386
                  2097.5                      -1.7910506
                    2100                      -1.7238136
                  2102.5                      -1.6589871
                    2105                      -1.5965732
                  2107.5                      -1.5366138
                    2110                      -1.4791758
                  2112.5                      -1.4243429
                    2115                      -1.3722021
                  2117.5                      -1.3228354
                    2120                      -1.2763147
                  2122.5                      -1.2326895
                    2125                      -1.1919819
                  2127.5                      -1.1541843
                    2130                       -1.119255
                  2132.5                      -1.0871123
                    2135                      -1.0576435
                  2137.5                      -1.0306937
                    2140                      -1.0060806
                  2142.5                     -0.98358793
                    2145                     -0.96297989
                  2147.5                     -0.94399887
                    2150                      -0.9263782
                  2152.5                      -0.9098443
                    2155                     -0.89412855
                  2157.5                     -0.87897596
                    2160                     -0.86414571
                  2162.5                     -0.84942562
                    2165                     -0.83463537
                  2167.5                     -0.81962835
                    2170                     -0.80430132
                  2172.5                     -0.78859206
                    2175                     -0.77248076
                  2177.5                     -0.75598939
                    2180                     -0.73917913
                  2182.5                     -0.72214728
                    2185                     -0.70501603
                  2187.5                     -0.68793518
                    2190                     -0.67106884
                  2192.5                     -0.65458957
                    2195                     -0.63867048
                  2197.5                     -0.62347898
                    2200                     -0.60917023
                  2202.5                      -0.5958773
                    2205                     -0.58370956
                  2207.5                     -0.57274935
                    2210                      -0.5630425
                  2212.5                     -0.55460294
                    2215                     -0.54740987
                  2217.5                     -0.54140842
                    2220                     -0.53650844
                  2222.5                     -0.53259512
                    2225                     -0.52952362
                  2227.5                     -0.52713351
                    2230                     -0.52524439
                  2232.5                     -0.52367336
                    2235                      -0.5222324
                  2237.5                     -0.52074113
                    2240                      -0.5190319
                  2242.5                     -0.51695353
                    2245                     -0.51438258
                  2247.5                     -0.51122108
                    2250                     -0.50740486
                  2252.5                     -0.50290517
                    2255                     -0.49772824
                  2257.5                     -0.49191318
                    2260                     -0.48553354
                  2262.5                     -0.47869318
                    2265                     -0.47151864
                  2267.5                     -0.46415701
                    2270                     -0.45676697
                  2272.5                      -0.4495173
                    2275                     -0.44257403
                  2277.5                     -0.43609478
                    2280                     -0.43023034
                  2282.5                     -0.42510975
                    2285                     -0.42083608
                  2287.5                     -0.41748988
                    2290                     -0.41511911
                  2292.5                     -0.41374099
                    2295                     -0.41333893
                  2297.5                     -0.41386582
                    2300                     -0.41524509
                  2302.5                     -0.41737284
                    2305                     -0.42012083
                  2307.5                     -0.42334272
                    2310                     -0.42688366
                  2312.5                     -0.43057462
                    2315                     -0.43425467
                  2317.5                     -0.43776309
                    2320                     -0.44095561
                  2322.5                     -0.44370506
                    2325                     -0.44590805
                  2327.5                     -0.44748961
                    2330                     -0.44840589
                  2332.5                     -0.44864645
                    2335                     -0.44823275
                  2337.5                     -0.44722204
                    2340                     -0.44569721
                  2342.5                     -0.44377289
                    2345                     -0.44158109
                  2347.5                     -0.43927664
                    2350                     -0.43702031
                  2352.5                     -0.43498174
                    2355                     -0.43332405
                  2357.5                     -0.43220503
                    2360                     -0.43177011
                  2362.5                     -0.43214068
                    2365                     -0.43341597
                  2367.5                     -0.43566887
                    2370                     -0.43894141
                  2372.5                     -0.44324053
                    2375                     -0.44854815
                  2377.5                     -0.45480674
                    2380                     -0.46193864
                  2382.5                     -0.46983197
                    2385                     -0.47836049
                  2387.5                     -0.48737793
                    2390                     -0.49672697
                  2392.5                     -0.50624741
                    2395                      -0.5157827
                  2397.5                     -0.52518216
                    2400                     -0.53431209
                  2402.5                     -0.54305853
                    2405                     -0.55133348
                  2407.5                     -0.55907898
                    2410                     -0.56626892
                  2412.5                     -0.57290974
                    2415                     -0.57904534
                  2417.5                     -0.58474595
                    2420                     -0.59011208
                  2422.5                     -0.59527178
                    2425                      -0.6003696
                  2427.5                     -0.60556356
                    2430                     -0.61101864
                  2432.5                     -0.61689869
                    2435                     -0.62335802
                  2437.5                     -0.63053614
                    2440                     -0.63855391
                  2442.5                     -0.64750123
                    2445                      -0.6574374
                  2447.5                      -0.6683838
                    2450                     -0.68032296
                  2452.5                     -0.69319903
                    2455                     -0.70691425
                  2457.5                     -0.72133006
                    2460                     -0.73627451
                  2462.5                     -0.75154193
                    2465                      -0.7668992
                  2467.5                     -0.78209526
                    2470                     -0.79686465
                  2472.5                     -0.81093784
                    2475                        -0.82405
                  2477.5                     -0.83594814
                    2480                     -0.84640455
                  2482.5                      -0.8552141
                    2485                      -0.8622141
                  2487.5                     -0.86728102
                    2490                      -0.8703358
                  2492.5                     -0.87134888
                    2495                     -0.87033867
                  2497.5                      -0.8673703
                    2500                     -0.86254857
                  2502.5                     -0.85601945
                    2505                     -0.84795685
                  2507.5                     -0.83856087
                    2510                     -0.82804417
                  2512.5                     -0.81662999
                    2515                     -0.80453752
                  2517.5                     -0.79197328
                    2520                     -0.77913269
                  2522.5                     -0.76618632
                    2525                     -0.75327401
                  2527.5                     -0.74051006
                    2530                     -0.72796821
                  2532.5                     -0.71569403
                    2535                     -0.70369428
                  2537.5                     -0.69195013
                    2540                     -0.68041026
                  2542.5                     -0.66900111
                    2545                     -0.65763381
                  2547.5                     -0.64620586
                    2550                     -0.63461256
                  2552.5                     -0.62274605
                    2555                     -0.61051203
                  2557.5                     -0.59782872
                    2560                     -0.58463719
                  2562.5                     -0.57089879
                    2565                      -0.5566084
                  2567.5                      -0.5417868
                    2570                     -0.52648929
                  2572.5                     -0.51079786
                    2575                     -0.49482375
                  2577.5                     -0.47870244
                    2580                     -0.46258745
                  2582.5                      -0.4466471
                    2585                     -0.43105716
                  2587.5                     -0.41599286
                    2590                      -0.4016229
                  2592.5                     -0.38810753
                    2595                     -0.37558152
                  2597.5                     -0.36416358
                    2600                      -0.3539361
                  2602.5                     -0.34495457
                    2605                      -0.3372369
                  2607.5                     -0.33076547
                    2610                     -0.32548676
                  2612.5                      -0.3213128
                    2615                     -0.31812167
                  2617.5                     -0.31576823
                    2620                     -0.31408036
                  2622.5                     -0.31286997
                    2625                     -0.31193885
                  2627.5                     -0.31108398
                    2630                     -0.31011324
                  2632.5                     -0.30883873
                    2635                     -0.30709924
                  2637.5                     -0.30475506
                    2640                     -0.30169869
                  2642.5                     -0.29786219
                    2645                     -0.29321297
                  2647.5                     -0.28776063
                    2650                     -0.28155421
                  2652.5                     -0.27468077
                    2655                     -0.26726122
                  2657.5                     -0.25944555
                    2660                     -0.25140829
                  2662.5                     -0.24333663
                    2665                     -0.23542667
                  2667.5                     -0.22787641
                    2670                     -0.22087251
                  2672.5                     -0.21458754
                    2675                     -0.20916971
                  2677.5                     -0.20473847
                    2680                     -0.20138145
                  2682.5                     -0.19914503
                    2685                     -0.19803776
                  2687.5                     -0.19802726
                    2690                     -0.19904012
                  2692.5                     -0.20096544
                    2695                     -0.20365886
                  2697.5                     -0.20694244
                    2700                     -0.21062115
                  2702.5                     -0.21448377
                    2705                     -0.21830487
                  2707.5                     -0.22186954
                    2710                     -0.22496773
                  2712.5                     -0.22740975
                    2715                     -0.22903092
                  2717.5                     -0.22970355
                    2720                      -0.2293361
                  2722.5                     -0.22788395
                    2725                     -0.22534889
                  2727.5                     -0.22177684
                    2730                     -0.21726043
                  2732.5                     -0.21193098
                    2735                     -0.20595858
                  2737.5                     -0.19954191
                    2740                     -0.19290011
                  2742.5                     -0.18626513
                    2745                     -0.17986952
                  2747.5                     -0.17394233
                    2750                     -0.16869279
                  2752.5                      -0.1643103
                    2755                      -0.1609517
                  2757.5                     -0.15873194
                    2760                     -0.15772672
                  2762.5                     -0.15796682
                    2765                     -0.15943027
                  2767.5                     -0.16205127
                    2770                     -0.16571825
                  2772.5                     -0.17027567
                    2775                     -0.17553288
                  2777.5                     -0.18126817
                    2780                     -0.18723884
                  2782.5                     -0.19318815
                    2785                     -0.19886202
                  2787.5                     -0.20400928
                    2790                     -0.20839928
                  2792.5                     -0.21183136
                    2795                     -0.21413919
                  2797.5                     -0.21520454
                    2800                     -0.21495897
                  2802.5                     -0.21338689
                    2805                       -0.210529
                  2807.5                     -0.20648033
                    2810                     -0.20138859
                  2812.5                     -0.19544459
                    2815                     -0.18887512
                  2817.5                     -0.18193578
                    2820                      -0.1749016
                  2822.5                     -0.16805146
                    2825                     -0.16166125
                  2827.5                     -0.15599017
                    2830                     -0.15127192
                  2832.5                     -0.14770466
                    2835                     -0.14544182
                  2837.5                     -0.14458997
                    2840                     -0.14520078
                  2842.5                     -0.14726775
                    2845                     -0.15072782
                  2847.5                     -0.15546454
                    2850                     -0.16130595
                  2852.5                      -0.1680358
                    2855                     -0.17539888
                  2857.5                     -0.18310996
                    2860                     -0.19086617
                  2862.5                     -0.19835637
                    2865                     -0.20527568
                  2867.5                     -0.21133876
                    2870                     -0.21629045
                  2872.5                     -0.21991641
                    2875                     -0.22205905
                  2877.5                     -0.22261501
                    2880                     -0.22154993
                  2882.5                     -0.21889441
                    2885                     -0.21474815
                  2887.5                     -0.20927397
                    2890                     -0.20269111
                  2892.5                     -0.19526723
                    2895                     -0.18730682
                  2897.5                      -0.1791376
                    2900                     -0.17110228
                  2902.5                     -0.16353878
                    2905                     -0.15676926
                  2907.5                     -0.15108897
                    2910                     -0.14675018
                  2912.5                      -0.1439572
                    2915                     -0.14285358
                  2917.5                     -0.14352344
                    2920                     -0.14597568
                  2922.5                     -0.15015454
                    2925                     -0.15593397
                  2927.5                     -0.16312161
                    2930                     -0.17146883
                  2932.5                     -0.18067234
                    2935                     -0.19039118
                  2937.5                     -0.20025703
                    2940                     -0.20988766
                  2942.5                     -0.21890391
                    2945                      -0.2269431
                  2947.5                     -0.23367717
                    2950                      -0.2388272
                  2952.5                     -0.24217347
                    2955                     -0.24357202
                  2957.5                     -0.24295565
                    2960                     -0.24034264
                  2962.5                     -0.23583754
                    2965                     -0.22962172
                  2967.5                     -0.22195457
                    2970                     -0.21315403
                  2972.5                     -0.20359178
                    2975                     -0.19367343
                  2977.5                     -0.18382097
                    2980                     -0.17445761
                  2982.5                     -0.16599228
                    2985                      -0.1588035
                  2987.5                     -0.15321721
                    2990                     -0.14950503
                  2992.5                     -0.14786719
                    2995                     -0.14842636
                  2997.5                     -0.15121844
                    3000                     -0.15619704

