        Frequency / MHz                S1,1/abs,dB
----------------------------------------------------------------------
                     500                    -0.080347129
                   502.5                    -0.057459622
                     505                    -0.036545749
                   507.5                    -0.019304865
                     510                   -0.0070267546
                   512.5                  -0.00050438279
                     515                   9.1158677e-08
                   517.5                   -0.0052545133
                     520                    -0.015531384
                   522.5                    -0.029690576
                     525                    -0.046299443
                   527.5                    -0.063756699
                     530                    -0.080441065
                   532.5                    -0.094854222
                     535                     -0.10574995
                   537.5                     -0.11225016
                     540                     -0.11391324
                   542.5                     -0.11076651
                     545                     -0.10328092
                   547.5                    -0.092311388
                     550                    -0.078997041
                   552.5                    -0.064639755
                     555                    -0.050576314
                   557.5                    -0.038060125
                     560                    -0.028150028
                   562.5                    -0.021634414
                     565                    -0.018974359
                   567.5                    -0.020277489
                     570                    -0.025304373
                   572.5                    -0.033494551
                     575                    -0.044034147
                   577.5                    -0.055916326
                     580                    -0.068047479
                   582.5                    -0.079333842
                     585                    -0.088789949
                   587.5                    -0.095620219
                     590                    -0.099293978
                   592.5                    -0.099586457
                     595                     -0.09659556
                   597.5                    -0.090718023
                     600                     -0.08261002
                   602.5                    -0.073109726
                     605                    -0.063157641
                   607.5                    -0.053704311
                     610                    -0.045624944
                   612.5                    -0.039645196
                     615                     -0.03628201
                   617.5                    -0.035807709
                     620                    -0.038226414
                   622.5                    -0.043289895
                     625                    -0.050514218
                   627.5                    -0.059236967
                     630                    -0.068667946
                   632.5                    -0.077967578
                     635                    -0.086322883
                   637.5                     -0.09301932
                     640                    -0.097511584
                   642.5                    -0.099470302
                     645                     -0.09880557
                   647.5                    -0.095680987
                     650                    -0.090485455
                   652.5                    -0.083796854
                     655                    -0.076321074
                   657.5                    -0.068821255
                     660                    -0.062052542
                   662.5                    -0.056685215
                     665                     -0.05325512
                   667.5                    -0.052112297
                     670                    -0.053394865
                   672.5                    -0.057022002
                     675                    -0.062702803
                   677.5                    -0.069964005
                     680                    -0.078190915
                   682.5                     -0.08669037
                     685                    -0.094747689
                   687.5                     -0.10169976
                     690                     -0.10699149
                   692.5                     -0.11023235
                     695                      -0.1112346
                   697.5                     -0.11002491
                     700                     -0.10684652
                   702.5                     -0.10213126
                     705                    -0.096454203
                   707.5                    -0.090484257
                     710                    -0.084910193
                   712.5                    -0.080386634
                     715                    -0.077468594
                   717.5                    -0.076561681
                     720                    -0.077890086
                   722.5                    -0.081473348
                     725                    -0.087128162
                   727.5                    -0.094481889
                     730                     -0.10301021
                   732.5                     -0.11208094
                     735                     -0.12101237
                   737.5                     -0.12914021
                     740                     -0.13588003
                   742.5                     -0.14078214
                     745                     -0.14358089
                   747.5                     -0.14422042
                     750                     -0.14285948
                   752.5                     -0.13985914
                     755                      -0.1357484
                   757.5                      -0.1311752
                     760                     -0.12683709
                   762.5                     -0.12342699
                     765                     -0.12155797
                   767.5                     -0.12171561
                     770                     -0.12420645
                   772.5                     -0.12913335
                     775                       -0.136383
                   777.5                     -0.14563305
                     780                      -0.1563839
                   782.5                     -0.16799648
                     785                      -0.1797549
                   787.5                     -0.19093203
                     790                     -0.20085757
                   792.5                     -0.20899357
                     795                     -0.21498258
                   797.5                     -0.21869468
                     800                     -0.22024071
                   802.5                     -0.21997268
                     805                     -0.21844872
                   807.5                     -0.21638698
                     810                     -0.21459564
                   812.5                     -0.21390782
                     815                     -0.21509287
                   817.5                     -0.21879786
                     820                     -0.22548236
                   822.5                     -0.23537413
                     825                       -0.248454
                   827.5                     -0.26444388
                     830                     -0.28283243
                   832.5                     -0.30291987
                     835                     -0.32387877
                   837.5                     -0.34482695
                     840                     -0.36492481
                   842.5                     -0.38345518
                     845                      -0.3999127
                   847.5                     -0.41406178
                     850                     -0.42598629
                   852.5                     -0.43609334
                     855                     -0.44509411
                   857.5                     -0.45395969
                     860                     -0.46383629
                   862.5                     -0.47596615
                     865                     -0.49157657
                   867.5                     -0.51179492
                     870                     -0.53755715
                   872.5                     -0.56953703
                     875                         -0.6081
                   877.5                     -0.65327884
                     880                     -0.70477998
                   882.5                     -0.76201736
                     885                     -0.82418164
                   887.5                      -0.8903294
                     890                      -0.9595067
                   892.5                      -1.0308833
                     895                      -1.1038969
                   897.5                      -1.1783867
                     900                      -1.2547043
                   902.5                      -1.3337969
                     905                      -1.4172313
                   907.5                      -1.5071865
                     910                      -1.6063826
                   912.5                      -1.7179855
                     915                      -1.8454764
                   917.5                      -1.9925029
                     920                      -2.1627206
                   922.5                      -2.3596254
                     925                      -2.5863626
                   927.5                      -2.8455093
                     930                      -3.1388009
                   932.5                      -3.4667479
                     935                      -3.8281439
                   937.5                      -4.2193646
                     940                      -4.6334781
                   942.5                      -5.0591775
                     945                      -5.4797548
                   947.5                      -5.8725662
                     950                      -6.2098069
                   952.5                      -6.4615541
                     955                      -6.6013597
                   957.5                      -6.6130814
                     960                       -6.495896
                   962.5                      -6.2645598
                     965                      -5.9447908
                   967.5                      -5.5664481
                     970                      -5.1577251
                   972.5                      -4.7418269
                     975                      -4.3360246
                   977.5                      -3.9520754
                     980                      -3.5972361
                   982.5                      -3.2753326
                     985                      -2.9876777
                   987.5                      -2.7337722
                     990                      -2.5118425
                   992.5                      -2.3192157
                     995                      -2.1526287
                   997.5                      -2.0084503
                    1000                      -1.8828856
                  1002.5                      -1.7721705
                    1005                      -1.6727492
                  1007.5                      -1.5814248
                    1010                      -1.4955115
                  1012.5                      -1.4129381
                    1015                      -1.3323044
                  1017.5                      -1.2528924
                    1020                      -1.1746088
                  1022.5                      -1.0978938
                    1025                      -1.0235837
                  1027.5                     -0.95275122
                    1030                     -0.88654759
                  1032.5                     -0.82605901
                    1035                     -0.77217331
                  1037.5                     -0.72548859
                    1040                     -0.68625129
                  1042.5                     -0.65432049
                    1045                     -0.62917508
                  1047.5                     -0.60994616
                    1050                     -0.59548154
                  1052.5                     -0.58443012
                    1055                     -0.57534341
                  1057.5                      -0.5667904
                    1060                     -0.55748031
                  1062.5                     -0.54635512
                    1065                     -0.53268013
                  1067.5                     -0.51609884
                    1070                     -0.49663915
                  1072.5                     -0.47470504
                    1075                     -0.45100361
                  1077.5                     -0.42647127
                    1080                     -0.40216521
                  1082.5                     -0.37915728
                    1085                     -0.35842829
                  1087.5                     -0.34078133
                    1090                     -0.32677047
                  1092.5                     -0.31665838
                    1095                     -0.31039587
                  1097.5                     -0.30762993
                    1100                      -0.3077434
                  1102.5                     -0.30989759
                    1105                      -0.3131229
                  1107.5                      -0.3163992
                    1110                     -0.31874551
                  1112.5                     -0.31931739
                    1115                     -0.31748419
                  1117.5                     -0.31288018
                    1120                     -0.30544302
                  1122.5                     -0.29540688
                    1125                     -0.28328073
                  1127.5                     -0.26978406
                    1130                     -0.25577531
                  1132.5                     -0.24216553
                    1135                     -0.22983138
                  1137.5                     -0.21952666
                    1140                      -0.2118294
                  1142.5                     -0.20707703
                    1145                     -0.20534921
                  1147.5                     -0.20645764
                    1150                     -0.20997033
                  1152.5                     -0.21524478
                    1155                     -0.22149557
                  1157.5                       -0.227858
                    1160                     -0.23347683
                  1162.5                      -0.2375797
                    1165                     -0.23956126
                  1167.5                     -0.23902993
                    1170                     -0.23585826
                  1172.5                     -0.23018134
                    1175                     -0.22238905
                  1177.5                     -0.21308193
                    1180                     -0.20300802
                  1182.5                     -0.19299117
                    1185                     -0.18385019
                  1187.5                     -0.17632293
                    1190                      -0.1709954
                  1192.5                     -0.16825244
                    1195                     -0.16824348
                  1197.5                     -0.17086894
                    1200                      -0.1757934
                  1202.5                     -0.18247066
                    1205                      -0.1901974
                  1207.5                      -0.1981767
                    1210                     -0.20559323
                  1212.5                     -0.21168977
                    1215                     -0.21584226
                  1217.5                     -0.21762115
                    1220                     -0.21683675
                  1222.5                     -0.21355612
                    1225                     -0.20809636
                  1227.5                     -0.20099314
                    1230                     -0.19294792
                  1232.5                     -0.18475786
                    1235                     -0.17723923
                  1237.5                     -0.17114798
                    1240                     -0.16711495
                  1242.5                     -0.16557987
                    1245                     -0.16676229
                  1247.5                     -0.17062936
                    1250                     -0.17690882
                  1252.5                     -0.18510395
                    1255                     -0.19454379
                  1257.5                     -0.20443937
                    1260                     -0.21396091
                  1262.5                     -0.22231093
                    1265                     -0.22881076
                  1267.5                      -0.2329618
                    1270                     -0.23450395
                  1272.5                     -0.23343779
                    1275                     -0.23003073
                  1277.5                     -0.22479454
                    1280                     -0.21842926
                  1282.5                     -0.21176052
                    1285                      -0.2056603
                  1287.5                     -0.20095997
                    1290                     -0.19838197
                  1292.5                     -0.19846337
                    1295                     -0.20151098
                  1297.5                     -0.20757655
                    1300                     -0.21643966
                  1302.5                     -0.22763295
                    1305                     -0.24047667
                  1307.5                     -0.25414184
                    1310                     -0.26772372
                  1312.5                     -0.28032823
                    1315                     -0.29115973
                  1317.5                     -0.29960326
                    1320                     -0.30529161
                  1322.5                     -0.30815132
                    1325                     -0.30841043
                  1327.5                      -0.3065866
                    1330                     -0.30343976
                  1332.5                     -0.29990015
                    1335                      -0.2969893
                  1337.5                     -0.29571501
                    1340                     -0.29699167
                  1342.5                     -0.30154681
                    1345                     -0.30986258
                  1347.5                     -0.32212963
                    1350                     -0.33822473
                  1352.5                     -0.35771747
                    1355                     -0.37990517
                  1357.5                     -0.40387459
                    1360                     -0.42857714
                  1362.5                     -0.45293432
                    1365                     -0.47594617
                  1367.5                     -0.49679518
                    1370                     -0.51495107
                  1372.5                     -0.53023408
                    1375                     -0.54285557
                  1377.5                     -0.55342628
                    1380                     -0.56291037
                  1382.5                     -0.57255384
                    1385                      -0.5837894
                  1387.5                     -0.59811494
                    1390                     -0.61698142
                  1392.5                     -0.64167875
                    1395                     -0.67323758
                  1397.5                     -0.71235581
                    1400                     -0.75935311
                  1402.5                     -0.81415751
                    1405                     -0.87631912
                  1407.5                     -0.94506829
                    1410                      -1.0194092
                  1412.5                      -1.0982412
                    1415                      -1.1805254
                  1417.5                      -1.2654481
                    1420                      -1.3526145
                  1422.5                      -1.4422145
                    1425                      -1.5351651
                  1427.5                      -1.6332039
                    1430                      -1.7389436
                  1432.5                       -1.855857
                    1435                       -1.988241
                  1437.5                      -2.1411416
                    1440                      -2.3202876
                  1442.5                      -2.5320481
                    1445                      -2.7834288
                  1447.5                      -3.0821384
                    1450                      -3.4367464
                  1452.5                      -3.8569512
                    1455                      -4.3540247
                  1457.5                      -4.9414749
                    1460                      -5.6360731
                  1462.5                      -6.4594729
                    1465                       -7.440806
                  1467.5                      -8.6211017
                    1470                      -10.061127
                  1472.5                      -11.856054
                    1475                      -14.163155
                  1477.5                      -17.240277
                    1480                      -21.253286
                  1482.5                      -23.406628
                    1485                      -19.930306
                  1487.5                      -16.188989
                    1490                       -13.40133
                  1492.5                       -11.28985
                    1495                      -9.6310381
                  1497.5                       -8.291218
                    1500                      -7.1881892
                  1502.5                       -6.268465
                    1505                      -5.4952978
                  1507.5                      -4.8421752
                    1510                      -4.2891178
                  1512.5                      -3.8204577
                    1515                      -3.4234504
                  1517.5                       -3.087389
                    1520                      -2.8030321
                  1522.5                      -2.5622301
                    1525                      -2.3576948
                  1527.5                      -2.1828741
                    1530                      -2.0319071
                  1532.5                      -1.8996157
                    1535                      -1.7815423
                  1537.5                      -1.6739848
                    1540                      -1.5740299
                  1542.5                      -1.4795504
                    1545                      -1.3891789
                  1547.5                      -1.3022311
                    1550                      -1.2185949
                  1552.5                      -1.1385957
                    1555                       -1.062843
                  1557.5                     -0.99207931
                    1560                     -0.92704497
                  1562.5                     -0.86835668
                    1565                     -0.81642174
                  1567.5                     -0.77137823
                    1570                     -0.73306789
                  1572.5                     -0.70103508
                    1575                     -0.67456186
                  1577.5                     -0.65270807
                    1580                     -0.63439079
                  1582.5                      -0.6184567
                    1585                     -0.60377398
                  1587.5                     -0.58931622
                    1590                     -0.57423693
                  1592.5                     -0.55792813
                    1595                     -0.54005518
                  1597.5                      -0.5205662
                    1600                     -0.49967445
                  1602.5                      -0.4778145
                    1605                     -0.45558514
                  1607.5                     -0.43367339
                    1610                      -0.4127853
                  1612.5                     -0.39357011
                    1615                     -0.37655988
                  1617.5                     -0.36212127
                    1620                     -0.35042888
                  1622.5                     -0.34145194
                    1625                     -0.33496199
                  1627.5                        -0.33056
                    1630                     -0.32771146
                  1632.5                     -0.32579943
                    1635                     -0.32417915
                  1637.5                     -0.32223873
                    1640                     -0.31945232
                  1642.5                     -0.31542252
                    1645                      -0.3099156
                  1647.5                     -0.30287698
                    1650                     -0.29442736
                  1652.5                     -0.28484199
                    1655                     -0.27452361
                  1657.5                     -0.26394689
                    1660                     -0.25362426
                  1662.5                     -0.24403986
                    1665                     -0.23561549
                  1667.5                     -0.22866782
                    1670                     -0.22338184
                  1672.5                     -0.21979957
                    1675                     -0.21781948
                  1677.5                     -0.21720532
                    1680                     -0.21761611
                  1682.5                     -0.21863676
                    1685                     -0.21981866
                  1687.5                     -0.22072048
                    1690                     -0.22095221
                  1692.5                     -0.22020954
                    1695                     -0.21829656
                  1697.5                     -0.21515133
                    1700                     -0.21083249
                  1702.5                     -0.20552846
                    1705                     -0.19951859
                  1707.5                     -0.19315359
                    1710                     -0.18681803
                  1712.5                     -0.18089009
                    1715                     -0.17570411
                  1717.5                     -0.17152908
                    1720                     -0.16853077
                  1722.5                     -0.16677339
                    1725                     -0.16620747
                  1727.5                     -0.16667729
                    1730                     -0.16794025
                  1732.5                     -0.16968776
                    1735                     -0.17157959
                  1737.5                     -0.17327237
                    1740                      -0.1744565
                  1742.5                     -0.17487958
                    1745                     -0.17437349
                  1747.5                     -0.17286763
                    1750                     -0.17039459
                  1752.5                     -0.16708201
                    1755                     -0.16313914
                  1757.5                     -0.15883884
                    1760                       -0.154481
                  1762.5                     -0.15037431
                    1765                     -0.14679447
                  1767.5                      -0.1439715
                    1770                     -0.14205754
                  1772.5                     -0.14111978
                    1775                     -0.14113681
                  1777.5                     -0.14200086
                    1780                     -0.14352557
                  1782.5                     -0.14547169
                    1785                     -0.14756535
                  1787.5                     -0.14952484
                    1790                     -0.15109244
                  1792.5                      -0.1520522
                    1795                     -0.15225254
                  1797.5                     -0.15162283
                    1800                     -0.15017245
                  1802.5                     -0.14799602
                    1805                     -0.14525615
                  1807.5                     -0.14216978
                    1810                     -0.13898487
                  1812.5                     -0.13595782
                    1815                     -0.13332672
                  1817.5                     -0.13128853
                    1820                     -0.12998579
                  1822.5                     -0.12948671
                    1825                     -0.12978603
                  1827.5                     -0.13080529
                    1830                     -0.13239677
                  1832.5                     -0.13436676
                    1835                     -0.13648537
                  1837.5                      -0.1385179
                    1840                     -0.14023714
                  1842.5                     -0.14145566
                    1845                     -0.14203435
                  1847.5                     -0.14190254
                    1850                     -0.14105751
                  1852.5                     -0.13956899
                    1855                     -0.13756772
                  1857.5                     -0.13523304
                    1860                     -0.13277563
                  1862.5                     -0.13041405
                    1865                     -0.12836119
                  1867.5                     -0.12679087
                    1870                     -0.12583365
                  1872.5                     -0.12556231
                    1875                     -0.12598037
                  1877.5                     -0.12703043
                    1880                     -0.12859318
                  1882.5                     -0.13050503
                    1885                      -0.1325695
                  1887.5                     -0.13458133
                    1890                      -0.1363425
                  1892.5                     -0.13768058
                    1895                      -0.1384697
                  1897.5                     -0.13863687
                    1900                     -0.13817159
                  1902.5                     -0.13712523
                    1905                     -0.13560623
                  1907.5                     -0.13376886
                    1910                     -0.13179261
                  1912.5                     -0.12987148
                    1915                     -0.12819488
                  1917.5                     -0.12692325
                    1920                     -0.12617868
                  1922.5                     -0.12603282
                    1925                     -0.12649833
                  1927.5                     -0.12752887
                    1930                      -0.1290288
                  1932.5                     -0.13085503
                    1935                     -0.13283747
                  1937.5                     -0.13479048
                    1940                     -0.13653677
                  1942.5                     -0.13791718
                    1945                     -0.13881193
                  1947.5                     -0.13914866
                    1950                     -0.13891145
                  1952.5                     -0.13813746
                    1955                     -0.13691672
                  1957.5                      -0.1353825
                    1960                     -0.13369677
                  1962.5                     -0.13203225
                    1965                      -0.1305616
                  1967.5                     -0.12943327
                    1970                     -0.12876435
                  1972.5                     -0.12862672
                    1975                      -0.1290381
                  1977.5                     -0.12996455
                    1980                     -0.13132356
                  1982.5                     -0.13299122
                    1985                     -0.13481535
                  1987.5                     -0.13662666
                    1990                      -0.1382639
                  1992.5                     -0.13957715
                    1995                     -0.14045303
                  1997.5                     -0.14081867
                    2000                     -0.14065226
                  2002.5                     -0.13998405
                    2005                     -0.13888875
                  2007.5                      -0.1374872
                    2010                     -0.13592176
                  2012.5                     -0.13435458
                    2015                     -0.13294457
                  2017.5                     -0.13183181
                    2020                     -0.13113051
                  2022.5                     -0.13091028
                    2025                     -0.13119656
                  2027.5                     -0.13196416
                    2030                      -0.1331406
                  2032.5                     -0.13461829
                    2035                     -0.13625709
                  2037.5                     -0.13790206
                    2040                     -0.13940105
                  2042.5                     -0.14061362
                    2045                     -0.14142842
                  2047.5                     -0.14177525
                    2050                     -0.14162616
                  2052.5                     -0.14100268
                    2055                     -0.13997195
                  2057.5                     -0.13863649
                    2060                     -0.13713423
                  2062.5                     -0.13561156
                    2065                     -0.13421911
                  2067.5                     -0.13309133
                    2070                     -0.13233653
                  2072.5                     -0.13202911
                    2075                     -0.13219648
                  2077.5                     -0.13281991
                    2080                     -0.13383816
                  2082.5                      -0.1351509
                    2085                     -0.13663103
                  2087.5                     -0.13813304
                    2090                     -0.13951133
                  2092.5                     -0.14063285
                    2095                     -0.14138851
                  2097.5                     -0.14170353
                    2100                     -0.14155067
                  2102.5                     -0.14094244
                    2105                     -0.13993676
                  2107.5                     -0.13863217
                    2110                     -0.13714986
                  2112.5                     -0.13563304
                    2115                     -0.13422295
                  2117.5                     -0.13305095
                    2120                     -0.13222436
                  2122.5                     -0.13181696
                    2125                     -0.13186022
                  2127.5                     -0.13234374
                    2130                     -0.13321335
                  2132.5                     -0.13437641
                    2135                      -0.1357143
                  2137.5                     -0.13708938
                    2140                     -0.13836366
                  2142.5                     -0.13940528
                    2145                     -0.14010834
                  2147.5                     -0.14039755
                    2150                     -0.14023868
                  2152.5                     -0.13964236
                    2155                     -0.13865822
                  2157.5                     -0.13737507
                    2160                      -0.1359121
                  2162.5                     -0.13440277
                    2165                     -0.13298283
                  2167.5                     -0.13178436
                    2170                     -0.13091171
                  2172.5                     -0.13044148
                    2175                     -0.13040921
                  2177.5                      -0.1308084
                    2180                     -0.13159159
                  2182.5                     -0.13267384
                    2185                     -0.13394325
                  2187.5                     -0.13526486
                    2190                      -0.1365069
                  2192.5                     -0.13753848
                    2195                     -0.13825241
                  2197.5                     -0.13857254
                    2200                     -0.13846165
                  2202.5                     -0.13792319
                    2205                     -0.13700348
                  2207.5                     -0.13578256
                    2210                     -0.13437351
                  2212.5                     -0.13290641
                    2215                     -0.13151359
                  2217.5                     -0.13032457
                    2220                     -0.12944733
                  2222.5                     -0.12895564
                    2225                     -0.12889226
                  2227.5                      -0.1292554
                    2230                     -0.13000244
                  2232.5                     -0.13105257
                    2235                     -0.13229833
                  2237.5                      -0.1336122
                    2240                     -0.13485752
                  2242.5                     -0.13591054
                    2245                     -0.13666187
                  2247.5                     -0.13703142
                    2250                     -0.13697738
                  2252.5                       -0.136498
                    2255                     -0.13563444
                  2257.5                     -0.13446524
                    2260                     -0.13309719
                  2262.5                     -0.13165659
                    2265                     -0.13027647
                  2267.5                     -0.12908512
                    2270                      -0.1281913
                  2272.5                     -0.12767544
                    2275                     -0.12758233
                  2277.5                     -0.12791327
                    2280                     -0.12863202
                  2282.5                     -0.12966388
                    2285                     -0.13090232
                  2287.5                     -0.13222414
                    2290                     -0.13349418
                  2292.5                     -0.13458675
                    2295                     -0.13539058
                  2297.5                     -0.13582075
                    2300                     -0.13583295
                  2302.5                     -0.13542222
                    2305                      -0.1346228
                  2307.5                     -0.13351129
                    2310                     -0.13218868
                  2312.5                     -0.13078402
                    2315                      -0.1294271
                  2317.5                     -0.12824818
                    2320                      -0.1273594
                  2322.5                     -0.12684588
                    2325                     -0.12675204
                  2327.5                     -0.12709052
                    2330                     -0.12782473
                  2332.5                     -0.12888434
                    2335                     -0.13016622
                  2337.5                     -0.13154566
                    2340                     -0.13288961
                  2342.5                     -0.13406763
                    2345                     -0.13496402
                  2347.5                     -0.13549409
                    2350                     -0.13560536
                  2352.5                     -0.13528829
                    2355                     -0.13457477
                  2357.5                      -0.1335341
                    2360                     -0.13226899
                  2362.5                     -0.13090554
                    2365                     -0.12957645
                  2367.5                     -0.12841389
                    2370                       -0.127534
                  2372.5                     -0.12702538
                    2375                     -0.12693902
                  2377.5                     -0.12729072
                    2380                     -0.12804927
                  2382.5                     -0.12914658
                    2385                     -0.13047887
                  2387.5                     -0.13192418
                    2390                     -0.13334558
                  2392.5                     -0.13460992
                    2395                     -0.13559773
                  2397.5                     -0.13621894
                    2400                     -0.13641371
                  2402.5                     -0.13617149
                    2405                     -0.13551676
                  2407.5                     -0.13451799
                    2410                     -0.13327845
                  2412.5                     -0.13192349
                    2415                     -0.13058927
                  2417.5                     -0.12941134
                    2420                     -0.12851302
                  2422.5                     -0.12798686
                    2425                     -0.12789241
                  2427.5                     -0.12824547
                    2430                      -0.1290242
                  2432.5                     -0.13015794
                    2435                     -0.13154921
                  2437.5                     -0.13307082
                    2440                     -0.13458406
                  2442.5                     -0.13594863
                    2445                     -0.13704342
                  2447.5                      -0.1377685
                    2450                     -0.13806261
                  2452.5                     -0.13790515
                    2455                     -0.13731963
                  2457.5                     -0.13637286
                    2460                      -0.1351653
                  2462.5                     -0.13382673
                    2465                     -0.13249688
                  2467.5                       -0.131318
                    2470                     -0.13041651
                  2472.5                     -0.12989415
                    2475                     -0.12981506
                  2477.5                     -0.13020235
                    2480                     -0.13103577
                  2482.5                     -0.13224923
                    2485                     -0.13374123
                  2487.5                     -0.13538305
                    2490                     -0.13703192
                  2492.5                     -0.13854203
                    2495                     -0.13978198
                  2497.5                     -0.14064777
                    2500                     -0.14106765
                  2502.5                     -0.14101726
                    2505                     -0.14051597
                  2507.5                     -0.13962787
                    2510                     -0.13845637
                  2512.5                     -0.13713115
                    2515                     -0.13579964
                  2517.5                     -0.13460914
                    2520                     -0.13369643
                  2522.5                     -0.13316833
                    2525                     -0.13309911
                  2527.5                     -0.13351753
                    2530                      -0.1344044
                  2532.5                     -0.13569785
                    2535                     -0.13729445
                  2537.5                     -0.13906288
                    2540                     -0.14085299
                  2542.5                       -0.142513
                    2545                     -0.14390249
                  2547.5                     -0.14490698
                    2550                     -0.14544919
                  2552.5                     -0.14549859
                    2555                     -0.14506836
                  2557.5                     -0.14422453
                    2560                      -0.1430697
                  2562.5                      -0.1417393
                    2565                     -0.14038888
                  2567.5                     -0.13917264
                    2570                     -0.13823938
                  2572.5                     -0.13770388
                    2575                     -0.13765107
                  2577.5                     -0.13811373
                    2580                     -0.13908104
                  2582.5                     -0.14048913
                    2585                     -0.14223718
                  2587.5                     -0.14418493
                    2590                     -0.14617821
                  2592.5                     -0.14805461
                    2595                     -0.14966197
                  2597.5                     -0.15087848
                    2600                     -0.15161548
                  2602.5                     -0.15183501
                    2605                     -0.15154828
                  2607.5                     -0.15081632
                    2610                     -0.14974852
                  2612.5                     -0.14848348
                    2615                     -0.14718457
                  2617.5                     -0.14601916
                    2620                     -0.14514329
                  2622.5                     -0.14468702
                    2625                     -0.14474321
                  2627.5                     -0.14535622
                    2630                     -0.14651522
                  2632.5                     -0.14816128
                    2635                     -0.15018812
                  2637.5                     -0.15245257
                    2640                     -0.15479022
                  2642.5                     -0.15702506
                    2645                     -0.15899666
                  2647.5                     -0.16056824
                    2650                     -0.16164114
                  2652.5                     -0.16216931
                    2655                     -0.16215666
                  2657.5                      -0.1616669
                    2660                     -0.16080813
                  2662.5                     -0.15972995
                    2665                     -0.15860472
                  2667.5                     -0.15761127
                    2670                     -0.15692097
                  2672.5                     -0.15667757
                    2675                     -0.15698529
                  2677.5                     -0.15789887
                    2680                     -0.15941423
                  2682.5                      -0.1614726
                    2685                     -0.16396667
                  2687.5                     -0.16674454
                    2690                     -0.16963086
                  2692.5                     -0.17243957
                    2695                     -0.17499277
                  2697.5                     -0.17713936
                    2700                     -0.17876883
                  2702.5                      -0.1798233
                    2705                     -0.18030467
                  2707.5                      -0.1802692
                    2710                     -0.17983408
                  2712.5                     -0.17915279
                    2715                     -0.17841059
                  2717.5                     -0.17780234
                    2720                     -0.17751537
                  2722.5                     -0.17770837
                    2725                     -0.17850066
                  2727.5                     -0.17995567
                    2730                     -0.18207847
                  2732.5                     -0.18481061
                    2735                     -0.18803999
                  2737.5                      -0.1916077
                    2740                     -0.19532515
                  2742.5                     -0.19898891
                    2745                     -0.20240573
                  2747.5                     -0.20540391
                    2750                     -0.20785883
                  2752.5                     -0.20969976
                    2755                     -0.21091935
                  2757.5                     -0.21157493
                    2760                      -0.2117837
                  2762.5                     -0.21171232
                    2765                     -0.21155839
                  2767.5                      -0.2115341
                    2770                     -0.21184529
                  2772.5                     -0.21267176
                    2775                     -0.21414811
                  2777.5                     -0.21635305
                    2780                      -0.2192991
                  2782.5                     -0.22293358
                    2785                     -0.22713869
                  2787.5                     -0.23174974
                    2790                     -0.23656173
                  2792.5                     -0.24135637
                    2795                     -0.24591907
                  2797.5                      -0.2500602
                    2800                     -0.25363944
                  2802.5                     -0.25657033
                    2805                     -0.25883862
                  2807.5                     -0.26050337
                    2810                     -0.26168465
                  2812.5                     -0.26256284
                    2815                     -0.26335236
                  2817.5                      -0.2642892
                    2820                     -0.26560389
                  2822.5                      -0.2674983
                    2825                     -0.27013257
                  2827.5                     -0.27360323
                    2830                      -0.2779378
                  2832.5                     -0.28308863
                    2835                     -0.28894212
                  2837.5                      -0.2953238
                    2840                     -0.30201995
                  2842.5                     -0.30879602
                    2845                      -0.3154185
                  2847.5                     -0.32167997
                    2850                      -0.3274221
                  2852.5                     -0.33254963
                    2855                     -0.33704133
                  2857.5                     -0.34095619
                    2860                     -0.34442602
                  2862.5                     -0.34764639
                    2865                     -0.35085803
                  2867.5                     -0.35432609
                    2870                      -0.3583114
                  2872.5                     -0.36305358
                    2875                     -0.36874412
                  2877.5                     -0.37550799
                    2880                     -0.38339948
                  2882.5                     -0.39238939
                    2885                     -0.40237684
                  2887.5                     -0.41319251
                    2890                     -0.42462303
                  2892.5                     -0.43642575
                    2895                      -0.4483642
                  2897.5                      -0.4602219
                    2900                     -0.47183682
                  2902.5                     -0.48311265
                    2905                     -0.49403428
                  2907.5                     -0.50467648
                    2910                     -0.51519912
                  2912.5                      -0.5258325
                    2915                     -0.53686198
                  2917.5                     -0.54860766
                    2920                     -0.56139556
                  2922.5                     -0.57553025
                    2925                     -0.59127509
                  2927.5                     -0.60883032
                    2930                     -0.62832195
                  2932.5                     -0.64979695
                    2935                      -0.6732254
                  2937.5                     -0.69851059
                    2940                     -0.72550795
                  2942.5                     -0.75405013
                    2945                     -0.78397363
                  2947.5                     -0.81514647
                    2950                     -0.84749248
                  2952.5                     -0.88101885
                    2955                     -0.91583052
                  2957.5                     -0.95213461
                    2960                      -0.9902494
                  2962.5                      -1.0305874
                    2965                      -1.0736468
                  2967.5                      -1.1199847
                    2970                      -1.1701993
                  2972.5                      -1.2249036
                    2975                      -1.2847023
                  2977.5                      -1.3501798
                    2980                      -1.4218812
                  2982.5                      -1.5003144
                    2985                      -1.5859557
                  2987.5                      -1.6792547
                    2990                      -1.7806556
                  2992.5                      -1.8906178
                    2995                      -2.0096389
                  2997.5                       -2.138275
                    3000                      -2.2771613

