        Frequency / MHz                S1,1/abs,dB
----------------------------------------------------------------------
                     500                     -0.32502242
                   502.5                     -0.23966726
                     505                     -0.15526482
                   507.5                    -0.076569115
                     510                   -0.0074550376
                   512.5                     0.049152347
                     515                     0.091300411
                   517.5                      0.11797338
                     520                      0.12902945
                   522.5                      0.12513679
                     525                      0.10767991
                   527.5                     0.078676815
                     530                      0.04066916
                   532.5                   -0.0034079843
                     535                    -0.050380257
                   537.5                    -0.096995711
                     540                     -0.14013774
                   542.5                     -0.17700963
                     545                     -0.20533498
                   547.5                     -0.22351353
                     550                     -0.23072159
                   552.5                     -0.22695494
                     555                     -0.21298012
                   557.5                     -0.19023959
                     560                     -0.16068588
                   562.5                     -0.12660316
                     565                    -0.090406015
                   567.5                    -0.054470061
                     570                    -0.020978497
                   572.5                    0.0082038593
                     575                     0.031604765
                   577.5                     0.048196019
                     580                     0.057419022
                   582.5                      0.05918643
                     585                     0.053841216
                   587.5                     0.042136413
                     590                     0.025166503
                   592.5                    0.0042912763
                     595                      -0.0189407
                   597.5                    -0.042893267
                     600                    -0.065940115
                   602.5                    -0.086576134
                     605                     -0.10351103
                   607.5                     -0.11574614
                     610                     -0.12264514
                   612.5                     -0.12396207
                     615                     -0.11983763
                   617.5                     -0.11078163
                     620                    -0.097610309
                   622.5                    -0.081370508
                     625                    -0.063258608
                   627.5                    -0.044518014
                     630                    -0.026369225
                   632.5                   -0.0099185919
                     635                    0.0038980013
                   637.5                     0.014356734
                     640                       0.0209873
                   642.5                      0.02357395
                     645                     0.022163749
                   647.5                     0.017046886
                     650                    0.0087239934
                   652.5                   -0.0021193829
                     655                    -0.014673814
                   657.5                    -0.028052533
                     660                    -0.041351699
                   662.5                    -0.053705773
                     665                     -0.06434543
                   667.5                    -0.072646479
                     670                    -0.078160878
                   672.5                    -0.080647708
                     675                    -0.080075998
                   677.5                    -0.076618685
                     680                    -0.070634317
                   682.5                    -0.062628957
                     685                    -0.053216769
                   687.5                    -0.043069061
                     690                    -0.032873263
                   692.5                     -0.02327964
                     695                    -0.014869512
                   697.5                   -0.0081180613
                     700                   -0.0033673508
                   702.5                  -0.00082129862
                     705                  -0.00053479938
                   707.5                   -0.0024168413
                     710                   -0.0062472809
                   712.5                     -0.01169474
                     715                     -0.01833872
                   717.5                    -0.025705101
                     720                    -0.033293553
                   722.5                    -0.040611951
                     725                    -0.047207687
                   727.5                    -0.052696447
                     730                    -0.056779269
                   732.5                    -0.059268488
                     735                    -0.060082707
                   737.5                    -0.059258133
                     740                    -0.056930761
                   742.5                    -0.053331926
                     745                    -0.048759867
                   747.5                    -0.043560538
                     750                    -0.038102054
                   752.5                    -0.032747349
                     755                    -0.027836643
                   757.5                    -0.023661641
                     760                    -0.020454729
                   762.5                    -0.018374844
                     765                    -0.017504115
                   767.5                    -0.017847802
                     770                    -0.019334376
                   772.5                    -0.021829477
                     775                    -0.025145349
                   777.5                    -0.029054296
                     780                    -0.033306504
                   782.5                    -0.037645916
                     785                    -0.041827485
                   787.5                    -0.045627632
                     790                    -0.048863748
                   792.5                    -0.051395299
                     795                    -0.053136341
                   797.5                    -0.054054779
                     800                    -0.054166787
                   802.5                    -0.053543242
                     805                    -0.052289701
                   807.5                    -0.050544862
                     810                    -0.048466895
                   812.5                    -0.046224734
                     815                    -0.043983567
                   817.5                    -0.041899454
                     820                    -0.040109227
                   822.5                    -0.038723913
                     825                    -0.037825196
                   827.5                    -0.037462632
                     830                    -0.037654766
                   832.5                    -0.038392246
                     835                    -0.039633199
                   837.5                    -0.041321877
                     840                    -0.043377421
                   842.5                    -0.045709381
                     845                    -0.048222471
                   847.5                    -0.050820453
                     850                    -0.053406425
                   852.5                    -0.055893291
                     855                    -0.058204762
                   857.5                    -0.060276038
                     860                     -0.06205901
                   862.5                    -0.063514598
                     865                    -0.064625662
                   867.5                    -0.065387031
                     870                    -0.065807247
                   872.5                    -0.065910467
                     875                    -0.065730612
                   877.5                    -0.065315542
                     880                    -0.064721928
                   882.5                    -0.064014043
                     885                    -0.063264664
                   887.5                    -0.062548872
                     890                    -0.061945641
                   892.5                    -0.061533482
                     895                    -0.061384842
                   897.5                    -0.061568895
                     900                    -0.062140844
                   902.5                    -0.063146506
                     905                    -0.064610948
                   907.5                    -0.066542789
                     910                    -0.068928143
                   912.5                    -0.071730731
                     915                    -0.074892697
                   917.5                    -0.078333979
                     920                    -0.081958412
                   922.5                    -0.085655685
                     925                     -0.08930621
                   927.5                     -0.09278901
                     930                    -0.095988007
                   932.5                    -0.098802429
                     935                     -0.10114913
                   937.5                     -0.10297328
                     940                     -0.10425275
                   942.5                     -0.10500127
                     945                     -0.10526958
                   947.5                     -0.10514751
                     950                     -0.10475423
                   952.5                     -0.10424364
                     955                     -0.10378268
                   957.5                     -0.10355195
                     960                      -0.1037323
                   962.5                     -0.10449106
                     965                     -0.10597579
                   967.5                     -0.10829607
                     970                     -0.11152249
                   972.5                     -0.11567992
                     975                     -0.12073597
                   977.5                     -0.12660838
                     980                     -0.13316434
                   982.5                     -0.14023098
                     985                     -0.14759447
                   987.5                     -0.15502554
                     990                     -0.16228313
                   992.5                     -0.16913714
                     995                     -0.17537935
                   997.5                     -0.18084459
                    1000                     -0.18542063
                  1002.5                     -0.18905788
                    1005                     -0.19177864
                  1007.5                     -0.19367859
                    1010                      -0.1949244
                  1012.5                     -0.19574615
                    1015                     -0.19642245
                  1017.5                      -0.1972689
                    1020                     -0.19861603
                  1022.5                       -0.200792
                    1025                     -0.20409851
                  1027.5                     -0.20879569
                    1030                     -0.21508043
                  1032.5                     -0.22307754
                    1035                     -0.23282613
                  1037.5                     -0.24427218
                    1040                     -0.25727852
                  1042.5                     -0.27162267
                    1045                     -0.28701025
                  1047.5                     -0.30309762
                    1050                      -0.3195079
                  1052.5                     -0.33585997
                    1055                     -0.35179576
                  1057.5                     -0.36700574
                    1060                     -0.38125689
                  1062.5                     -0.39441909
                    1065                     -0.40647354
                  1067.5                     -0.41753075
                    1070                     -0.42782807
                  1072.5                     -0.43772519
                    1075                     -0.44768778
                  1077.5                     -0.45826575
                    1080                     -0.47006685
                  1082.5                     -0.48372602
                    1085                     -0.49987249
                  1087.5                     -0.51909068
                    1090                     -0.54190269
                  1092.5                     -0.56872842
                    1095                     -0.59987508
                  1097.5                     -0.63551572
                    1100                     -0.67568554
                  1102.5                     -0.72028721
                    1105                     -0.76909414
                  1107.5                     -0.82178065
                    1110                     -0.87794334
                  1112.5                     -0.93714482
                    1115                     -0.99895953
                  1117.5                      -1.0630229
                    1120                       -1.129089
                  1122.5                      -1.1970784
                    1125                      -1.2671324
                  1127.5                      -1.3396545
                    1130                      -1.4153375
                  1132.5                      -1.4951824
                    1135                      -1.5805021
                  1137.5                      -1.6729101
                    1140                      -1.7742983
                  1142.5                      -1.8868086
                    1145                      -2.0127903
                  1147.5                       -2.154765
                    1150                      -2.3153812
                  1152.5                      -2.4973772
                    1155                      -2.7035369
                  1157.5                      -2.9366525
                    1160                      -3.1994683
                  1162.5                      -3.4946261
                    1165                       -3.824564
                  1167.5                      -4.1913803
                    1170                      -4.5966154
                  1172.5                      -5.0409054
                    1175                      -5.5234493
                  1177.5                      -6.0411984
                    1180                      -6.5876609
                  1182.5                      -7.1512693
                    1185                      -7.7133793
                  1187.5                       -8.246412
                    1190                        -8.71338
                  1192.5                      -9.0708953
                    1195                      -9.2774175
                  1197.5                      -9.3055513
                    1200                      -9.1523415
                  1202.5                      -8.8404762
                    1205                      -8.4094866
                  1207.5                      -7.9032348
                    1210                      -7.3604993
                  1212.5                      -6.8109262
                    1215                       -6.274936
                  1217.5                      -5.7654163
                    1220                       -5.289755
                  1222.5                      -4.8515675
                    1225                      -4.4519845
                  1227.5                      -4.0905379
                    1230                      -3.7657458
                  1232.5                      -3.4754947
                    1235                      -3.2172802
                  1237.5                      -2.9883696
                    1240                      -2.7858986
                  1242.5                      -2.6069543
                    1245                      -2.4486292
                  1247.5                      -2.3080721
                    1250                      -2.1825433
                  1252.5                      -2.0694529
                    1255                      -1.9664202
                  1257.5                      -1.8713167
                    1260                      -1.7822976
                  1262.5                      -1.6978531
                    1265                      -1.6168061
                  1267.5                      -1.5383312
                    1270                      -1.4619351
                  1272.5                       -1.387428
                    1275                      -1.3148817
                  1277.5                      -1.2445791
                    1280                      -1.1769474
                  1282.5                      -1.1125028
                    1285                      -1.0517825
                  1287.5                     -0.99529664
                    1290                     -0.94347645
                  1292.5                     -0.89663529
                    1295                     -0.85494663
                  1297.5                     -0.81842304
                    1300                     -0.78690793
                  1302.5                     -0.76008994
                    1305                     -0.73750323
                  1307.5                     -0.71856196
                    1310                     -0.70257916
                  1312.5                      -0.6888129
                    1315                     -0.67649531
                  1317.5                     -0.66487899
                    1320                     -0.65327774
                  1322.5                     -0.64110108
                    1325                     -0.62788524
                  1327.5                     -0.61331807
                    1330                     -0.59724687
                  1332.5                     -0.57968405
                    1335                     -0.56079579
                  1337.5                     -0.54087944
                    1340                     -0.52034183
                  1342.5                     -0.49966134
                    1345                     -0.47935069
                  1347.5                     -0.45992312
                    1350                     -0.44185583
                  1352.5                     -0.42555722
                    1355                     -0.41134599
                  1357.5                     -0.39942738
                    1360                     -0.38988581
                  1362.5                     -0.38268122
                    1365                     -0.37765094
                  1367.5                     -0.37452514
                    1370                     -0.37294016
                  1372.5                     -0.37246467
                    1375                     -0.37262799
                  1377.5                     -0.37294589
                    1380                     -0.37295391
                  1382.5                     -0.37223819
                    1385                     -0.37045462
                  1387.5                     -0.36735961
                    1390                     -0.36281447
                  1392.5                     -0.35679963
                    1395                     -0.34940652
                  1397.5                     -0.34083247
                    1400                     -0.33136399
                  1402.5                     -0.32135487
                    1405                     -0.31119503
                  1407.5                     -0.30129118
                    1410                     -0.29203723
                  1412.5                     -0.28378342
                    1415                      -0.2768198
                  1417.5                      -0.2713582
                    1420                     -0.26751657
                  1422.5                      -0.2653173
                    1425                     -0.26468624
                  1427.5                     -0.26545393
                    1430                     -0.26737581
                  1432.5                     -0.27014108
                    1435                     -0.27339665
                  1437.5                     -0.27677085
                    1440                     -0.27989567
                  1442.5                     -0.28243246
                    1445                     -0.28409134
                  1447.5                     -0.28465536
                    1450                      -0.2839898
                  1452.5                        -0.28205
                    1455                     -0.27888652
                  1457.5                     -0.27463649
                    1460                     -0.26951643
                  1462.5                      -0.2638028
                    1465                     -0.25781531
                  1467.5                     -0.25189405
                    1470                     -0.24637531
                  1472.5                     -0.24156915
                    1475                     -0.23774382
                  1477.5                     -0.23510509
                    1480                      -0.2337826
                  1482.5                      -0.2338295
                    1485                     -0.23521249
                  1487.5                     -0.23781783
                    1490                      -0.2414601
                  1492.5                     -0.24589279
                    1495                     -0.25082573
                  1497.5                     -0.25594604
                    1500                     -0.26093304
                  1502.5                     -0.26548723
                    1505                     -0.26934164
                  1507.5                     -0.27228941
                    1510                     -0.27418814
                  1512.5                     -0.27497565
                    1515                     -0.27467079
                  1517.5                      -0.2733737
                    1520                     -0.27125476
                  1522.5                     -0.26854802
                    1525                      -0.2655313
                  1527.5                     -0.26250662
                    1530                     -0.25978429
                  1532.5                     -0.25766066
                    1535                     -0.25639388
                  1537.5                      -0.2561966
                    1540                     -0.25721997
                  1542.5                     -0.25954002
                    1545                     -0.26315885
                  1547.5                     -0.26800223
                    1550                     -0.27392647
                  1552.5                     -0.28072506
                    1555                     -0.28814754
                  1557.5                     -0.29590967
                    1560                     -0.30371597
                  1562.5                     -0.31128132
                    1565                     -0.31834308
                  1567.5                     -0.32468996
                    1570                     -0.33016603
                  1572.5                     -0.33468831
                    1575                     -0.33825299
                  1577.5                     -0.34093173
                    1580                     -0.34287444
                  1582.5                     -0.34429392
                    1585                      -0.3454563
                  1587.5                     -0.34666007
                    1590                      -0.3482236
                  1592.5                     -0.35045797
                    1595                     -0.35365315
                  1597.5                     -0.35805873
                    1600                     -0.36386707
                  1602.5                     -0.37120534
                    1605                     -0.38012667
                  1607.5                     -0.39061031
                    1610                      -0.4025552
                  1612.5                     -0.41579893
                    1615                     -0.43012203
                  1617.5                      -0.4452642
                    1620                     -0.46094278
                  1622.5                     -0.47687217
                    1625                     -0.49278496
                  1627.5                     -0.50845418
                    1630                     -0.52370844
                  1632.5                     -0.53844981
                    1635                     -0.55266421
                  1637.5                     -0.56642168
                    1640                     -0.57988709
                  1642.5                      -0.5933042
                    1645                     -0.60699279
                  1647.5                      -0.6213251
                    1650                      -0.6367161
                  1652.5                     -0.65359612
                    1655                     -0.67239118
                  1657.5                     -0.69350517
                    1660                     -0.71729611
                  1662.5                     -0.74406547
                    1665                     -0.77404151
                  1667.5                     -0.80737481
                    1670                     -0.84413714
                  1672.5                     -0.88432427
                    1675                     -0.92786346
                  1677.5                     -0.97463188
                    1680                      -1.0244764
                  1682.5                      -1.0772368
                    1685                      -1.1327716
                  1687.5                      -1.1909915
                    1690                      -1.2518912
                  1692.5                      -1.3155758
                    1695                      -1.3822873
                  1697.5                      -1.4524271
                    1700                      -1.5265746
                  1702.5                      -1.6054921
                    1705                      -1.6901326
                  1707.5                      -1.7816275
                    1710                      -1.8812844
                  1712.5                      -1.9905602
                    1715                      -2.1110537
                  1717.5                      -2.2444648
                    1720                      -2.3925856
                  1722.5                      -2.5572637
                    1725                      -2.7403751
                  1727.5                      -2.9437964
                    1730                      -3.1693629
                  1732.5                      -3.4188312
                    1735                      -3.6938175
                  1737.5                      -3.9957207
                    1740                        -4.32561
                  1742.5                      -4.6840616
                    1745                      -5.0709301
                  1747.5                      -5.4850198
                    1750                      -5.9236177
                  1752.5                      -6.3818798
                    1755                      -6.8520388
                  1757.5                      -7.3225023
                    1760                       -7.777031
                  1762.5                      -8.1944032
                    1765                       -8.549217
                  1767.5                      -8.8145471
                    1770                      -8.9666434
                  1772.5                      -8.9905917
                    1775                      -8.8845523
                  1777.5                      -8.6603133
                    1780                      -8.3398073
                  1782.5                      -7.9495643
                    1785                      -7.5156018
                  1787.5                      -7.0602381
                    1790                      -6.6008737
                  1792.5                      -6.1501126
                    1795                      -5.7165159
                  1797.5                      -5.3055055
                    1800                      -4.9201929
                  1802.5                       -4.562044
                    1805                       -4.231384
                  1807.5                      -3.9277565
                    1810                      -3.6501794
                  1812.5                      -3.3973252
                    1815                      -3.1676412
                  1817.5                      -2.9594434
                    1820                      -2.7709764
                  1822.5                      -2.6004583
                    1825                      -2.4461212
                  1827.5                      -2.3062408
                    1830                      -2.1791543
                  1832.5                      -2.0632975
                    1835                      -1.9572107
                  1837.5                       -1.859562
                    1840                      -1.7691599
                  1842.5                      -1.6849655
                    1845                      -1.6060942
                  1847.5                      -1.5318178
                    1850                      -1.4615622
                  1852.5                      -1.3948962
                    1855                      -1.3315151
                  1857.5                      -1.2712267
                    1860                      -1.2139299
                  1862.5                      -1.1595946
                    1865                      -1.1082308
                  1867.5                      -1.0598784
                    1870                      -1.0145787
                  1872.5                     -0.97235713
                    1875                     -0.93321621
                  1877.5                     -0.89711535
                    1880                      -0.8639689
                  1882.5                      -0.8336418
                    1885                     -0.80595326
                  1887.5                     -0.78067691
                    1890                      -0.7575501
                  1892.5                     -0.73628199
                    1895                     -0.71657094
                  1897.5                     -0.69810965
                    1900                      -0.6806034
                  1902.5                     -0.66378204
                    1905                     -0.64740801
                  1907.5                     -0.63128889
                    1910                     -0.61528146
                  1912.5                     -0.59929969
                    1915                     -0.58330773
                  1917.5                     -0.56732704
                    1920                     -0.55141797
                  1922.5                     -0.53568587
                    1925                     -0.52025628
                  1927.5                     -0.50527462
                    1930                     -0.49089168
                  1932.5                     -0.47724718
                    1935                     -0.46446421
                  1937.5                     -0.45263936
                    1940                     -0.44183314
                  1942.5                     -0.43206867
                    1945                     -0.42332759
                  1947.5                     -0.41554959
                    1950                     -0.40864114
                  1952.5                     -0.40247105
                    1955                     -0.39689098
                  1957.5                     -0.39173039
                    1960                     -0.38681826
                  1962.5                     -0.38198524
                    1965                     -0.37707852
                  1967.5                      -0.3719667
                    1970                     -0.36655027
                  1972.5                     -0.36076571
                    1975                     -0.35458822
                  1977.5                     -0.34803366
                    1980                     -0.34115291
                  1982.5                     -0.33403029
                    1985                     -0.32677622
                  1987.5                     -0.31952039
                    1990                     -0.31239988
                  1992.5                     -0.30555238
                    1995                     -0.29910363
                  1997.5                     -0.29316406
                    2000                     -0.28781524
                  2002.5                     -0.28311175
                    2005                     -0.27907019
                  2007.5                     -0.27567545
                    2010                     -0.27287442
                  2012.5                     -0.27058625
                    2015                     -0.26870309
                  2017.5                     -0.26709905
                    2020                     -0.26563696
                  2022.5                     -0.26417929
                    2025                     -0.26259343
                  2027.5                     -0.26076368
                    2030                     -0.25859831
                  2032.5                     -0.25603271
                    2035                      -0.2530334
                  2037.5                     -0.24960505
                    2040                     -0.24578052
                  2042.5                     -0.24163144
                    2045                     -0.23724703
                  2047.5                     -0.23274149
                    2050                     -0.22823713
                  2052.5                     -0.22386316
                    2055                     -0.21973913
                  2057.5                     -0.21597451
                    2060                     -0.21265709
                  2062.5                     -0.20984545
                    2065                     -0.20757236
                  2067.5                     -0.20583462
                    2070                     -0.20459873
                  2072.5                     -0.20380102
                    2075                     -0.20335125
                  2077.5                     -0.20313884
                    2080                     -0.20304278
                  2082.5                     -0.20293445
                    2085                     -0.20269054
                  2087.5                     -0.20220185
                    2090                     -0.20137332
                  2092.5                     -0.20014002
                    2095                     -0.19846377
                  2097.5                     -0.19634056
                    2100                     -0.19379689
                  2102.5                     -0.19089036
                    2105                     -0.18770613
                  2107.5                     -0.18434632
                    2110                     -0.18093051
                  2112.5                      -0.1775802
                    2115                     -0.17441408
                  2117.5                     -0.17154251
                    2120                     -0.16905396
                  2122.5                     -0.16701559
                    2125                     -0.16546341
                  2127.5                     -0.16440362
                    2130                     -0.16381266
                  2132.5                     -0.16363393
                    2135                      -0.1637856
                  2137.5                     -0.16416647
                    2140                     -0.16466054
                  2142.5                     -0.16514655
                    2145                     -0.16550282
                  2147.5                     -0.16562095
                    2150                     -0.16540688
                  2152.5                     -0.16479385
                    2155                     -0.16374097
                  2157.5                      -0.1622404
                    2160                     -0.16031434
                  2162.5                     -0.15801722
                    2165                     -0.15542866
                  2167.5                        -0.15265
                    2170                     -0.14979571
                  2172.5                     -0.14698751
                    2175                     -0.14434484
                  2177.5                     -0.14197627
                    2180                     -0.13997632
                  2182.5                     -0.13840994
                    2185                       -0.137319
                  2187.5                       -0.136712
                    2190                     -0.13656679
                  2192.5                     -0.13683037
                    2195                      -0.1374235
                  2197.5                     -0.13824569
                    2200                     -0.13917982
                  2202.5                     -0.14010617
                    2205                     -0.14090012
                  2207.5                      -0.1414514
                    2210                     -0.14166692
                  2212.5                      -0.1414742
                    2215                     -0.14083089
                  2217.5                     -0.13972776
                    2220                     -0.13818479
                  2222.5                     -0.13625801
                    2225                     -0.13402334
                  2227.5                     -0.13158267
                    2230                     -0.12905444
                  2232.5                     -0.12656054
                    2235                     -0.12422425
                  2237.5                     -0.12215503
                    2240                     -0.12044896
                  2242.5                     -0.11917613
                    2245                     -0.11837683
                  2247.5                     -0.11806256
                    2250                     -0.11821172
                  2252.5                     -0.11876856
                    2255                     -0.11965503
                  2257.5                      -0.1207676
                    2260                     -0.12198687
                  2262.5                     -0.12318871
                    2265                     -0.12424795
                  2267.5                     -0.12505088
                    2270                     -0.12550174
                  2272.5                     -0.12552616
                    2275                     -0.12508269
                  2277.5                     -0.12416069
                    2280                     -0.12278483
                  2282.5                      -0.1210093
                    2285                      -0.1189181
                  2287.5                     -0.11661693
                    2290                     -0.11422633
                  2292.5                     -0.11187536
                    2295                     -0.10969112
                  2297.5                     -0.10778764
                    2300                     -0.10626433
                  2302.5                     -0.10519231
                    2305                     -0.10461559
                  2307.5                     -0.10454089
                    2310                     -0.10494663
                  2312.5                     -0.10577451
                    2315                     -0.10693893
                  2317.5                     -0.10833302
                    2320                     -0.10983065
                  2322.5                     -0.11130162
                    2325                     -0.11261585
                  2327.5                      -0.1136539
                    2330                     -0.11431612
                  2332.5                     -0.11452775
                    2335                     -0.11424487
                  2337.5                     -0.11345881
                    2340                     -0.11219827
                  2342.5                     -0.11052059
                    2345                     -0.10851626
                  2347.5                     -0.10629917
                    2350                     -0.10399508
                  2352.5                     -0.10174108
                    2355                    -0.099669085
                  2357.5                    -0.097900396
                    2360                    -0.096537252
                  2362.5                    -0.095650792
                    2365                    -0.095285707
                  2367.5                    -0.095448997
                    2370                     -0.09611074
                  2372.5                    -0.097206502
                    2375                    -0.098646023
                  2377.5                     -0.10031013
                    2380                     -0.10206677
                  2382.5                     -0.10377641
                    2385                     -0.10530187
                  2387.5                     -0.10651554
                    2390                     -0.10731338
                  2392.5                     -0.10762216
                    2395                     -0.10739643
                  2397.5                     -0.10663072
                    2400                     -0.10536019
                  2402.5                     -0.10364927
                    2405                     -0.10159794
                  2407.5                    -0.099330771
                    2410                    -0.096985951
                  2412.5                    -0.094707157
                    2415                    -0.092637229
                  2417.5                    -0.090904444
                    2420                    -0.089614857
                  2422.5                    -0.088845362
                    2425                     -0.08863514
                  2427.5                    -0.088990215
                    2430                    -0.089872808
                  2432.5                    -0.091213237
                    2435                    -0.092906455
                  2437.5                    -0.094828048
                    2440                    -0.096828502
                  2442.5                    -0.098758877
                    2445                     -0.10047318
                  2447.5                     -0.10183607
                    2450                     -0.10274038
                  2452.5                      -0.1031036
                    2455                     -0.10288975
                  2457.5                     -0.10209692
                    2460                     -0.10076283
                  2462.5                    -0.098968708
                    2465                    -0.096823808
                  2467.5                    -0.094463077
                    2470                    -0.092041995
                  2472.5                    -0.089717462
                    2475                    -0.087640752
                  2477.5                    -0.085948323
                    2480                    -0.084753103
                  2482.5                     -0.08413074
                    2485                    -0.084121355
                  2487.5                    -0.084723121
                    2490                    -0.085890067
                  2492.5                       -0.087541
                    2495                    -0.089557895
                  2497.5                    -0.091796231
                    2500                    -0.094096009
                  2502.5                    -0.096292554
                    2505                    -0.098224902
                  2507.5                    -0.099750546
                    2510                     -0.10075364
                  2512.5                     -0.10115626
                    2515                     -0.10091622
                  2517.5                      -0.1000417
                    2520                    -0.098581864
                  2522.5                    -0.096628715
                    2525                    -0.094310613
                  2527.5                     -0.09177939
                    2530                    -0.089205022
                  2532.5                     -0.08676056
                    2535                    -0.084611993
                  2537.5                    -0.082907602
                    2540                    -0.081763772
                  2542.5                    -0.081259486
                    2545                    -0.081431344
                  2547.5                    -0.082270869
                    2550                    -0.083719646
                  2552.5                    -0.085681276
                    2555                    -0.088019517
                  2557.5                    -0.090573121
                    2560                    -0.093160906
                  2562.5                    -0.095603158
                    2565                    -0.097723461
                  2567.5                    -0.099368081
                    2570                     -0.10041413
                  2572.5                     -0.10078041
                    2575                     -0.10043247
                  2577.5                    -0.099386092
                    2580                    -0.097703835
                  2582.5                    -0.095497567
                    2585                    -0.092913884
                  2587.5                    -0.090127007
                    2590                    -0.087328976
                  2592.5                    -0.084711169
                    2595                    -0.082458271
                  2597.5                    -0.080727072
                    2600                    -0.079643276
                  2602.5                    -0.079287366
                    2605                    -0.079690646
                  2607.5                     -0.08083345
                    2610                    -0.082643775
                  2612.5                    -0.085004176
                    2615                    -0.087757709
                  2617.5                    -0.090715515
                    2620                     -0.09367825
                  2622.5                    -0.096439158
                    2625                    -0.098806541
                  2627.5                     -0.10060941
                    2630                     -0.10172045
                  2632.5                     -0.10205692
                    2635                     -0.10158832
                  2637.5                     -0.10034193
                    2640                    -0.098400447
                  2642.5                    -0.095896603
                    2645                    -0.093002418
                  2647.5                    -0.089917247
                    2650                    -0.086862583
                  2652.5                    -0.084050276
                    2655                    -0.081685032
                  2657.5                     -0.07993925
                    2660                    -0.078943428
                  2662.5                    -0.078780303
                    2665                    -0.079473927
                  2667.5                    -0.080991653
                    2670                    -0.083239728
                  2672.5                     -0.08607654
                    2675                    -0.089315778
                  2677.5                    -0.092742802
                    2680                    -0.096125336
                  2682.5                    -0.099231607
                    2685                     -0.10184677
                  2687.5                      -0.1037868
                    2690                       -0.104914
                  2692.5                     -0.10514488
                    2695                     -0.10445805
                  2697.5                     -0.10289991
                    2700                     -0.10057403
                  2702.5                     -0.09764128
                    2705                    -0.094309209
                  2707.5                    -0.090809774
                    2710                    -0.087394592
                  2712.5                    -0.084308611
                    2715                    -0.081775536
                  2717.5                    -0.079987693
                    2720                    -0.079084194
                  2722.5                    -0.079145357
                    2725                    -0.080187837
                  2727.5                    -0.082156824
                    2730                    -0.084939324
                  2732.5                    -0.088356595
                    2735                    -0.092192096
                  2737.5                    -0.096190268
                    2740                     -0.10008413
                  2742.5                     -0.10361147
                    2745                     -0.10652826
                  2747.5                     -0.10863443
                    2750                     -0.10978024
                  2752.5                     -0.10988761
                    2755                     -0.10894543
                  2757.5                     -0.10702083
                    2760                     -0.10424903
                  2762.5                     -0.10082799
                    2765                    -0.097001901
                  2767.5                     -0.09304846
                    2770                    -0.089254978
                  2772.5                    -0.085904786
                    2775                    -0.083248569
                  2777.5                    -0.081495549
                    2780                    -0.080794034
                  2782.5                     -0.08122228
                    2785                    -0.082781483
                  2787.5                    -0.085395019
                    2790                    -0.088912553
                  2792.5                    -0.093119895
                    2795                    -0.097752439
                  2797.5                     -0.10250883
                    2800                     -0.10707787
                  2802.5                     -0.11115627
                    2805                     -0.11447056
                  2807.5                      -0.1167964
                    2810                     -0.11797773
                  2812.5                     -0.11793663
                    2815                     -0.11668244
                  2817.5                     -0.11430882
                    2820                     -0.11099077
                  2822.5                       -0.106974
                    2825                      -0.1025549
                  2827.5                    -0.098060342
                    2830                    -0.093830006
                  2832.5                    -0.090186291
                    2835                    -0.087416706
                  2837.5                    -0.085749442
                    2840                    -0.085343741
                  2842.5                    -0.086271501
                    2845                     -0.08851416
                  2847.5                    -0.091964295
                    2850                    -0.096428225
                  2852.5                     -0.10164051
                    2855                      -0.1072785
                  2857.5                     -0.11298643
                    2860                     -0.11839615
                  2862.5                     -0.12315563
                    2865                     -0.12695589
                  2867.5                     -0.12954339
                    2870                     -0.13075636
                  2872.5                     -0.13052563
                    2875                      -0.1288796
                  2877.5                     -0.12595618
                    2880                     -0.12198105
                  2882.5                     -0.11725797
                    2885                     -0.11214843
                  2887.5                      -0.1070485
                    2890                     -0.10235448
                  2892.5                     -0.09844169
                    2895                    -0.095636791
                  2897.5                    -0.094195427
                    2900                    -0.094279552
                  2902.5                    -0.095952639
                    2905                    -0.099171545
                  2907.5                     -0.10378371
                    2910                     -0.10953866
                  2912.5                     -0.11610465
                    2915                     -0.12308786
                  2917.5                     -0.13005734
                    2920                     -0.13657611
                  2922.5                      -0.1422333
                    2925                     -0.14666841
                  2927.5                     -0.14960559
                    2930                     -0.15087078
                  2932.5                     -0.15040652
                    2935                     -0.14827905
                  2937.5                     -0.14467327
                    2940                     -0.13988581
                  2942.5                     -0.13429854
                    2945                      -0.1283544
                  2947.5                     -0.12253113
                    2950                     -0.11729932
                  2952.5                     -0.11309904
                    2955                     -0.11030089
                  2957.5                     -0.10918856
                    2960                     -0.10993112
                  2962.5                     -0.11257443
                    2965                     -0.11703463
                  2967.5                     -0.12310278
                    2970                     -0.13045279
                  2972.5                     -0.13866642
                    2975                     -0.14725582
                  2977.5                     -0.15569632
                    2980                     -0.16346442
                  2982.5                     -0.17006972
                    2985                     -0.17510111
                  2987.5                     -0.17824794
                    2990                     -0.17932818
                  2992.5                     -0.17830712
                    2995                      -0.1752992
                  2997.5                     -0.17056218
                    3000                     -0.16448248

