        Frequency / MHz                S1,1/abs,dB
----------------------------------------------------------------------
                     500                      0.10203633
                   502.5                      0.18539957
                     505                      0.25349074
                   507.5                      0.30381214
                     510                       0.3341628
                   512.5                      0.34260044
                     515                       0.3274046
                   517.5                        0.287035
                     520                      0.22010233
                   522.5                      0.12534355
                     525                    0.0015926428
                   527.5                     -0.15222127
                     530                     -0.33707262
                   532.5                     -0.55383065
                     535                     -0.80321717
                   537.5                      -1.0857444
                     540                      -1.4016127
                   542.5                       -1.750552
                     545                      -2.1315937
                   547.5                      -2.5427327
                     550                      -2.9804659
                   552.5                      -3.4391667
                     555                      -3.9103037
                   557.5                      -4.3815743
                     560                      -4.8361469
                   562.5                       -5.252439
                     565                       -5.605086
                   567.5                      -5.8677336
                     570                      -6.0177293
                   572.5                      -6.0415333
                     575                      -5.9385399
                   577.5                      -5.7212344
                     580                      -5.4115949
                   582.5                      -5.0357132
                     585                      -4.6189937
                   587.5                       -4.183186
                     590                      -3.7453109
                   592.5                      -3.3178059
                     595                      -2.9092622
                   597.5                      -2.5252885
                     600                      -2.1692954
                   602.5                      -1.8431479
                     605                      -1.5476221
                   607.5                      -1.2827574
                     610                      -1.0480938
                   612.5                     -0.84282784
                     615                     -0.66592852
                   617.5                     -0.51619661
                     620                     -0.39231415
                   622.5                     -0.29286503
                     625                     -0.21634455
                   627.5                     -0.16116212
                     630                     -0.12563973
                   632.5                     -0.10800746
                     635                     -0.10639245
                   637.5                     -0.11882384
                     640                      -0.1432245
                   642.5                     -0.17742488
                     645                     -0.21917145
                   647.5                     -0.26615317
                     650                     -0.31603431
                   652.5                     -0.36650383
                     655                     -0.41532594
                   657.5                     -0.46041126
                     660                     -0.49987268
                   662.5                     -0.53210763
                     665                     -0.55584625
                   667.5                     -0.57020894
                     670                     -0.57472198
                   672.5                     -0.56933709
                     675                     -0.55440348
                   677.5                     -0.53064103
                     680                     -0.49907372
                   682.5                     -0.46096815
                     685                     -0.41775842
                   687.5                     -0.37096671
                     690                     -0.32214336
                   692.5                     -0.27279549
                     695                     -0.22434603
                   697.5                     -0.17808422
                     700                     -0.13514446
                   702.5                     -0.09648476
                     705                    -0.062870563
                   707.5                    -0.034877258
                     710                    -0.012887169
                   712.5                    0.0029057026
                     715                     0.012489811
                   717.5                     0.016023154
                     720                     0.013822554
                   722.5                    0.0063504257
                     725                   -0.0058050888
                   727.5                    -0.021941564
                     730                    -0.041268708
                   732.5                    -0.062929201
                     735                    -0.086021519
                   737.5                     -0.10962974
                     740                     -0.13284934
                   742.5                      -0.1548184
                     745                     -0.17474343
                   747.5                     -0.19192807
                     750                     -0.20579444
                   752.5                     -0.21590464
                     755                     -0.22197134
                   757.5                     -0.22386563
                     760                     -0.22161806
                   762.5                     -0.21541058
                     765                     -0.20556051
                   767.5                     -0.19250618
                     770                     -0.17678166
                   772.5                     -0.15899287
                     775                     -0.13978752
                   777.5                      -0.1198347
                     780                    -0.099794721
                   782.5                    -0.080300218
                     785                    -0.061934513
                   787.5                    -0.045216128
                     790                    -0.030586916
                   792.5                    -0.018399979
                     795                   -0.0089166441
                   797.5                   -0.0023005161
                     800                    0.0013817002
                   802.5                     0.002157948
                     805                   0.00014655994
                   807.5                   -0.0044499361
                     810                    -0.011355315
                   812.5                    -0.020228058
                     815                    -0.030672426
                   817.5                    -0.042255451
                     820                    -0.054519285
                   822.5                    -0.066995062
                     825                    -0.079221287
                   827.5                    -0.090758901
                     830                     -0.10120386
                   832.5                     -0.11020158
                     835                     -0.11745974
                   837.5                     -0.12275559
                     840                     -0.12594416
                   842.5                     -0.12696001
                     845                     -0.12581636
                   847.5                     -0.12260524
                     850                      -0.1174908
                   852.5                     -0.11069653
                     855                     -0.10249955
                   857.5                    -0.093216114
                     860                     -0.08318966
                   862.5                      -0.0727762
                     865                    -0.062331108
                   867.5                    -0.052199586
                     870                    -0.042702131
                   872.5                    -0.034124925
                     875                    -0.026715922
                   877.5                    -0.020671889
                     880                    -0.016140466
                   882.5                    -0.013212327
                     885                    -0.011922686
                   887.5                    -0.012250385
                     890                    -0.014125718
                   892.5                    -0.017425883
                     895                    -0.021984473
                   897.5                    -0.027600361
                     900                    -0.034041637
                   902.5                    -0.041053806
                     905                    -0.048372387
                   907.5                    -0.055727423
                     910                    -0.062854854
                   912.5                    -0.069507886
                     915                    -0.075458555
                   917.5                    -0.080514072
                     920                    -0.084516359
                   922.5                    -0.087348771
                     925                    -0.088939194
                   927.5                    -0.089263908
                     930                    -0.088341543
                   932.5                    -0.086237619
                     935                      -0.0830561
                   937.5                    -0.078936733
                     940                    -0.074047752
                   942.5                    -0.068579684
                     945                     -0.06273868
                   947.5                    -0.056733366
                     950                    -0.050777393
                   952.5                    -0.045072298
                     955                    -0.039805226
                   957.5                    -0.035142577
                     960                     -0.03122728
                   962.5                    -0.028169264
                     965                    -0.026049796
                   967.5                    -0.024911276
                     970                    -0.024767538
                   972.5                    -0.025594373
                     975                    -0.027336092
                   977.5                    -0.029910459
                     980                    -0.033205804
                   982.5                    -0.037090705
                     985                    -0.041416335
                   987.5                    -0.046024227
                     990                    -0.050748519
                   992.5                    -0.055423827
                     995                    -0.059892118
                   997.5                    -0.064005616
                    1000                    -0.067634087
                  1002.5                    -0.070664972
                    1005                    -0.073013367
                  1007.5                    -0.074617406
                    1010                    -0.075447049
                  1012.5                    -0.075497145
                    1015                    -0.074791616
                  1017.5                    -0.073380983
                    1020                    -0.071340142
                  1022.5                     -0.06876309
                    1025                    -0.065760066
                  1027.5                     -0.06245428
                    1030                    -0.058977253
                  1032.5                     -0.05545975
                    1035                    -0.052032259
                  1037.5                    -0.048820644
                    1040                    -0.045935323
                  1042.5                    -0.043475359
                    1045                    -0.041523368
                  1047.5                    -0.040141283
                    1050                    -0.039368133
                  1052.5                    -0.039224857
                    1055                    -0.039706663
                  1057.5                    -0.040791674
                    1060                    -0.042433982
                  1062.5                    -0.044573561
                    1065                    -0.047131453
                  1067.5                    -0.050020711
                    1070                    -0.053140407
                  1072.5                    -0.056389523
                    1075                    -0.059661311
                  1077.5                    -0.062855216
                    1080                    -0.065869878
                  1082.5                    -0.068619846
                    1085                    -0.071026223
                  1087.5                    -0.073029294
                    1090                    -0.074580405
                  1092.5                    -0.075651935
                    1095                     -0.07623182
                  1097.5                     -0.07632817
                    1100                    -0.075965039
                  1102.5                    -0.075181182
                    1105                    -0.074032513
                  1107.5                    -0.072582789
                    1110                    -0.070909064
                  1112.5                    -0.069089597
                    1115                    -0.067209719
                  1117.5                    -0.065354973
                    1120                     -0.06360326
                  1122.5                    -0.062034361
                    1125                    -0.060711969
                  1127.5                     -0.05969583
                    1130                    -0.059029205
                  1132.5                    -0.058746547
                    1135                    -0.058865889
                  1137.5                    -0.059391805
                    1140                    -0.060313129
                  1142.5                    -0.061609908
                    1145                    -0.063246997
                  1147.5                    -0.065178756
                    1150                     -0.06735329
                  1152.5                    -0.069707938
                    1155                    -0.072181458
                  1157.5                    -0.074706314
                    1160                    -0.077216358
                  1162.5                    -0.079648415
                    1165                     -0.08194693
                  1167.5                    -0.084056826
                    1170                    -0.085937591
                  1172.5                    -0.087556024
                    1175                    -0.088891147
                  1177.5                    -0.089928092
                    1180                    -0.090669942
                  1182.5                     -0.09112805
                    1185                    -0.091322089
                  1187.5                     -0.09128355
                    1190                     -0.09105057
                  1192.5                    -0.090667766
                    1195                    -0.090183167
                  1197.5                    -0.089650129
                    1200                    -0.089120512
                  1202.5                    -0.088645435
                    1205                    -0.088271731
                  1207.5                    -0.088044384
                    1210                    -0.088002255
                  1212.5                    -0.088173927
                    1215                    -0.088584098
                  1217.5                    -0.089247542
                    1220                    -0.090169634
                  1222.5                    -0.091346761
                    1225                    -0.092769986
                  1227.5                    -0.094422627
                    1230                     -0.09627812
                  1232.5                    -0.098305166
                    1235                     -0.10047367
                  1237.5                     -0.10274293
                    1240                     -0.10507608
                  1242.5                     -0.10743478
                    1245                     -0.10978141
                  1247.5                       -0.112082
                    1250                     -0.11430622
                  1252.5                     -0.11642766
                    1255                     -0.11842674
                  1257.5                     -0.12028934
                    1260                     -0.12200871
                  1262.5                     -0.12358194
                    1265                     -0.12501613
                  1267.5                     -0.12632057
                    1270                     -0.12751278
                  1272.5                     -0.12861362
                    1275                     -0.12964612
                  1277.5                     -0.13063884
                    1280                      -0.1316177
                  1282.5                     -0.13261503
                    1285                     -0.13365471
                  1287.5                     -0.13476647
                    1290                     -0.13597371
                  1292.5                     -0.13729683
                    1295                     -0.13875309
                  1297.5                      -0.1403578
                    1300                     -0.14211766
                  1302.5                     -0.14403773
                    1305                     -0.14611814
                  1307.5                     -0.14835587
                    1310                     -0.15074481
                  1312.5                     -0.15327216
                    1315                       -0.155926
                  1317.5                      -0.1586931
                    1320                     -0.16155622
                  1322.5                     -0.16450133
                    1325                     -0.16751172
                  1327.5                      -0.1705732
                    1330                     -0.17367454
                  1332.5                     -0.17680391
                    1335                     -0.17995261
                  1337.5                     -0.18311636
                    1340                     -0.18629199
                  1342.5                     -0.18947878
                    1345                     -0.19267842
                  1347.5                     -0.19589714
                    1350                     -0.19914123
                  1352.5                     -0.20241958
                    1355                     -0.20574154
                  1357.5                     -0.20911602
                    1360                     -0.21255489
                  1362.5                     -0.21606876
                    1365                     -0.21966704
                  1367.5                     -0.22335841
                    1370                     -0.22715191
                  1372.5                      -0.2310524
                    1375                     -0.23506623
                  1377.5                     -0.23919676
                    1380                     -0.24344813
                  1382.5                     -0.24782146
                    1385                     -0.25231789
                  1387.5                     -0.25694025
                    1390                     -0.26168703
                  1392.5                     -0.26656111
                    1395                     -0.27156555
                  1397.5                     -0.27670263
                    1400                     -0.28197852
                  1402.5                     -0.28739977
                    1405                     -0.29297422
                  1407.5                     -0.29871285
                    1410                     -0.30462872
                  1412.5                     -0.31073411
                    1415                     -0.31704509
                  1417.5                     -0.32357866
                    1420                     -0.33035127
                  1422.5                     -0.33737951
                    1425                     -0.34468065
                  1427.5                     -0.35227171
                    1430                     -0.36016676
                  1432.5                     -0.36837855
                    1435                     -0.37691775
                  1437.5                     -0.38579281
                    1440                     -0.39500846
                  1442.5                     -0.40456831
                    1445                     -0.41447191
                  1447.5                     -0.42471762
                    1450                     -0.43529985
                  1452.5                     -0.44621375
                    1455                      -0.4574527
                  1457.5                     -0.46901021
                    1460                     -0.48087947
                  1462.5                     -0.49305738
                    1465                     -0.50554248
                  1467.5                     -0.51833732
                    1470                     -0.53144921
                  1472.5                     -0.54489065
                    1475                     -0.55868279
                  1477.5                     -0.57284737
                    1480                     -0.58742039
                  1482.5                     -0.60244178
                    1485                     -0.61795894
                  1487.5                     -0.63402642
                    1490                     -0.65070739
                  1492.5                     -0.66806695
                    1495                     -0.68617889
                  1497.5                     -0.70511983
                    1500                     -0.72496779
                  1502.5                     -0.74580407
                    1505                     -0.76770949
                  1507.5                     -0.79076303
                    1510                     -0.81504466
                  1512.5                     -0.84062634
                    1515                     -0.86757826
                  1517.5                     -0.89596689
                    1520                     -0.92584901
                  1522.5                     -0.95727952
                    1525                     -0.99030728
                  1527.5                      -1.0249752
                    1530                      -1.0613216
                  1532.5                      -1.0993832
                    1535                      -1.1391953
                  1537.5                      -1.1807915
                    1540                      -1.2242101
                  1542.5                      -1.2694944
                    1545                      -1.3166918
                  1547.5                      -1.3658645
                    1550                      -1.4170814
                  1552.5                      -1.4704319
                    1555                       -1.526018
                  1557.5                      -1.5839613
                    1560                      -1.6444079
                  1562.5                      -1.7075211
                    1565                      -1.7734918
                  1567.5                       -1.842527
                    1570                      -1.9148638
                  1572.5                      -1.9907533
                    1575                      -2.0704717
                  1577.5                      -2.1543054
                    1580                        -2.24256
                  1582.5                      -2.3355435
                    1585                      -2.4335728
                  1587.5                      -2.5369597
                    1590                      -2.6460056
                  1592.5                      -2.7609965
                    1595                      -2.8821897
                  1597.5                      -3.0098083
                    1600                      -3.1440272
                  1602.5                      -3.2849575
                    1605                      -3.4326381
                  1607.5                      -3.5870133
                    1610                      -3.7479175
                  1612.5                      -3.9150548
                    1615                      -4.0879705
                  1617.5                      -4.2660375
                    1620                      -4.4484228
                  1622.5                       -4.634061
                    1625                      -4.8216362
                  1627.5                      -5.0095521
                    1630                      -5.1959289
                  1632.5                      -5.3785922
                    1635                      -5.5550898
                  1637.5                       -5.722722
                    1640                      -5.8786011
                  1642.5                      -6.0197472
                    1645                      -6.1431954
                  1647.5                      -6.2461426
                    1650                      -6.3261103
                  1652.5                      -6.3810926
                    1655                      -6.4097052
                  1657.5                      -6.4112865
                    1660                      -6.3859455
                  1662.5                      -6.3345576
                    1665                      -6.2586973
                  1667.5                      -6.1605131
                    1670                      -6.0425929
                  1672.5                      -5.9077969
                    1675                      -5.7590963
                  1677.5                      -5.5994527
                    1680                      -5.4316902
                  1682.5                      -5.2584318
                    1685                      -5.0820327
                  1687.5                      -4.9045675
                    1690                      -4.7278085
                  1692.5                       -4.553241
                    1695                      -4.3820768
                  1697.5                      -4.2152766
                    1700                      -4.0535747
                  1702.5                      -3.8975083
                    1705                      -3.7474374
                  1707.5                      -3.6035762
                    1710                      -3.4660065
                  1712.5                      -3.3347122
                    1715                      -3.2095828
                  1717.5                      -3.0904432
                    1720                      -2.9770608
                  1722.5                      -2.8691626
                    1725                      -2.7664484
                  1727.5                      -2.6686017
                    1730                      -2.5752966
                  1732.5                      -2.4862074
                    1735                      -2.4010223
                  1737.5                      -2.3194392
                    1740                      -2.2411791
                  1742.5                      -2.1659877
                    1745                      -2.0936402
                  1747.5                      -2.0239411
                    1750                      -1.9567252
                  1752.5                      -1.8918561
                    1755                      -1.8292311
                  1757.5                       -1.768773
                    1760                      -1.7104261
                  1762.5                      -1.6541659
                    1765                      -1.5999741
                  1767.5                       -1.547857
                    1770                        -1.49782
                  1772.5                       -1.449881
                    1775                      -1.4040568
                  1777.5                      -1.3603582
                    1780                      -1.3187921
                  1782.5                      -1.2793568
                    1785                      -1.2420332
                  1787.5                      -1.2067913
                    1790                      -1.1735858
                  1792.5                       -1.142352
                    1795                      -1.1130091
                  1797.5                      -1.0854623
                    1800                      -1.0596006
                  1802.5                      -1.0352975
                    1805                      -1.0124186
                  1807.5                     -0.99082049
                    1810                     -0.97035238
                  1812.5                     -0.95086409
                    1815                     -0.93220574
                  1817.5                     -0.91423267
                    1820                     -0.89680723
                  1822.5                     -0.87980521
                    1825                     -0.86311484
                  1827.5                     -0.84664195
                    1830                     -0.83030999
                  1832.5                     -0.81406022
                    1835                     -0.79786071
                  1837.5                     -0.78169217
                    1840                     -0.76556007
                  1842.5                      -0.7494848
                    1845                      -0.7335059
                  1847.5                     -0.71767551
                    1850                     -0.70205743
                  1852.5                     -0.68672216
                    1855                     -0.67174747
                  1857.5                      -0.6572106
                    1860                       -0.643188
                  1862.5                     -0.62975128
                    1865                      -0.6169647
                  1867.5                     -0.60487999
                    1870                       -0.593538
                  1872.5                     -0.58296593
                    1875                     -0.57317399
                  1877.5                     -0.56415732
                    1880                      -0.5558954
                  1882.5                     -0.54835104
                    1885                     -0.54147501
                  1887.5                      -0.5352012
                    1890                      -0.5294571
                  1892.5                     -0.52415759
                    1895                     -0.51921252
                  1897.5                     -0.51453154
                    1900                     -0.51001899
                  1902.5                     -0.50558508
                    1905                     -0.50114613
                  1907.5                     -0.49662483
                    1910                     -0.49195535
                  1912.5                     -0.48708313
                    1915                     -0.48196971
                  1917.5                     -0.47659379
                    1920                     -0.47094353
                  1922.5                     -0.46502881
                    1925                     -0.45887269
                  1927.5                     -0.45251078
                    1930                     -0.44599287
                  1932.5                     -0.43937826
                    1935                     -0.43273602
                  1937.5                     -0.42613648
                    1940                     -0.41965746
                  1942.5                     -0.41337319
                    1945                     -0.40735571
                  1947.5                      -0.4016712
                    1950                       -0.396379
                  1952.5                     -0.39152679
                    1955                     -0.38715284
                  1957.5                     -0.38328006
                    1960                     -0.37991807
                  1962.5                     -0.37706254
                    1965                     -0.37469481
                  1967.5                     -0.37278571
                    1970                     -0.37128781
                  1972.5                      -0.3701484
                    1975                     -0.36930273
                  1977.5                     -0.36868112
                    1980                      -0.3682094
                  1982.5                     -0.36780943
                    1985                      -0.3674067
                  1987.5                     -0.36693166
                    1990                      -0.3663158
                  1992.5                     -0.36550227
                    1995                     -0.36444376
                  1997.5                     -0.36310596
                    2000                     -0.36146483
                  2002.5                     -0.35951359
                    2005                     -0.35725632
                  2007.5                     -0.35471192
                    2010                     -0.35191326
                  2012.5                     -0.34890187
                    2015                     -0.34573207
                  2017.5                      -0.3424652
                    2020                     -0.33916745
                  2022.5                     -0.33590759
                    2025                     -0.33275738
                  2027.5                     -0.32978468
                    2030                     -0.32705318
                  2032.5                      -0.3246211
                    2035                     -0.32253501
                  2037.5                     -0.32083756
                    2040                     -0.31955399
                  2042.5                      -0.3186966
                    2045                     -0.31826886
                  2047.5                     -0.31826034
                    2050                      -0.3186433
                  2052.5                     -0.31938529
                    2055                     -0.32043914
                  2057.5                     -0.32175001
                    2060                      -0.3232544
                  2062.5                     -0.32488922
                    2065                     -0.32658325
                  2067.5                     -0.32826905
                    2070                     -0.32988134
                  2072.5                     -0.33135881
                    2075                     -0.33264799
                  2077.5                     -0.33370334
                    2080                     -0.33449222
                  2082.5                      -0.3349921
                    2085                     -0.33519588
                  2087.5                     -0.33510305
                    2090                     -0.33473464
                  2092.5                     -0.33411671
                    2095                     -0.33328983
                  2097.5                     -0.33230461
                    2100                     -0.33121776
                  2102.5                     -0.33009091
                    2105                     -0.32899344
                  2107.5                     -0.32799209
                    2110                     -0.32715212
                  2112.5                     -0.32653793
                    2115                      -0.3262065
                  2117.5                     -0.32620559
                    2120                     -0.32657583
                  2122.5                     -0.32734604
                    2125                     -0.32853198
                  2127.5                      -0.3301401
                    2130                      -0.3321619
                  2132.5                     -0.33457725
                    2135                     -0.33735509
                  2137.5                     -0.34045521
                    2140                     -0.34382512
                  2142.5                     -0.34741014
                    2145                     -0.35114821
                  2147.5                     -0.35497414
                    2150                     -0.35882384
                  2152.5                      -0.3626362
                    2155                     -0.36635267
                  2157.5                     -0.36992228
                    2160                      -0.3733038
                  2162.5                      -0.3764636
                    2165                     -0.37938206
                  2167.5                     -0.38204968
                    2170                     -0.38447151
                  2172.5                     -0.38666448
                    2175                     -0.38865658
                  2177.5                     -0.39048729
                    2180                     -0.39220817
                  2182.5                     -0.39387511
                    2185                     -0.39555243
                  2187.5                     -0.39730607
                    2190                     -0.39920643
                  2192.5                     -0.40132006
                    2195                     -0.40371216
                  2197.5                     -0.40644106
                    2200                     -0.40956142
                  2202.5                     -0.41311102
                    2205                     -0.41712676
                  2207.5                     -0.42162681
                    2210                     -0.42662223
                  2212.5                     -0.43210927
                    2215                     -0.43807236
                  2217.5                     -0.44448614
                    2220                       -0.451314
                  2222.5                     -0.45851188
                    2225                     -0.46602857
                  2227.5                      -0.4738072
                    2230                     -0.48178938
                  2232.5                     -0.48991616
                    2235                     -0.49813259
                  2237.5                     -0.50638502
                    2240                     -0.51462851
                  2242.5                     -0.52282629
                    2245                      -0.5309542
                  2247.5                     -0.53899323
                    2250                     -0.54694501
                  2252.5                     -0.55481858
                    2255                     -0.56263743
                  2257.5                     -0.57043748
                    2260                     -0.57826791
                  2262.5                     -0.58618442
                    2265                     -0.59425298
                  2267.5                     -0.60254724
                    2270                     -0.61114494
                  2272.5                     -0.62012507
                    2275                      -0.6295641
                  2277.5                     -0.63954084
                    2280                      -0.6501276
                  2282.5                     -0.66138685
                    2285                     -0.67337911
                  2287.5                     -0.68614986
                    2290                     -0.69973371
                  2292.5                     -0.71416263
                    2295                     -0.72944539
                  2297.5                     -0.74558793
                    2300                     -0.76258428
                  2302.5                     -0.78041987
                    2305                     -0.79907017
                  2307.5                      -0.8185088
                    2310                     -0.83870452
                  2312.5                     -0.85962358
                    2315                     -0.88123493
                  2317.5                       -0.903514
                    2320                     -0.92643854
                  2322.5                     -0.94999762
                    2325                     -0.97418968
                  2327.5                     -0.99902559
                    2330                      -1.0245332
                  2332.5                      -1.0507515
                    2335                       -1.077738
                  2337.5                      -1.1055637
                    2340                       -1.134321
                  2342.5                      -1.1641072
                    2345                      -1.1950435
                  2347.5                      -1.2272574
                    2350                      -1.2608891
                  2352.5                      -1.2960894
                    2355                      -1.3330139
                  2357.5                      -1.3718244
                    2360                      -1.4126838
                  2362.5                      -1.4557615
                    2365                      -1.5012241
                  2367.5                      -1.5492366
                    2370                      -1.5999661
                  2372.5                      -1.6535769
                    2375                      -1.7102305
                  2377.5                      -1.7700896
                    2380                      -1.8333208
                  2382.5                      -1.9000885
                    2385                      -1.9705671
                  2387.5                      -2.0449367
                    2390                      -2.1233911
                  2392.5                      -2.2061392
                    2395                      -2.2934076
                  2397.5                      -2.3854498
                    2400                      -2.4825454
                  2402.5                      -2.5850084
                    2405                       -2.693189
                  2407.5                      -2.8074816
                    2410                      -2.9283276
                  2412.5                       -3.056219
                    2415                      -3.1917093
                  2417.5                      -3.3354083
                    2420                      -3.4879966
                  2422.5                      -3.6502259
                    2425                      -3.8229255
                  2427.5                      -4.0070073
                    2430                      -4.2034826
                  2432.5                      -4.4134553
                    2435                      -4.6381439
                  2437.5                        -4.87889
                    2440                      -5.1371789
                  2442.5                      -5.4146491
                    2445                      -5.7131277
                  2447.5                      -6.0346549
                    2450                      -6.3815246
                  2452.5                      -6.7563318
                    2455                      -7.1620391
                  2457.5                      -7.6020499
                    2460                      -8.0803177
                  2462.5                      -8.6014728
                    2465                      -9.1710048
                  2467.5                      -9.7954785
                    2470                      -10.482839
                  2472.5                      -11.242786
                    2475                      -12.087265
                  2477.5                      -13.031009
                    2480                      -14.092031
                  2482.5                      -15.291477
                    2485                      -16.651131
                  2487.5                      -18.182917
                    2490                      -19.853743
                  2492.5                      -21.487407
                    2495                       -22.60483
                  2497.5                       -22.58365
                    2500                      -21.444517
                  2502.5                      -19.818562
                    2505                      -18.169094
                  2507.5                      -16.662213
                    2510                      -15.327429
                  2512.5                      -14.151873
                    2515                      -13.113641
                  2517.5                      -12.191683
                    2520                      -11.368122
                  2522.5                      -10.628336
                    2525                      -9.9604668
                  2527.5                      -9.3548644
                    2530                        -8.80362
                  2532.5                      -8.3001764
                    2535                      -7.8390436
                  2537.5                      -7.4155722
                    2540                      -7.0257835
                  2542.5                      -6.6662382
                    2545                      -6.3339352
                  2547.5                      -6.0262352
                    2550                      -5.7407988
                  2552.5                       -5.475543
                    2555                      -5.2285944
                  2557.5                      -4.9982755
                    2560                      -4.7830681
                  2562.5                      -4.5816055
                    2565                      -4.3926512
                  2567.5                      -4.2150919
                    2570                      -4.0479248
                  2572.5                      -3.8902524
                    2575                      -3.7412746
                  2577.5                       -3.600283
                    2580                      -3.4666516
                  2582.5                      -3.3398362
                    2585                      -3.2193622
                  2587.5                      -3.1048223
                    2590                      -2.9958675
                  2592.5                      -2.8922011
                    2595                      -2.7935762
                  2597.5                      -2.6997746
                    2600                      -2.6106152
                  2602.5                       -2.525942
                    2605                      -2.4456125
                  2607.5                      -2.3694936
                    2610                      -2.2974633
                  2612.5                       -2.229391
                    2615                      -2.1651476
                  2617.5                      -2.1045934
                    2620                      -2.0475758
                  2622.5                      -1.9939313
                    2625                       -1.943482
                  2627.5                      -1.8960339
                    2630                      -1.8513817
                  2632.5                      -1.8093063
                    2635                      -1.7695847
                  2637.5                      -1.7319813
                    2640                      -1.6962619
                  2642.5                      -1.6621953
                    2645                      -1.6295553
                  2647.5                      -1.5981267
                    2650                       -1.567711
                  2652.5                      -1.5381297
                    2655                      -1.5092281
                  2657.5                       -1.480877
                    2660                      -1.4529772
                  2662.5                      -1.4254606
                    2665                      -1.3982898
                  2667.5                      -1.3714568
                    2670                      -1.3449856
                  2672.5                      -1.3189217
                    2675                      -1.2933374
                  2677.5                      -1.2683231
                    2680                      -1.2439804
                  2682.5                      -1.2204233
                    2685                      -1.1977675
                  2687.5                      -1.1761258
                    2690                      -1.1556038
                  2692.5                      -1.1362959
                    2695                      -1.1182796
                  2697.5                       -1.101611
                    2700                      -1.0863231
                  2702.5                      -1.0724226
                    2705                      -1.0598896
                  2707.5                      -1.0486768
                    2710                      -1.0387095
                  2712.5                      -1.0298881
                    2715                      -1.0220899
                  2717.5                      -1.0151704
                    2720                       -1.008977
                  2722.5                      -1.0033367
                    2725                     -0.99807966
                  2727.5                     -0.99303309
                    2730                     -0.98803019
                  2732.5                     -0.98291806
                    2735                     -0.97755849
                  2737.5                     -0.97183902
                    2740                     -0.96567349
                  2742.5                     -0.95900104
                    2745                     -0.95179817
                  2747.5                      -0.9440705
                    2750                     -0.93586089
                  2752.5                     -0.92723872
                    2755                     -0.91830382
                  2757.5                     -0.90918091
                    2760                     -0.90001503
                  2762.5                      -0.8909664
                    2765                     -0.88219977
                  2767.5                     -0.87388891
                    2770                     -0.86619924
                  2772.5                     -0.85928756
                    2775                     -0.85329414
                  2777.5                     -0.84833907
                    2780                     -0.84451661
                  2782.5                     -0.84189095
                    2785                     -0.84049619
                  2787.5                     -0.84033158
                    2790                     -0.84136296
                  2792.5                     -0.84352196
                    2795                     -0.84670755
                  2797.5                     -0.85079507
                    2800                     -0.85562821
                  2802.5                     -0.86103408
                    2805                     -0.86682723
                  2807.5                      -0.8728111
                    2810                     -0.87879265
                  2812.5                     -0.88458144
                    2815                     -0.89000369
                  2817.5                     -0.89490086
                    2820                     -0.89914748
                  2822.5                     -0.90264453
                    2825                     -0.90533116
                  2827.5                      -0.9071855
                    2830                     -0.90822397
                  2832.5                     -0.90850347
                    2835                     -0.90812151
                  2837.5                     -0.90720746
                    2840                       -0.905921
                  2842.5                     -0.90444689
                    2845                     -0.90298907
                  2847.5                     -0.90175808
                    2850                     -0.90097105
                  2852.5                     -0.90083523
                    2855                      -0.9015487
                  2857.5                     -0.90328438
                    2860                     -0.90619183
                  2862.5                     -0.91038494
                    2865                     -0.91593955
                  2867.5                      -0.9228934
                    2870                     -0.93123613
                  2872.5                     -0.94091485
                    2875                     -0.95183232
                  2877.5                      -0.9638485
                    2880                     -0.97678606
                  2882.5                     -0.99043124
                    2885                      -1.0045452
                  2887.5                      -1.0188655
                    2890                      -1.0331201
                  2892.5                      -1.0470316
                    2895                       -1.060331
                  2897.5                      -1.0727615
                    2900                      -1.0840928
                  2902.5                      -1.0941292
                    2905                      -1.1027132
                  2907.5                      -1.1097329
                    2910                      -1.1151281
                  2912.5                      -1.1188934
                    2915                      -1.1210685
                  2917.5                      -1.1217497
                    2920                      -1.1210762
                  2922.5                      -1.1192273
                    2925                      -1.1164127
                  2927.5                      -1.1128634
                    2930                      -1.1088249
                  2932.5                      -1.1045435
                    2935                      -1.1002567
                  2937.5                       -1.096181
                    2940                      -1.0925096
                  2942.5                      -1.0893962
                    2945                      -1.0869519
                  2947.5                      -1.0852409
                    2950                      -1.0842709
                  2952.5                      -1.0839991
                    2955                      -1.0843299
                  2957.5                      -1.0851122
                    2960                      -1.0861512
                  2962.5                      -1.0872089
                    2965                      -1.0880148
                  2967.5                      -1.0882755
                    2970                      -1.0876857
                  2972.5                      -1.0859366
                    2975                      -1.0827363
                  2977.5                      -1.0778135
                    2980                      -1.0709369
                  2982.5                      -1.0619211
                    2985                      -1.0506382
                  2987.5                      -1.0370279
                    2990                      -1.0210956
                  2992.5                      -1.0029214
                    2995                      -0.9826514
                  2997.5                     -0.96050146
                    3000                     -0.93674518

