        Frequency / MHz                S1,1/abs,dB
----------------------------------------------------------------------
                     500                    -0.036243946
                   502.5                     -0.03913896
                     505                    -0.042068352
                   507.5                    -0.045031358
                     510                     -0.04802448
                   512.5                    -0.051045528
                     515                    -0.054091142
                   517.5                    -0.057160722
                     520                     -0.06025004
                   522.5                    -0.063358313
                     525                    -0.066481994
                   527.5                    -0.069620257
                     530                    -0.072768656
                   532.5                    -0.075926445
                     535                    -0.079091271
                   537.5                      -0.0822609
                     540                    -0.085432256
                   542.5                    -0.088604877
                     545                    -0.091775855
                   547.5                    -0.094942787
                     550                    -0.098104792
                   552.5                     -0.10125879
                     555                     -0.10440357
                   557.5                     -0.10753734
                     560                     -0.11065677
                   562.5                     -0.11376339
                     565                     -0.11685206
                   567.5                     -0.11992308
                     570                     -0.12297415
                   572.5                     -0.12600354
                     575                     -0.12901091
                   577.5                     -0.13199416
                     580                     -0.13494951
                   582.5                     -0.13788036
                     585                     -0.14078185
                   587.5                     -0.14365362
                     590                     -0.14649486
                   592.5                     -0.14930508
                     595                     -0.15208146
                   597.5                     -0.15482352
                     600                     -0.15753045
                   602.5                     -0.16020187
                     605                     -0.16283677
                   607.5                     -0.16543392
                     610                      -0.1679927
                   612.5                     -0.17051227
                     615                     -0.17299315
                   617.5                     -0.17543321
                     620                     -0.17783233
                   622.5                     -0.18019015
                     625                     -0.18250609
                   627.5                     -0.18478088
                     630                     -0.18701184
                   632.5                     -0.18920111
                     635                     -0.19134766
                   637.5                     -0.19345025
                     640                     -0.19550908
                   642.5                     -0.19752541
                     645                     -0.19949751
                   647.5                     -0.20142719
                     650                       -0.203313
                   652.5                     -0.20515546
                     655                      -0.2069549
                   657.5                     -0.20871136
                     660                     -0.21042498
                   662.5                     -0.21209643
                     665                     -0.21372504
                   667.5                     -0.21531213
                     670                     -0.21685959
                   672.5                     -0.21836366
                     675                     -0.21982707
                   677.5                     -0.22125086
                     680                     -0.22263606
                   682.5                     -0.22398108
                     685                      -0.2252879
                   687.5                     -0.22655718
                     690                      -0.2277889
                   692.5                     -0.22898468
                     695                     -0.23014462
                   697.5                      -0.2312674
                     700                     -0.23235824
                   702.5                     -0.23341482
                     705                     -0.23443919
                   707.5                     -0.23543073
                     710                     -0.23639185
                   712.5                     -0.23732206
                     715                     -0.23822315
                   717.5                     -0.23909511
                     720                     -0.23994064
                   722.5                     -0.24075926
                     725                     -0.24155169
                   727.5                      -0.2423198
                     730                     -0.24306333
                   732.5                     -0.24378429
                     735                     -0.24448405
                   737.5                     -0.24516239
                     740                     -0.24582088
                   742.5                     -0.24645996
                     745                     -0.24708194
                   747.5                     -0.24768576
                     750                     -0.24827466
                   752.5                     -0.24884782
                     755                     -0.24940752
                   757.5                     -0.24995347
                     760                     -0.25048825
                   762.5                     -0.25101183
                     765                     -0.25152581
                   767.5                     -0.25202959
                     770                     -0.25252666
                   772.5                     -0.25301637
                     775                     -0.25349924
                   777.5                     -0.25397775
                     780                     -0.25445165
                   782.5                     -0.25492225
                     785                     -0.25539015
                   787.5                     -0.25585639
                     790                     -0.25632323
                   792.5                     -0.25678877
                     795                     -0.25725667
                   797.5                     -0.25772546
                     800                     -0.25819767
                   802.5                     -0.25867364
                     805                     -0.25915362
                   807.5                     -0.25963851
                     810                     -0.26013091
                   812.5                     -0.26062839
                     815                     -0.26113395
                   817.5                     -0.26164712
                     820                     -0.26216915
                   822.5                       -0.262701
                     825                      -0.2632427
                   827.5                     -0.26379449
                     830                     -0.26435784
                   832.5                     -0.26493228
                     835                     -0.26552125
                   837.5                     -0.26612141
                     840                     -0.26673442
                   842.5                      -0.2673621
                     845                     -0.26800324
                   847.5                     -0.26866052
                     850                     -0.26933093
                   852.5                     -0.27001802
                     855                     -0.27072014
                   857.5                     -0.27143797
                     860                     -0.27217176
                   862.5                       -0.272923
                     865                     -0.27369068
                   867.5                     -0.27447548
                     870                     -0.27527664
                   872.5                     -0.27609516
                     875                     -0.27693107
                   877.5                     -0.27778396
                     880                     -0.27865469
                   882.5                     -0.27954363
                     885                     -0.28044968
                   887.5                       -0.281373
                     890                     -0.28231371
                   892.5                     -0.28327109
                     895                     -0.28424651
                   897.5                     -0.28523892
                     900                     -0.28624823
                   902.5                     -0.28727465
                     905                     -0.28831676
                   907.5                     -0.28937593
                     910                     -0.29045114
                   912.5                     -0.29154204
                     915                     -0.29264833
                   917.5                     -0.29376942
                     920                     -0.29490653
                   922.5                     -0.29605684
                     925                      -0.2972217
                   927.5                     -0.29839982
                     930                     -0.29959163
                   932.5                     -0.30079618
                     935                     -0.30201195
                   937.5                     -0.30324068
                     940                     -0.30448008
                   942.5                     -0.30573075
                     945                     -0.30699136
                   947.5                     -0.30826144
                     950                     -0.30954022
                   952.5                     -0.31082773
                     955                     -0.31212357
                   957.5                     -0.31342585
                     960                     -0.31473478
                   962.5                     -0.31604958
                     965                     -0.31737018
                   967.5                     -0.31869482
                     970                      -0.3200233
                   972.5                     -0.32135475
                     975                     -0.32268964
                   977.5                     -0.32402589
                     980                     -0.32536281
                   982.5                     -0.32669979
                     985                     -0.32803618
                   987.5                     -0.32937237
                     990                     -0.33070609
                   992.5                      -0.3320377
                     995                     -0.33336494
                   997.5                     -0.33468879
                    1000                     -0.33600801
                  1002.5                     -0.33732175
                    1005                     -0.33862908
                  1007.5                     -0.33992905
                    1010                     -0.34122162
                  1012.5                     -0.34250554
                    1015                     -0.34378018
                  1017.5                       -0.345045
                    1020                     -0.34629906
                  1022.5                     -0.34754268
                    1025                     -0.34877297
                  1027.5                      -0.3499914
                    1030                     -0.35119619
                  1032.5                     -0.35238724
                    1035                     -0.35356374
                  1037.5                     -0.35472485
                    1040                     -0.35587012
                  1042.5                     -0.35699836
                    1045                     -0.35811007
                  1047.5                     -0.35920451
                    1050                     -0.36028055
                  1052.5                     -0.36133781
                    1055                     -0.36237601
                  1057.5                     -0.36339377
                    1060                     -0.36439201
                  1062.5                      -0.3653697
                    1065                      -0.3663265
                  1067.5                     -0.36726131
                    1070                     -0.36817455
                  1072.5                     -0.36906541
                    1075                     -0.36993303
                  1077.5                     -0.37077814
                    1080                      -0.3716005
                  1082.5                     -0.37240001
                    1085                     -0.37317532
                  1087.5                     -0.37392604
                    1090                     -0.37465204
                  1092.5                     -0.37535535
                    1095                     -0.37603288
                  1097.5                     -0.37668683
                    1100                      -0.3773151
                  1102.5                      -0.3779203
                    1105                      -0.3784989
                  1107.5                     -0.37905467
                    1110                     -0.37958388
                  1112.5                     -0.38008893
                    1115                     -0.38056978
                  1117.5                     -0.38102629
                    1120                     -0.38145735
                  1122.5                     -0.38186475
                    1125                     -0.38224766
                  1127.5                     -0.38260599
                    1130                     -0.38294211
                  1132.5                     -0.38325306
                    1135                     -0.38354263
                  1137.5                     -0.38380812
                    1140                     -0.38405161
                  1142.5                     -0.38427266
                    1145                     -0.38447105
                  1147.5                     -0.38464836
                    1150                     -0.38480592
                  1152.5                     -0.38494152
                    1155                     -0.38505817
                  1157.5                     -0.38515381
                    1160                      -0.3852316
                  1162.5                     -0.38528956
                    1165                     -0.38533008
                  1167.5                     -0.38535226
                    1170                     -0.38535939
                  1172.5                     -0.38534931
                    1175                     -0.38532246
                  1177.5                     -0.38528155
                    1180                     -0.38522606
                  1182.5                     -0.38515698
                    1185                     -0.38507373
                  1187.5                     -0.38498001
                    1190                     -0.38487318
                  1192.5                      -0.3847551
                    1195                     -0.38462729
                  1197.5                     -0.38449108
                    1200                     -0.38434407
                  1202.5                      -0.3841907
                    1205                     -0.38402861
                  1207.5                     -0.38386053
                    1210                     -0.38368613
                  1212.5                     -0.38350823
                    1215                     -0.38332427
                  1217.5                     -0.38313874
                    1220                     -0.38294919
                  1222.5                     -0.38275838
                    1225                     -0.38256621
                  1227.5                     -0.38237312
                    1230                     -0.38218122
                  1232.5                     -0.38198991
                    1235                     -0.38180049
                  1237.5                     -0.38161468
                    1240                     -0.38143126
                  1242.5                     -0.38125258
                    1245                     -0.38107856
                  1247.5                     -0.38091021
                    1250                     -0.38074896
                  1252.5                     -0.38059347
                    1255                     -0.38044681
                  1257.5                     -0.38030777
                    1260                      -0.3801779
                  1262.5                     -0.38005835
                    1265                     -0.37994909
                  1267.5                     -0.37985042
                    1270                      -0.3797649
                  1272.5                     -0.37968999
                    1275                      -0.3796295
                  1277.5                     -0.37958089
                    1280                     -0.37954624
                  1282.5                     -0.37952687
                    1285                     -0.37952327
                  1287.5                     -0.37953371
                    1290                     -0.37956026
                  1292.5                     -0.37960339
                    1295                     -0.37966395
                  1297.5                     -0.37974103
                    1300                      -0.3798357
                  1302.5                     -0.37994892
                    1305                     -0.38007927
                  1307.5                     -0.38022906
                    1310                     -0.38039786
                  1312.5                     -0.38058466
                    1315                     -0.38079241
                  1317.5                     -0.38101823
                    1320                     -0.38126424
                  1322.5                     -0.38153086
                    1325                     -0.38181685
                  1327.5                     -0.38212319
                    1330                     -0.38245021
                  1332.5                     -0.38279729
                    1335                     -0.38316435
                  1337.5                     -0.38355182
                    1340                     -0.38395894
                  1342.5                     -0.38438735
                    1345                     -0.38483643
                  1347.5                     -0.38530483
                    1350                      -0.3857935
                  1352.5                     -0.38630231
                    1355                     -0.38683142
                  1357.5                     -0.38737885
                    1360                     -0.38794775
                  1362.5                     -0.38853292
                    1365                     -0.38913919
                  1367.5                     -0.38976325
                    1370                     -0.39040604
                  1372.5                     -0.39106725
                    1375                     -0.39174597
                  1377.5                     -0.39244225
                    1380                     -0.39315498
                  1382.5                     -0.39388506
                    1385                     -0.39463134
                  1387.5                     -0.39539312
                    1390                     -0.39617033
                  1392.5                     -0.39696279
                    1395                     -0.39776934
                  1397.5                      -0.3985909
                    1400                     -0.39942514
                  1402.5                     -0.40027398
                    1405                     -0.40113369
                  1407.5                     -0.40200604
                    1410                     -0.40289035
                  1412.5                     -0.40378527
                    1415                     -0.40469025
                  1417.5                     -0.40560545
                    1420                     -0.40652998
                  1422.5                     -0.40746371
                    1425                     -0.40840507
                  1427.5                     -0.40935459
                    1430                      -0.4103112
                  1432.5                     -0.41127405
                    1435                     -0.41224285
                  1437.5                     -0.41321675
                    1440                     -0.41419559
                  1442.5                     -0.41517942
                    1445                     -0.41616651
                  1447.5                     -0.41715603
                    1450                     -0.41814932
                  1452.5                     -0.41914382
                    1455                     -0.42014045
                  1457.5                     -0.42113715
                    1460                     -0.42213591
                  1462.5                     -0.42313349
                    1465                     -0.42412974
                  1467.5                     -0.42512651
                    1470                     -0.42612187
                  1472.5                     -0.42711478
                    1475                     -0.42810478
                  1477.5                     -0.42909325
                    1480                     -0.43007758
                  1482.5                     -0.43105951
                    1485                     -0.43203674
                  1487.5                     -0.43300967
                    1490                     -0.43397796
                  1492.5                     -0.43494184
                    1495                     -0.43589991
                  1497.5                     -0.43685379
                    1500                     -0.43780249
                  1502.5                     -0.43874272
                    1505                     -0.43967942
                  1507.5                     -0.44060916
                    1510                     -0.44153226
                  1512.5                     -0.44245008
                    1515                     -0.44336024
                  1517.5                     -0.44426386
                    1520                     -0.44516123
                  1522.5                     -0.44605303
                    1525                     -0.44693725
                  1527.5                     -0.44781502
                    1530                     -0.44868654
                  1532.5                     -0.44955283
                    1535                     -0.45041177
                  1537.5                     -0.45126567
                    1540                     -0.45211341
                  1542.5                     -0.45295652
                    1545                     -0.45379328
                  1547.5                     -0.45462484
                    1550                     -0.45545321
                  1552.5                     -0.45627655
                    1555                      -0.4570976
                  1557.5                     -0.45791403
                    1560                     -0.45872712
                  1562.5                     -0.45953844
                    1565                     -0.46034726
                  1567.5                     -0.46115484
                    1570                     -0.46196238
                  1572.5                     -0.46276798
                    1575                     -0.46357454
                  1577.5                     -0.46438254
                    1580                     -0.46519198
                  1582.5                     -0.46600455
                    1585                     -0.46681814
                  1587.5                     -0.46763707
                    1590                     -0.46845966
                  1592.5                     -0.46928716
                    1595                     -0.47012174
                  1597.5                     -0.47096308
                    1600                     -0.47181198
                  1602.5                     -0.47266957
                    1605                     -0.47353592
                  1607.5                     -0.47441385
                    1610                     -0.47530205
                  1612.5                     -0.47620221
                    1615                     -0.47711666
                  1617.5                     -0.47804431
                    1620                     -0.47898874
                  1622.5                     -0.47994751
                    1625                     -0.48092411
                  1627.5                     -0.48191843
                    1630                     -0.48293194
                  1632.5                     -0.48396582
                    1635                     -0.48502027
                  1637.5                     -0.48609857
                    1640                     -0.48719826
                  1642.5                     -0.48832338
                    1645                     -0.48947342
                  1647.5                     -0.49064987
                    1650                     -0.49185409
                  1652.5                     -0.49308572
                    1655                     -0.49434722
                  1657.5                     -0.49563968
                    1660                     -0.49696381
                  1662.5                     -0.49832143
                    1665                     -0.49971166
                  1667.5                     -0.50113617
                    1670                     -0.50259654
                  1672.5                     -0.50409454
                    1675                     -0.50563011
                  1677.5                     -0.50720312
                    1680                     -0.50881805
                  1682.5                     -0.51047141
                    1685                     -0.51216681
                  1687.5                      -0.5139053
                    1690                     -0.51568811
                  1692.5                     -0.51751361
                    1695                     -0.51938518
                  1697.5                     -0.52130169
                    1700                      -0.5232674
                  1702.5                     -0.52527876
                    1705                     -0.52733962
                  1707.5                     -0.52945005
                    1710                     -0.53161102
                  1712.5                     -0.53382197
                    1715                     -0.53608551
                  1717.5                     -0.53840102
                    1720                     -0.54076916
                  1722.5                     -0.54319227
                    1725                     -0.54566757
                  1727.5                     -0.54820051
                    1730                     -0.55078743
                  1732.5                      -0.5534307
                    1735                     -0.55612971
                  1737.5                     -0.55888658
                    1740                     -0.56170201
                  1742.5                     -0.56457442
                    1745                     -0.56750657
                  1747.5                     -0.57049745
                    1750                     -0.57354611
                  1752.5                     -0.57665555
                    1755                     -0.57982619
                  1757.5                     -0.58305642
                    1760                     -0.58634665
                  1762.5                     -0.58969933
                    1765                     -0.59311254
                  1767.5                     -0.59658598
                    1770                     -0.60012347
                  1772.5                     -0.60372108
                    1775                     -0.60738202
                  1777.5                     -0.61110411
                    1780                     -0.61488939
                  1782.5                     -0.61873706
                    1785                     -0.62264772
                  1787.5                     -0.62661936
                    1790                       -0.630656
                  1792.5                     -0.63475337
                    1795                     -0.63891532
                  1797.5                      -0.6431387
                    1800                     -0.64742572
                  1802.5                     -0.65177416
                    1805                     -0.65618656
                  1807.5                     -0.66066207
                    1810                     -0.66520025
                  1812.5                     -0.66980059
                    1815                     -0.67446342
                  1817.5                     -0.67919026
                    1820                     -0.68397823
                  1822.5                     -0.68883098
                    1825                     -0.69374431
                  1827.5                     -0.69872118
                    1830                     -0.70376025
                  1832.5                     -0.70886306
                    1835                      -0.7140275
                  1837.5                     -0.71925434
                    1840                      -0.7245457
                  1842.5                      -0.7298974
                    1845                     -0.73531451
                  1847.5                      -0.7407927
                    1850                     -0.74633401
                  1852.5                     -0.75193761
                    1855                     -0.75760666
                  1857.5                     -0.76333795
                    1860                     -0.76913344
                  1862.5                     -0.77499229
                    1865                     -0.78091529
                  1867.5                     -0.78690233
                    1870                     -0.79295615
                  1872.5                     -0.79907386
                    1875                     -0.80525779
                  1877.5                     -0.81150816
                    1880                      -0.8178245
                  1882.5                     -0.82420907
                    1885                     -0.83066088
                  1887.5                     -0.83718181
                    1890                      -0.8437712
                  1892.5                      -0.8504321
                    1895                     -0.85716297
                  1897.5                     -0.86396584
                    1900                     -0.87084304
                  1902.5                     -0.87779311
                    1905                     -0.88481792
                  1907.5                     -0.89191804
                    1910                     -0.89909692
                  1912.5                     -0.90635423
                    1915                     -0.91369336
                  1917.5                     -0.92111319
                    1920                     -0.92861579
                  1922.5                     -0.93620279
                    1925                     -0.94387756
                  1927.5                     -0.95163889
                    1930                     -0.95949126
                  1932.5                     -0.96743597
                    1935                     -0.97547626
                  1937.5                     -0.98361095
                    1940                     -0.99184626
                  1942.5                      -1.0001795
                    1945                      -1.0086178
                  1947.5                       -1.017162
                    1950                      -1.0258148
                  1952.5                      -1.0345801
                    1955                      -1.0434578
                  1957.5                      -1.0524511
                    1960                      -1.0615667
                  1962.5                      -1.0708032
                    1965                      -1.0801673
                  1967.5                      -1.0896606
                    1970                      -1.0992869
                  1972.5                      -1.1090488
                    1975                       -1.118951
                  1977.5                       -1.128999
                    1980                      -1.1391925
                  1982.5                       -1.149538
                    1985                      -1.1600391
                  1987.5                      -1.1706998
                    1990                      -1.1815241
                  1992.5                      -1.1925164
                    1995                      -1.2036827
                  1997.5                       -1.215026
                    2000                      -1.2265509
                  2002.5                      -1.2382633
                    2005                      -1.2501655
                  2007.5                      -1.2622675
                    2010                      -1.2745688
                  2012.5                      -1.2870788
                    2015                      -1.2998009
                  2017.5                      -1.3127397
                    2020                      -1.3259026
                  2022.5                      -1.3392957
                    2025                      -1.3529226
                  2027.5                      -1.3667904
                    2030                      -1.3809039
                  2032.5                      -1.3952705
                    2035                      -1.4098968
                  2037.5                      -1.4247877
                    2040                      -1.4399511
                  2042.5                      -1.4553908
                    2045                      -1.4711151
                  2047.5                      -1.4871319
                    2050                      -1.5034466
                  2052.5                      -1.5200678
                    2055                       -1.536999
                  2057.5                      -1.5542502
                    2060                      -1.5718266
                  2062.5                      -1.5897379
                    2065                      -1.6079899
                  2067.5                      -1.6265898
                    2070                      -1.6455476
                  2072.5                      -1.6648679
                    2075                      -1.6845597
                  2077.5                      -1.7046316
                    2080                      -1.7250911
                  2082.5                      -1.7459475
                    2085                      -1.7672056
                  2087.5                      -1.7888775
                    2090                      -1.8109689
                  2092.5                      -1.8334904
                    2095                      -1.8564488
                  2097.5                      -1.8798544
                    2100                       -1.903715
                  2102.5                      -1.9280389
                    2105                      -1.9528359
                  2107.5                      -1.9781157
                    2110                      -2.0038864
                  2112.5                      -2.0301591
                    2115                      -2.0569402
                  2117.5                      -2.0842409
                    2120                      -2.1120716
                  2122.5                      -2.1404411
                    2125                      -2.1693581
                  2127.5                       -2.198835
                    2130                      -2.2288805
                  2132.5                      -2.2595027
                    2135                       -2.290716
                  2137.5                      -2.3225266
                    2140                       -2.354948
                  2142.5                       -2.387989
                    2145                       -2.421662
                  2147.5                      -2.4559759
                    2150                      -2.4909421
                  2152.5                      -2.5265731
                    2155                      -2.5628764
                  2157.5                      -2.5998671
                    2160                      -2.6375559
                  2162.5                      -2.6759521
                    2165                      -2.7150687
                  2167.5                      -2.7549172
                    2170                      -2.7955118
                  2172.5                        -2.83686
                    2175                      -2.8789776
                  2177.5                      -2.9218748
                    2180                      -2.9655652
                  2182.5                      -3.0100603
                    2185                      -3.0553735
                  2187.5                      -3.1015172
                    2190                      -3.1485055
                  2192.5                      -3.1963493
                    2195                      -3.2450625
                  2197.5                      -3.2946606
                    2200                      -3.3451544
                  2202.5                      -3.3965584
                    2205                      -3.4488866
                  2207.5                      -3.5021531
                    2210                      -3.5563708
                  2212.5                      -3.6115557
                    2215                      -3.6677215
                  2217.5                      -3.7248827
                    2220                      -3.7830532
                  2222.5                      -3.8422483
                    2225                      -3.9024832
                  2227.5                      -3.9637724
                    2230                      -4.0261303
                  2232.5                      -4.0895743
                    2235                      -4.1541185
                  2237.5                      -4.2197792
                    2240                      -4.2865697
                  2242.5                       -4.354509
                    2245                      -4.4236111
                  2247.5                      -4.4938918
                    2250                      -4.5653678
                  2252.5                      -4.6380539
                    2255                      -4.7119682
                  2257.5                      -4.7871233
                    2260                       -4.863539
                  2262.5                      -4.9412279
                    2265                      -5.0202086
                  2267.5                      -5.1004944
                    2270                      -5.1821022
                  2272.5                      -5.2650464
                    2275                      -5.3493444
                  2277.5                      -5.4350096
                    2280                      -5.5220563
                  2282.5                      -5.6104991
                    2285                      -5.7003522
                  2287.5                      -5.7916269
                    2290                      -5.8843373
                  2292.5                      -5.9784954
                    2295                      -6.0741129
                  2297.5                      -6.1711978
                    2300                      -6.2697595
                  2302.5                      -6.3698064
                    2305                      -6.4713463
                  2307.5                      -6.5743827
                    2310                      -6.6789176
                  2312.5                      -6.7849551
                    2315                      -6.8924918
                  2317.5                      -7.0015262
                    2320                      -7.1120509
                  2322.5                      -7.2240597
                    2325                      -7.3375378
                  2327.5                        -7.45247
                    2330                      -7.5688384
                  2332.5                      -7.6866166
                    2335                      -7.8057758
                  2337.5                      -7.9262814
                    2340                      -8.0480943
                  2342.5                       -8.171166
                    2345                      -8.2954428
                  2347.5                      -8.4208613
                    2350                      -8.5473512
                  2352.5                      -8.6748332
                    2355                      -8.8032155
                  2357.5                      -8.9323982
                    2360                      -9.0622671
                  2362.5                      -9.1926933
                    2365                      -9.3235397
                  2367.5                      -9.4546492
                    2370                      -9.5858508
                  2372.5                      -9.7169566
                    2375                      -9.8477592
                  2377.5                      -9.9780363
                    2380                       -10.10754
                  2382.5                      -10.236007
                    2385                      -10.363153
                  2387.5                      -10.488669
                    2390                      -10.612229
                  2392.5                      -10.733483
                    2395                      -10.852062
                  2397.5                      -10.967579
                    2400                      -11.079627
                  2402.5                      -11.187786
                    2405                      -11.291622
                  2407.5                      -11.390692
                    2410                      -11.484547
                  2412.5                      -11.572739
                    2415                      -11.654819
                  2417.5                      -11.730358
                    2420                      -11.798936
                  2422.5                      -11.860153
                    2425                      -11.913647
                  2427.5                      -11.959085
                    2430                      -11.996175
                  2432.5                      -12.024676
                    2435                      -12.044399
                  2437.5                       -12.05521
                    2440                       -12.05703
                  2442.5                      -12.049845
                    2445                      -12.033702
                  2447.5                      -12.008708
                    2450                      -11.975023
                  2452.5                      -11.932869
                    2455                      -11.882509
                  2457.5                       -11.82426
                    2460                      -11.758468
                  2462.5                      -11.685518
                    2465                      -11.605821
                  2467.5                      -11.519804
                    2470                      -11.427909
                  2472.5                      -11.330586
                    2475                      -11.228285
                  2477.5                      -11.121454
                    2480                      -11.010532
                  2482.5                      -10.895951
                    2485                      -10.778126
                  2487.5                      -10.657453
                    2490                      -10.534316
                  2492.5                      -10.409074
                    2495                      -10.282067
                  2497.5                      -10.153613
                    2500                      -10.024012
                  2502.5                      -9.8935394
                    2505                      -9.7624532
                  2507.5                      -9.6309871
                    2510                        -9.49936
                  2512.5                      -9.3677691
                    2515                      -9.2363969
                  2517.5                       -9.105408
                    2520                      -8.9749515
                  2522.5                      -8.8451621
                    2525                       -8.716161
                  2527.5                       -8.588058
                    2530                      -8.4609483
                  2532.5                      -8.3349209
                    2535                       -8.210051
                  2537.5                      -8.0864053
                    2540                      -7.9640472
                  2542.5                      -7.8430233
                    2545                      -7.7233822
                  2547.5                      -7.6051606
                    2550                      -7.4883916
                  2552.5                       -7.373105
                    2555                      -7.2593216
                  2557.5                       -7.147061
                    2560                      -7.0363368
                  2562.5                      -6.9271612
                    2565                      -6.8195429
                  2567.5                      -6.7134864
                    2570                      -6.6089949
                  2572.5                      -6.5060685
                    2575                      -6.4047058
                  2577.5                      -6.3049033
                    2580                      -6.2066561
                  2582.5                       -6.109957
                    2585                      -6.0147988
                  2587.5                       -5.921172
                    2590                      -5.8290671
                  2592.5                      -5.7384726
                    2595                      -5.6493756
                  2597.5                      -5.5617654
                    2600                      -5.4756273
                  2602.5                      -5.3909481
                    2605                      -5.3077144
                  2607.5                      -5.2259108
                    2610                      -5.1455215
                  2612.5                      -5.0665321
                    2615                      -4.9889271
                  2617.5                       -4.912691
                    2620                      -4.8378064
                  2622.5                      -4.7642594
                    2625                      -4.6920314
                  2627.5                      -4.6211076
                    2630                      -4.5514698
                  2632.5                      -4.4831046
                    2635                      -4.4159931
                  2637.5                      -4.3501185
                    2640                      -4.2854665
                  2642.5                      -4.2220189
                    2645                      -4.1597588
                  2647.5                      -4.0986705
                    2650                       -4.038738
                  2652.5                      -3.9799443
                    2655                      -3.9222732
                  2657.5                      -3.8657074
                    2660                       -3.810232
                  2662.5                      -3.7558298
                    2665                       -3.702486
                  2667.5                      -3.6501829
                    2670                      -3.5989058
                  2672.5                      -3.5486369
                    2675                      -3.4993626
                  2677.5                      -3.4510648
                    2680                      -3.4037291
                  2682.5                      -3.3573397
                    2685                      -3.3118806
                  2687.5                      -3.2673362
                    2690                      -3.2236899
                  2692.5                       -3.180928
                    2695                      -3.1390345
                  2697.5                      -3.0979935
                    2700                      -3.0577895
                  2702.5                      -3.0184079
                    2705                      -2.9798326
                  2707.5                      -2.9420499
                    2710                      -2.9050427
                  2712.5                       -2.868798
                    2715                       -2.833298
                  2717.5                      -2.7985306
                    2720                      -2.7644782
                  2722.5                      -2.7311279
                    2725                      -2.6984642
                  2727.5                      -2.6664718
                    2730                      -2.6351369
                  2732.5                      -2.6044435
                    2735                      -2.5743779
                  2737.5                      -2.5449248
                    2740                      -2.5160704
                  2742.5                      -2.4877995
                    2745                       -2.460098
                  2747.5                      -2.4329515
                    2750                       -2.406346
                  2752.5                      -2.3802654
                    2755                      -2.3546984
                  2757.5                      -2.3296297
                    2760                      -2.3050436
                  2762.5                      -2.2809283
                    2765                      -2.2572686
                  2767.5                      -2.2340519
                    2770                      -2.2112633
                  2772.5                      -2.1888903
                    2775                      -2.1669181
                  2777.5                      -2.1453348
                    2780                       -2.124126
                  2782.5                      -2.1032786
                    2785                      -2.0827811
                  2787.5                       -2.062619
                    2790                      -2.0427796
                  2792.5                      -2.0232514
                    2795                      -2.0040215
                  2797.5                      -1.9850775
                    2800                      -1.9664075
                  2802.5                      -1.9479993
                    2805                      -1.9298414
                  2807.5                      -1.9119209
                    2810                      -1.8942305
                  2812.5                      -1.8767553
                    2815                      -1.8594866
                  2817.5                      -1.8424107
                    2820                      -1.8255224
                  2822.5                      -1.8088067
                    2825                       -1.792256
                  2827.5                      -1.7758593
                    2830                      -1.7596106
                  2832.5                       -1.743496
                    2835                      -1.7275099
                  2837.5                       -1.711643
                    2840                      -1.6958874
                  2842.5                      -1.6802336
                    2845                      -1.6646768
                  2847.5                      -1.6492069
                    2850                      -1.6338197
                  2852.5                       -1.618507
                    2855                      -1.6032608
                  2857.5                      -1.5880777
                    2860                      -1.5729512
                  2862.5                      -1.5578784
                    2865                      -1.5428504
                  2867.5                      -1.5278634
                    2870                      -1.5129151
                  2872.5                      -1.4980011
                    2875                      -1.4831172
                  2877.5                      -1.4682612
                    2880                      -1.4534296
                  2882.5                      -1.4386201
                    2885                      -1.4238304
                  2887.5                      -1.4090589
                    2890                      -1.3943041
                  2892.5                      -1.3795651
                    2895                      -1.3648427
                  2897.5                      -1.3501362
                    2900                      -1.3354433
                  2902.5                      -1.3207662
                    2905                      -1.3061045
                  2907.5                      -1.2914609
                    2910                      -1.2768363
                  2912.5                      -1.2622309
                    2915                      -1.2476496
                  2917.5                       -1.233092
                    2920                      -1.2185607
                  2922.5                        -1.20406
                    2925                      -1.1895917
                  2927.5                      -1.1751611
                    2930                      -1.1607704
                  2932.5                      -1.1464223
                    2935                      -1.1321234
                  2937.5                      -1.1178785
                    2940                      -1.1036885
                  2942.5                      -1.0895612
                    2945                      -1.0754999
                  2947.5                      -1.0615103
                    2950                      -1.0475995
                  2952.5                      -1.0337691
                    2955                      -1.0200275
                  2957.5                      -1.0063813
                    2960                     -0.99283343
                  2962.5                     -0.97939187
                    2965                     -0.96606043
                  2967.5                     -0.95284735
                    2970                     -0.93975841
                  2972.5                     -0.92680059
                    2975                     -0.91397707
                  2977.5                     -0.90129803
                    2980                     -0.88876761
                  2982.5                      -0.8763916
                    2985                     -0.86417675
                  2987.5                     -0.85213012
                    2990                     -0.84025668
                  2992.5                     -0.82856454
                    2995                     -0.81705773
                  2997.5                     -0.80574437
                    3000                     -0.79462867

