        Frequency / MHz                S1,1/abs,dB
----------------------------------------------------------------------
                     500                      -0.4970247
                   502.5                     -0.54764256
                     505                       -0.575753
                   507.5                     -0.58025506
                     510                     -0.56181323
                   512.5                     -0.52269784
                     515                     -0.46645477
                   517.5                     -0.39748012
                     520                      -0.3205811
                   522.5                     -0.24057257
                     525                      -0.1619444
                   527.5                    -0.088641453
                     530                     -0.02391782
                   532.5                     0.029734411
                     535                     0.070593126
                   537.5                     0.097702791
                     540                      0.11082614
                   542.5                      0.11039119
                     545                     0.097444794
                   547.5                     0.073565731
                     550                     0.040803367
                   552.5                    0.0015727906
                     555                    -0.041451833
                   557.5                    -0.085473334
                     560                     -0.12771169
                   562.5                     -0.16557547
                     565                     -0.19680606
                   567.5                     -0.21964007
                     570                     -0.23290868
                   572.5                     -0.23610978
                     575                     -0.22942264
                   577.5                     -0.21366327
                     580                      -0.1901934
                   582.5                     -0.16078498
                     585                      -0.1274717
                   587.5                    -0.092394381
                     590                    -0.057662792
                   592.5                    -0.025218148
                     595                    0.0032503834
                   597.5                     0.026385999
                     600                     0.043209639
                   602.5                     0.053137173
                     605                      0.05599578
                   607.5                     0.051996692
                     610                     0.041718295
                   612.5                     0.026062173
                     615                    0.0061918713
                   617.5                    -0.016522231
                     620                    -0.040589244
                   622.5                     -0.06447661
                     625                    -0.086703603
                   627.5                      -0.1059291
                     630                     -0.12103382
                   632.5                     -0.13118952
                     635                     -0.13590664
                   637.5                     -0.13505751
                     640                      -0.1288758
                   642.5                     -0.11792335
                     645                     -0.10303795
                   647.5                    -0.085272418
                     650                    -0.065802897
                   652.5                    -0.045858521
                     655                    -0.026633252
                   657.5                   -0.0092255118
                     660                    0.0054263519
                   662.5                     0.016585669
                     665                     0.023749146
                   667.5                     0.026664277
                     670                     0.025328988
                   672.5                     0.019988683
                     675                     0.011108361
                   677.5                    -0.000653423
                     680                    -0.014488044
                   682.5                    -0.029485403
                     685                    -0.044684068
                   687.5                    -0.059136428
                     690                    -0.071959497
                   692.5                    -0.082393377
                     695                    -0.089844802
                   697.5                    -0.093923857
                     700                    -0.094463439
                   702.5                    -0.091527802
                     705                    -0.085397897
                   707.5                     -0.07654808
                     710                    -0.065605511
                   712.5                    -0.053312179
                     715                    -0.040460918
                   717.5                     -0.02785393
                     720                    -0.016250124
                   722.5                   -0.0063215586
                     725                    0.0013845625
                   727.5                    0.0064678109
                     730                    0.0086970513
                   732.5                    0.0080154681
                     735                     0.004541606
                   737.5                   -0.0014485255
                     740                   -0.0095290424
                   742.5                    -0.019164632
                     745                    -0.029732864
                   747.5                    -0.040567041
                     750                    -0.050999451
                   752.5                    -0.060398156
                     755                    -0.068205973
                   757.5                    -0.073977724
                     760                    -0.077407496
                   762.5                    -0.078339751
                     765                    -0.076784855
                   767.5                    -0.072910331
                     770                    -0.067027238
                   772.5                    -0.059563486
                     775                    -0.051039874
                   777.5                    -0.042028398
                     780                    -0.033115197
                   782.5                    -0.024866174
                     785                    -0.017794429
                   787.5                      -0.0123273
                     790                    -0.008784352
                   792.5                   -0.0073639332
                     795                   -0.0081310571
                   797.5                     -0.01101833
                     800                    -0.015831457
                   802.5                    -0.022263038
                     805                    -0.029911652
                   807.5                     -0.03830895
                     810                    -0.046941322
                   812.5                    -0.055294104
                     815                    -0.062870939
                   817.5                     -0.06923233
                     820                    -0.074022568
                   822.5                     -0.07698729
                     825                    -0.077993162
                   827.5                    -0.077033703
                     830                    -0.074228517
                   832.5                    -0.069813096
                     835                    -0.064120214
                   837.5                     -0.05755785
                     840                    -0.050584522
                   842.5                    -0.043674711
                     845                    -0.037290798
                   847.5                    -0.031859137
                     850                    -0.027737059
                   852.5                    -0.025199437
                     855                    -0.024419486
                   857.5                    -0.025463794
                     860                    -0.028286178
                   862.5                    -0.032732888
                     865                    -0.038554881
                   867.5                       -0.045418
                     870                     -0.05293023
                   872.5                     -0.06065935
                     875                    -0.068166504
                   877.5                     -0.07502616
                     880                    -0.080858321
                   882.5                    -0.085348981
                     885                    -0.088276978
                   887.5                    -0.089518447
                     890                    -0.089061155
                   892.5                    -0.087002456
                     895                    -0.083543653
                   897.5                     -0.07897274
                     900                    -0.073650119
                   902.5                    -0.067979903
                     905                    -0.062387665
                   907.5                    -0.057292085
                     910                    -0.053082123
                   912.5                    -0.050086703
                     915                    -0.048566233
                   917.5                    -0.048688374
                     920                    -0.050521582
                   922.5                     -0.05403323
                     925                    -0.059093198
                   927.5                    -0.065472753
                     930                    -0.072869735
                   932.5                    -0.080920682
                     935                    -0.089220901
                   937.5                    -0.097353762
                     940                     -0.10491304
                   942.5                      -0.1115329
                     945                     -0.11690428
                   947.5                      -0.1208021
                     950                     -0.12309717
                   952.5                     -0.12376598
                     955                     -0.12289056
                   957.5                     -0.12065451
                     960                     -0.11733347
                   962.5                     -0.11327386
                     965                     -0.10887153
                   967.5                     -0.10455168
                     970                     -0.10073463
                   972.5                    -0.097816522
                     975                    -0.096144034
                   977.5                    -0.095992172
                     980                    -0.097549235
                   982.5                     -0.10090548
                     985                     -0.10604847
                   987.5                      -0.1128623
                     990                     -0.12113289
                   992.5                     -0.13056163
                     995                     -0.14078165
                   997.5                     -0.15137903
                    1000                     -0.16191758
                  1002.5                     -0.17196713
                    1005                     -0.18112652
                  1007.5                     -0.18905845
                    1010                     -0.19550333
                  1012.5                     -0.20030033
                    1015                     -0.20340265
                  1017.5                     -0.20487709
                    1020                     -0.20490696
                  1022.5                     -0.20377823
                    1025                     -0.20186372
                  1027.5                     -0.19959952
                    1030                     -0.19746565
                  1032.5                     -0.19594763
                    1035                     -0.19551446
                  1037.5                     -0.19659039
                    1040                      -0.1995315
                  1042.5                     -0.20459792
                    1045                     -0.21195356
                  1047.5                     -0.22164145
                    1050                      -0.2335868
                  1052.5                     -0.24760263
                    1055                     -0.26339432
                  1057.5                      -0.2805795
                    1060                     -0.29871007
                  1062.5                     -0.31729455
                    1065                     -0.33583348
                  1067.5                     -0.35384885
                    1070                     -0.37091716
                  1072.5                     -0.38670212
                    1075                     -0.40097714
                  1077.5                     -0.41364676
                    1080                     -0.42476467
                  1082.5                     -0.43452603
                    1085                     -0.44327082
                  1087.5                     -0.45146698
                    1090                     -0.45968742
                  1092.5                     -0.46857864
                    1095                     -0.47883396
                  1097.5                     -0.49115281
                    1100                     -0.50621186
                  1102.5                     -0.52462997
                    1105                     -0.54693472
                  1107.5                     -0.57354689
                    1110                     -0.60475564
                  1112.5                     -0.64071055
                    1115                        -0.68142
                  1117.5                     -0.72674899
                    1120                     -0.77643827
                  1122.5                     -0.83012062
                    1125                     -0.88735622
                  1127.5                     -0.94766179
                    1130                      -1.0105612
                  1132.5                      -1.0756288
                    1135                       -1.142544
                  1137.5                      -1.2111434
                    1140                      -1.2814623
                  1142.5                      -1.3537829
                    1145                      -1.4286602
                  1147.5                      -1.5069525
                    1150                      -1.5898152
                  1152.5                      -1.6787124
                    1155                      -1.7753928
                  1157.5                      -1.8818784
                    1160                      -2.0004295
                  1162.5                      -2.1335259
                    1165                      -2.2838371
                  1167.5                      -2.4542077
                    1170                      -2.6476406
                  1172.5                      -2.8672986
                    1175                      -3.1165085
                  1177.5                      -3.3987733
                    1180                      -3.7178034
                  1182.5                      -4.0775357
                    1185                      -4.4821684
                  1187.5                      -4.9361677
                    1190                      -5.4442463
                  1192.5                      -6.0112592
                    1195                      -6.6419361
                  1197.5                      -7.3402786
                    1200                      -8.1083269
                  1202.5                      -8.9437163
                    1205                      -9.8350735
                  1207.5                      -10.753929
                    1210                       -11.64267
                  1212.5                      -12.403077
                    1215                      -12.902621
                  1217.5                      -13.022727
                    1220                      -12.733254
                  1222.5                      -12.115497
                    1225                      -11.303703
                  1227.5                      -10.416559
                    1230                      -9.5314579
                  1232.5                      -8.6900003
                    1235                      -7.9109259
                  1237.5                      -7.2003334
                    1240                      -6.5579046
                  1242.5                      -5.9803042
                    1245                       -5.462944
                  1247.5                      -5.0008567
                    1250                       -4.589111
                  1252.5                      -4.2229853
                    1255                      -3.8980324
                  1257.5                      -3.6100778
                    1260                      -3.3552205
                  1262.5                      -3.1297893
                    1265                      -2.9303356
                  1267.5                      -2.7536199
                    1270                      -2.5965962
                  1272.5                      -2.4564265
                    1275                      -2.3304823
                  1277.5                      -2.2163612
                    1280                      -2.1119103
                  1282.5                      -2.0152385
                    1285                      -1.9247325
                  1287.5                      -1.8390723
                    1290                      -1.7572283
                  1292.5                      -1.6784558
                    1295                      -1.6022795
                  1297.5                      -1.5284622
                    1300                       -1.456976
                  1302.5                      -1.3879538
                    1305                      -1.3216522
                  1307.5                      -1.2583999
                    1310                      -1.1985579
                  1312.5                      -1.1424734
                    1315                      -1.0904545
                  1317.5                      -1.0427318
                    1320                     -0.99944492
                  1322.5                      -0.9606219
                    1325                     -0.92617696
                  1327.5                     -0.89591197
                    1330                     -0.86951522
                  1332.5                     -0.84658401
                    1335                     -0.82663717
                  1337.5                     -0.80913449
                    1340                     -0.79350501
                  1342.5                     -0.77917229
                    1345                     -0.76558247
                  1347.5                     -0.75222718
                    1350                     -0.73866914
                  1352.5                     -0.72455986
                    1355                     -0.70965495
                  1357.5                     -0.69382047
                    1360                     -0.67703142
                  1362.5                     -0.65937425
                    1365                     -0.64102338
                  1367.5                     -0.62223499
                    1370                     -0.60332184
                  1372.5                     -0.58462943
                    1375                     -0.56651624
                  1377.5                     -0.54932707
                    1380                     -0.53337653
                  1382.5                     -0.51892466
                    1385                     -0.50616638
                  1387.5                     -0.49522393
                    1390                     -0.48613605
                  1392.5                     -0.47886132
                    1395                      -0.4732791
                  1397.5                     -0.46919969
                    1400                     -0.46637215
                  1402.5                     -0.46450446
                    1405                     -0.46327343
                  1407.5                     -0.46235032
                    1410                     -0.46141232
                  1412.5                     -0.46016454
                    1415                     -0.45835635
                  1417.5                     -0.45579206
                    1420                     -0.45234071
                  1422.5                     -0.44794617
                    1425                     -0.44262225
                  1427.5                     -0.43645424
                    1430                     -0.42958942
                  1432.5                     -0.42222441
                    1435                     -0.41459613
                  1437.5                     -0.40696217
                    1440                      -0.3995847
                  1442.5                     -0.39271993
                    1445                      -0.3865949
                  1447.5                     -0.38140088
                    1450                     -0.37728018
                  1452.5                     -0.37432148
                    1455                     -0.37255086
                  1457.5                     -0.37193793
                    1460                     -0.37239309
                  1462.5                     -0.37377592
                    1465                     -0.37590382
                  1467.5                     -0.37856303
                    1470                     -0.38152137
                  1472.5                     -0.38454085
                    1475                     -0.38739493
                  1477.5                     -0.38987561
                    1480                     -0.39181276
                  1482.5                     -0.39307765
                    1485                     -0.39359292
                  1487.5                     -0.39333581
                    1490                     -0.39233981
                  1492.5                     -0.39068634
                    1495                     -0.38850842
                  1497.5                      -0.3859722
                    1500                     -0.38327281
                  1502.5                     -0.38061846
                    1505                     -0.37822085
                  1507.5                     -0.37628136
                    1510                     -0.37497953
                  1512.5                      -0.3744617
                    1515                     -0.37483795
                  1517.5                     -0.37617269
                    1520                      -0.3784832
                  1522.5                     -0.38173461
                    1525                     -0.38585611
                  1527.5                     -0.39073002
                    1530                     -0.39621021
                  1532.5                     -0.40212741
                    1535                     -0.40829956
                  1537.5                     -0.41454226
                    1540                     -0.42068341
                  1542.5                     -0.42657066
                    1545                     -0.43208125
                  1547.5                     -0.43713014
                    1550                     -0.44167371
                  1552.5                     -0.44571792
                    1555                     -0.44930565
                  1557.5                     -0.45253037
                    1560                     -0.45551658
                  1562.5                     -0.45842083
                    1565                     -0.46141734
                  1567.5                     -0.46469413
                    1570                     -0.46843607
                  1572.5                     -0.47281862
                    1575                     -0.47799777
                  1577.5                     -0.48410178
                    1580                     -0.49122247
                  1582.5                      -0.4994176
                    1585                     -0.50870247
                  1587.5                     -0.51905261
                    1590                     -0.53040549
                  1592.5                       -0.542672
                    1595                     -0.55573059
                  1597.5                     -0.56944894
                    1600                     -0.58368288
                  1602.5                     -0.59829285
                    1605                     -0.61315281
                  1607.5                     -0.62815329
                    1610                     -0.64322013
                  1612.5                     -0.65831008
                    1615                      -0.6734209
                  1617.5                     -0.68859388
                    1620                     -0.70391163
                  1622.5                     -0.71949428
                    1625                     -0.73549675
                  1627.5                     -0.75209905
                    1630                     -0.76950598
                  1632.5                     -0.78792554
                    1635                      -0.8075713
                  1637.5                     -0.82864726
                    1640                      -0.8513403
                  1642.5                     -0.87581358
                    1645                     -0.90220319
                  1647.5                     -0.93061203
                    1650                     -0.96110678
                  1652.5                     -0.99372583
                    1655                       -1.028473
                  1657.5                      -1.0653313
                    1660                      -1.1042598
                  1662.5                       -1.145211
                    1665                      -1.1881367
                  1667.5                      -1.2329916
                    1670                      -1.2797526
                  1672.5                      -1.3284201
                    1675                      -1.3790285
                  1677.5                      -1.4316488
                    1680                      -1.4863943
                  1682.5                      -1.5434209
                    1685                      -1.6029249
                  1687.5                      -1.6651343
                    1690                      -1.7303063
                  1692.5                      -1.7987107
                    1695                      -1.8706222
                  1697.5                      -1.9462998
                    1700                      -2.0259737
                  1702.5                      -2.1098251
                    1705                      -2.1979672
                  1707.5                      -2.2904271
                    1710                      -2.3871284
                  1712.5                      -2.4878683
                    1715                      -2.5923065
                  1717.5                      -2.6999477
                    1720                      -2.8101322
                  1722.5                      -2.9220278
                    1725                      -3.0346294
                  1727.5                      -3.1467634
                    1730                      -3.2570999
                  1732.5                      -3.3641745
                    1735                      -3.4664251
                  1737.5                       -3.562231
                    1740                      -3.6499614
                  1742.5                      -3.7280448
                    1745                      -3.7950252
                  1747.5                       -3.849628
                    1750                      -3.8908237
                  1752.5                      -3.9178732
                    1755                      -3.9303647
                  1757.5                      -3.9282274
                    1760                      -3.9117344
                  1762.5                      -3.8814652
                    1765                      -3.8382834
                  1767.5                      -3.7832743
                    1770                      -3.7176866
                  1772.5                      -3.6428755
                    1775                      -3.5602424
                  1777.5                      -3.4711828
                    1780                      -3.3770488
                  1782.5                      -3.2791128
                    1785                      -3.1785464
                  1787.5                      -3.0764022
                    1790                      -2.9736155
                  1792.5                       -2.870997
                    1795                      -2.7692432
                  1797.5                      -2.6689375
                    1800                      -2.5705665
                  1802.5                       -2.474527
                    1805                      -2.3811375
                  1807.5                      -2.2906503
                    1810                      -2.2032525
                  1812.5                      -2.1190891
                    1815                      -2.0382542
                  1817.5                      -1.9608086
                    1820                      -1.8867786
                  1822.5                      -1.8161588
                    1825                       -1.748919
                  1827.5                      -1.6850051
                    1830                      -1.6243368
                  1832.5                       -1.566818
                    1835                      -1.5123323
                  1837.5                      -1.4607429
                    1840                      -1.4119014
                  1842.5                      -1.3656484
                    1845                       -1.321815
                  1847.5                      -1.2802253
                    1850                      -1.2407038
                  1852.5                      -1.2030775
                    1855                       -1.167178
                  1857.5                      -1.1328483
                    1860                      -1.0999444
                  1862.5                      -1.0683375
                    1865                      -1.0379206
                  1867.5                      -1.0086047
                    1870                     -0.98032134
                  1872.5                     -0.95302036
                    1875                     -0.92667573
                  1877.5                     -0.90127354
                    1880                     -0.87681586
                  1882.5                      -0.8533122
                    1885                     -0.83078411
                  1887.5                     -0.80924887
                    1890                     -0.78872356
                  1892.5                     -0.76922163
                    1895                     -0.75074605
                  1897.5                     -0.73328683
                    1900                      -0.7168212
                  1902.5                     -0.70131094
                    1905                     -0.68670343
                  1907.5                     -0.67293307
                    1910                     -0.65992164
                  1912.5                     -0.64757992
                    1915                     -0.63581614
                  1917.5                     -0.62453324
                    1920                     -0.61363608
                  1922.5                     -0.60303932
                    1925                     -0.59266072
                  1927.5                      -0.5824378
                    1930                     -0.57231717
                  1932.5                     -0.56226935
                    1935                     -0.55227704
                  1937.5                     -0.54234505
                    1940                     -0.53249364
                  1942.5                     -0.52275701
                    1945                     -0.51318205
                  1947.5                     -0.50382426
                    1950                     -0.49474246
                  1952.5                     -0.48599562
                    1955                     -0.47763678
                  1957.5                     -0.46971447
                    1960                     -0.46225944
                  1962.5                     -0.45529638
                    1965                      -0.4488269
                  1967.5                     -0.44284034
                    1970                     -0.43730559
                  1972.5                     -0.43217868
                    1975                     -0.42740154
                  1977.5                     -0.42290583
                    1980                     -0.41861615
                  1982.5                     -0.41445238
                    1985                     -0.41033917
                  1987.5                     -0.40620471
                    1990                     -0.40198595
                  1992.5                     -0.39763508
                    1995                     -0.39311725
                  1997.5                      -0.3884155
                    2000                     -0.38353234
                  2002.5                     -0.37848608
                    2005                     -0.37331107
                  2007.5                     -0.36805704
                    2010                     -0.36278116
                  2012.5                     -0.35755316
                    2015                     -0.35243969
                  2017.5                       -0.347509
                    2020                     -0.34282341
                  2022.5                     -0.33843485
                    2025                     -0.33438153
                  2027.5                     -0.33068996
                    2030                       -0.327364
                  2032.5                     -0.32439561
                    2035                     -0.32175615
                  2037.5                     -0.31940264
                    2040                      -0.3172792
                  2042.5                     -0.31531929
                    2045                     -0.31344932
                  2047.5                     -0.31159521
                    2050                     -0.30968326
                  2052.5                     -0.30764916
                    2055                     -0.30543712
                  2057.5                     -0.30300278
                    2060                     -0.30032131
                  2062.5                     -0.29738551
                    2065                     -0.29420351
                  2067.5                     -0.29080184
                    2070                     -0.28722297
                  2072.5                     -0.28352459
                    2075                     -0.27976964
                  2077.5                     -0.27602922
                    2080                     -0.27237571
                  2082.5                     -0.26888176
                    2085                     -0.26560587
                  2087.5                     -0.26260091
                    2090                     -0.25990416
                  2092.5                     -0.25753662
                    2095                     -0.25550302
                  2097.5                     -0.25378659
                    2100                     -0.25235719
                  2102.5                     -0.25116672
                    2105                     -0.25015806
                  2107.5                      -0.2492606
                    2110                     -0.24840041
                  2112.5                     -0.24750322
                    2115                     -0.24649776
                  2117.5                     -0.24531987
                    2120                     -0.24391955
                  2122.5                     -0.24225782
                    2125                     -0.24031624
                  2127.5                     -0.23809124
                    2130                      -0.2356005
                  2132.5                     -0.23287737
                    2135                     -0.22997131
                  2137.5                     -0.22694256
                    2140                     -0.22386267
                  2142.5                     -0.22080516
                    2145                     -0.21784381
                  2147.5                     -0.21505016
                    2150                     -0.21248513
                  2152.5                     -0.21019722
                    2155                     -0.20822108
                  2157.5                     -0.20657325
                    2160                     -0.20525103
                  2162.5                     -0.20423522
                    2165                     -0.20348695
                  2167.5                     -0.20295595
                    2170                     -0.20257701
                  2172.5                       -0.202278
                    2175                     -0.20198207
                  2177.5                     -0.20161285
                    2180                     -0.20110151
                  2182.5                     -0.20038494
                    2185                     -0.19941523
                  2187.5                     -0.19816212
                    2190                     -0.19660944
                  2192.5                     -0.19476034
                    2195                     -0.19264188
                  2197.5                     -0.19029365
                    2200                     -0.18777173
                  2202.5                      -0.1851414
                    2205                     -0.18248001
                  2207.5                     -0.17986437
                    2210                     -0.17737114
                  2212.5                       -0.175069
                    2215                     -0.17302042
                  2217.5                     -0.17127124
                    2220                     -0.16984951
                  2222.5                     -0.16876687
                    2225                     -0.16801229
                  2227.5                      -0.1675633
                    2230                     -0.16737297
                  2232.5                     -0.16738245
                    2235                     -0.16752031
                  2237.5                      -0.1677104
                    2240                     -0.16787282
                  2242.5                     -0.16792849
                    2245                     -0.16780699
                  2247.5                     -0.16744988
                    2250                      -0.1668098
                  2252.5                     -0.16586057
                    2255                     -0.16459372
                  2257.5                     -0.16302146
                    2260                     -0.16117509
                  2262.5                       -0.159103
                    2265                     -0.15686652
                  2267.5                     -0.15454057
                    2270                     -0.15220625
                  2272.5                     -0.14994475
                    2275                     -0.14783371
                  2277.5                     -0.14594477
                    2280                     -0.14433505
                  2282.5                     -0.14304938
                    2285                     -0.14211004
                  2287.5                     -0.14152234
                    2290                      -0.1412702
                  2292.5                     -0.14131758
                    2295                     -0.14161252
                  2297.5                     -0.14208904
                    2300                     -0.14266853
                  2302.5                     -0.14326738
                    2305                     -0.14380201
                  2307.5                     -0.14419069
                    2310                      -0.1443637
                  2312.5                      -0.1442597
                    2315                     -0.14384163
                  2317.5                     -0.14308363
                    2320                      -0.1419857
                  2322.5                     -0.14056753
                    2325                     -0.13887106
                  2327.5                     -0.13695151
                    2330                     -0.13488042
                  2332.5                     -0.13273973
                    2335                     -0.13061719
                  2337.5                     -0.12859676
                    2340                      -0.1267639
                  2342.5                      -0.1251852
                    2345                      -0.1239219
                  2347.5                     -0.12300932
                    2350                     -0.12246898
                  2352.5                     -0.12229641
                    2355                     -0.12246756
                  2357.5                     -0.12293796
                    2360                     -0.12364523
                  2362.5                      -0.1245141
                    2365                     -0.12545954
                  2367.5                     -0.12638747
                    2370                     -0.12721269
                  2372.5                      -0.1278501
                    2375                     -0.12822659
                  2377.5                     -0.12828471
                    2380                     -0.12799002
                  2382.5                     -0.12732364
                    2385                     -0.12629425
                  2387.5                     -0.12493201
                    2390                     -0.12328479
                  2392.5                     -0.12142091
                    2395                     -0.11942121
                  2397.5                     -0.11737853
                    2400                     -0.11538601
                  2402.5                     -0.11353552
                    2405                     -0.11191269
                  2407.5                     -0.11058801
                    2410                     -0.10961762
                  2412.5                     -0.10903622
                    2415                     -0.10885552
                  2417.5                     -0.10906321
                    2420                     -0.10962646
                  2422.5                     -0.11048838
                    2425                      -0.1115773
                  2427.5                     -0.11280521
                    2430                     -0.11407744
                  2432.5                      -0.1152933
                    2435                     -0.11635859
                  2437.5                     -0.11718467
                    2440                     -0.11769983
                  2442.5                     -0.11784769
                    2445                     -0.11759815
                  2447.5                     -0.11694005
                    2450                     -0.11589057
                  2452.5                     -0.11449059
                    2455                       -0.112802
                  2457.5                     -0.11090455
                    2460                     -0.10889138
                  2462.5                     -0.10686413
                    2465                     -0.10492631
                  2467.5                     -0.10317643
                    2470                     -0.10170243
                  2472.5                     -0.10057856
                    2475                    -0.099856653
                  2477.5                    -0.099565896
                    2480                     -0.09971047
                  2482.5                     -0.10026911
                    2485                     -0.10119594
                  2487.5                     -0.10242181
                    2490                     -0.10385943
                  2492.5                      -0.1054113
                    2495                     -0.10696833
                  2497.5                     -0.10842179
                    2500                     -0.10966919
                  2502.5                     -0.11061934
                    2505                     -0.11119852
                  2507.5                     -0.11135499
                    2510                     -0.11105969
                  2512.5                     -0.11031477
                    2515                     -0.10914964
                  2517.5                     -0.10761537
                    2520                     -0.10578953
                  2522.5                     -0.10376724
                    2525                     -0.10165618
                  2527.5                    -0.099570188
                    2530                    -0.097622555
                  2532.5                    -0.095921186
                    2535                    -0.094557401
                  2537.5                    -0.093605494
                    2540                    -0.093113623
                  2542.5                    -0.093107435
                    2545                     -0.09357979
                  2547.5                    -0.094495719
                    2550                    -0.095795041
                  2552.5                    -0.097395326
                    2555                    -0.099191332
                  2557.5                     -0.10106992
                    2560                     -0.10290977
                  2562.5                     -0.10458881
                    2565                     -0.10599794
                  2567.5                      -0.1070398
                    2570                     -0.10764034
                  2572.5                     -0.10775081
                    2575                     -0.10735301
                  2577.5                     -0.10645741
                    2580                     -0.10510531
                  2582.5                     -0.10336805
                    2585                     -0.10133951
                  2587.5                     -0.09913322
                    2590                     -0.09687207
                  2592.5                    -0.094685115
                    2595                     -0.09269977
                  2597.5                    -0.091029647
                    2600                     -0.08977286
                  2602.5                    -0.089002771
                    2605                    -0.088765161
                  2607.5                    -0.089075303
                    2610                    -0.089913782
                  2612.5                    -0.091230358
                    2615                    -0.092948536
                  2617.5                    -0.094963193
                    2620                    -0.097153438
                  2622.5                    -0.099385219
                    2625                     -0.10152087
                  2627.5                     -0.10342631
                    2630                     -0.10498142
                  2632.5                     -0.10608463
                    2635                     -0.10666017
                  2637.5                     -0.10666708
                    2640                     -0.10609372
                  2642.5                     -0.10496774
                    2645                       -0.103348
                  2647.5                     -0.10132464
                    2650                    -0.099014015
                  2652.5                    -0.096550201
                    2655                    -0.094077252
                  2657.5                    -0.091744445
                    2660                    -0.089689155
                  2662.5                    -0.088037868
                    2665                    -0.086892818
                  2667.5                    -0.086328046
                    2670                    -0.086381843
                  2672.5                    -0.087057835
                    2675                     -0.08832286
                  2677.5                    -0.090108628
                    2680                    -0.092312363
                  2682.5                    -0.094809461
                    2685                    -0.097453603
                  2687.5                     -0.10008782
                    2690                     -0.10255553
                  2692.5                     -0.10470708
                    2695                     -0.10640989
                  2697.5                     -0.10756039
                    2700                     -0.10808342
                  2702.5                     -0.10794285
                    2705                     -0.10714307
                  2707.5                     -0.10572704
                    2710                      -0.1037776
                  2712.5                      -0.1014132
                    2715                    -0.098771463
                  2717.5                    -0.096017924
                    2720                    -0.093318796
                  2722.5                     -0.09084362
                    2725                    -0.088750813
                  2727.5                    -0.087174909
                    2730                    -0.086223213
                  2732.5                     -0.08596712
                    2735                    -0.086440415
                  2737.5                    -0.087629352
                    2740                    -0.089480051
                  2742.5                    -0.091899713
                    2745                    -0.094760441
                  2747.5                    -0.097906047
                    2750                     -0.10116169
                  2752.5                      -0.1043429
                    2755                     -0.10726962
                  2757.5                     -0.10977377
                    2760                     -0.11171186
                  2762.5                     -0.11297152
                    2765                     -0.11348366
                  2767.5                     -0.11322056
                    2770                     -0.11220587
                  2772.5                     -0.11050633
                    2775                      -0.1082339
                  2777.5                     -0.10553673
                    2780                     -0.10258914
                  2782.5                    -0.099586649
                    2785                    -0.096727089
                  2787.5                     -0.09420544
                    2790                    -0.092198281
                  2792.5                     -0.09085605
                    2795                    -0.090287906
                  2797.5                    -0.090563222
                    2800                    -0.091700641
                  2802.5                    -0.093670435
                    2805                    -0.096391531
                  2807.5                    -0.099739241
                    2810                     -0.10355052
                  2812.5                     -0.10763233
                    2815                     -0.11177382
                  2817.5                      -0.1157574
                    2820                     -0.11937426
                  2822.5                     -0.12243276
                    2825                     -0.12477773
                  2827.5                     -0.12629074
                    2830                     -0.12690855
                  2832.5                     -0.12661913
                    2835                     -0.12546717
                  2837.5                     -0.12355358
                    2840                     -0.12102572
                  2842.5                      -0.1180728
                    2845                     -0.11491168
                  2847.5                      -0.1117761
                    2850                     -0.10890383
                  2852.5                     -0.10651898
                    2855                     -0.10482023
                  2857.5                     -0.10397088
                    2860                     -0.10408539
                  2862.5                     -0.10522492
                    2865                     -0.10739201
                  2867.5                     -0.11052729
                    2870                     -0.11451587
                  2872.5                     -0.11919134
                    2875                     -0.12434265
                  2877.5                      -0.1297323
                    2880                     -0.13509975
                  2882.5                     -0.14018758
                    2885                     -0.14474864
                  2887.5                     -0.14856585
                    2890                     -0.15146531
                  2892.5                     -0.15332566
                    2895                     -0.15409084
                  2897.5                     -0.15376998
                    2900                     -0.15244026
                  2902.5                     -0.15024158
                    2905                     -0.14736992
                  2907.5                     -0.14406557
                    2910                     -0.14059979
                  2912.5                     -0.13725503
                    2915                     -0.13431422
                  2917.5                     -0.13203749
                    2920                     -0.13064986
                  2922.5                     -0.13032745
                    2925                     -0.13118605
                  2927.5                     -0.13327396
                    2930                     -0.13656672
                  2932.5                     -0.14096664
                    2935                     -0.14631261
                  2937.5                     -0.15238184
                    2940                     -0.15890287
                  2942.5                      -0.1655743
                    2945                     -0.17207991
                  2947.5                     -0.17810635
                    2950                     -0.18336232
                  2952.5                     -0.18760088
                    2955                     -0.19062897
                  2957.5                     -0.19232686
                    2960                     -0.19265177
                  2962.5                     -0.19164657
                    2965                     -0.18943321
                  2967.5                     -0.18620979
                    2970                     -0.18223825
                  2972.5                     -0.17782854
                    2975                     -0.17331995
                  2977.5                     -0.16906207
                    2980                     -0.16539256
                  2982.5                     -0.16261894
                    2985                     -0.16099786
                  2987.5                     -0.16071842
                    2990                     -0.16189632
                  2992.5                     -0.16455732
                    2995                     -0.16864331
                  2997.5                     -0.17400672
                    3000                      -0.1804195

