        Frequency / MHz                S1,1/abs,dB
----------------------------------------------------------------------
                     500                       -1.089946
                   502.5                      -1.1816049
                     505                      -1.2728145
                   507.5                      -1.3629031
                     510                        -1.45117
                   512.5                      -1.5368976
                     515                      -1.6193586
                   517.5                      -1.6978236
                     520                      -1.7715782
                   522.5                      -1.8399283
                     525                      -1.9022213
                   527.5                      -1.9578526
                     530                       -2.006283
                   532.5                      -2.0470523
                     535                      -2.0797889
                   537.5                      -2.1042202
                     540                      -2.1201806
                   542.5                      -2.1276118
                     545                      -2.1265667
                   547.5                       -2.117208
                     550                      -2.0997979
                   552.5                      -2.0746968
                     555                       -2.042345
                   557.5                      -2.0032573
                     560                      -1.9580044
                   562.5                       -1.907203
                     565                       -1.851501
                   567.5                      -1.7915612
                     570                      -1.7280507
                   572.5                      -1.6616359
                     575                      -1.5929635
                   577.5                      -1.5226591
                     580                      -1.4513181
                   582.5                      -1.3795031
                     585                      -1.3077402
                   587.5                      -1.2365101
                     590                      -1.1662599
                   592.5                      -1.0973887
                     595                      -1.0302557
                   597.5                     -0.96518124
                     600                     -0.90244637
                   602.5                     -0.84229196
                     605                     -0.78492451
                   607.5                     -0.73051541
                     610                     -0.67920253
                   612.5                     -0.63109737
                     615                     -0.58627802
                   617.5                     -0.54479893
                     620                     -0.50668705
                   622.5                     -0.47194701
                     625                     -0.44056158
                   627.5                     -0.41249286
                     630                     -0.38768334
                   632.5                     -0.36605799
                     635                     -0.34752468
                   637.5                     -0.33197733
                     640                     -0.31929355
                   642.5                     -0.30933768
                     645                     -0.30196459
                   647.5                     -0.29701387
                     650                     -0.29431793
                   652.5                     -0.29370012
                     655                     -0.29497421
                   657.5                     -0.29795069
                     660                     -0.30243189
                   662.5                     -0.30821693
                     665                     -0.31510375
                   667.5                     -0.32288807
                     670                     -0.33136543
                   672.5                     -0.34033368
                     675                     -0.34959486
                   677.5                     -0.35895477
                     680                     -0.36822694
                   682.5                     -0.37723413
                     685                     -0.38580623
                   687.5                     -0.39378659
                     690                     -0.40102894
                   692.5                     -0.40740241
                     695                     -0.41279014
                   697.5                     -0.41709193
                     700                     -0.42022557
                   702.5                     -0.42212218
                     705                     -0.42273206
                   707.5                     -0.42202543
                     710                     -0.41998428
                   712.5                     -0.41661598
                     715                     -0.41193507
                   717.5                       -0.405981
                     720                     -0.39879855
                   722.5                     -0.39045485
                     725                     -0.38102489
                   727.5                     -0.37059485
                     730                     -0.35925991
                   732.5                     -0.34712497
                     735                     -0.33430235
                   737.5                     -0.32090588
                     740                     -0.30705576
                   742.5                     -0.29287213
                     745                     -0.27847647
                   747.5                     -0.26398948
                     750                     -0.24953013
                   752.5                     -0.23521122
                     755                     -0.22114415
                   757.5                     -0.20743432
                     760                       -0.194179
                   762.5                     -0.18147021
                     765                      -0.1693916
                   767.5                     -0.15801812
                     770                     -0.14741715
                   772.5                     -0.13764517
                     775                     -0.12875206
                   777.5                     -0.12077648
                     780                     -0.11374685
                   782.5                     -0.10768354
                     785                     -0.10259753
                   787.5                    -0.098489012
                     790                    -0.095351999
                   792.5                    -0.093169118
                     795                    -0.091915947
                   797.5                    -0.091559315
                     800                     -0.09205876
                   802.5                    -0.093366958
                     805                    -0.095431222
                   807.5                    -0.098190725
                     810                     -0.10158049
                   812.5                     -0.10553202
                     815                     -0.10997077
                   817.5                      -0.1148227
                     820                      -0.1200068
                   822.5                     -0.12544363
                     825                     -0.13105395
                   827.5                     -0.13675459
                     830                     -0.14246818
                   832.5                     -0.14811449
                     835                     -0.15361978
                   837.5                     -0.15891066
                     840                     -0.16392009
                   842.5                     -0.16858357
                     845                     -0.17284317
                   847.5                     -0.17664706
                     850                     -0.17994973
                   852.5                     -0.18271094
                     855                     -0.18489943
                   857.5                     -0.18649106
                     860                     -0.18746843
                   862.5                      -0.1878229
                     865                     -0.18755238
                   867.5                      -0.1866627
                     870                     -0.18516688
                   872.5                     -0.18308464
                     875                      -0.1804437
                   877.5                     -0.17727663
                     880                     -0.17362168
                   882.5                     -0.16952231
                     885                     -0.16502651
                   887.5                     -0.16018639
                     890                     -0.15505689
                   892.5                     -0.14969482
                     895                     -0.14415985
                   897.5                     -0.13851156
                     900                      -0.1328109
                   902.5                     -0.12711851
                     905                     -0.12149066
                   907.5                     -0.11598611
                     910                     -0.11066148
                   912.5                     -0.10556721
                     915                     -0.10075099
                   917.5                    -0.096260207
                     920                    -0.092134789
                   922.5                    -0.088411929
                     925                    -0.085123167
                   927.5                    -0.082294114
                     930                    -0.079946046
                   932.5                    -0.078096042
                     935                     -0.07675349
                   937.5                    -0.075923085
                     940                    -0.075606427
                   942.5                    -0.075794882
                     945                    -0.076480083
                   947.5                    -0.077644018
                     950                    -0.079265075
                   952.5                    -0.081320809
                     955                    -0.083778374
                   957.5                    -0.086605374
                     960                    -0.089765052
                   962.5                    -0.093215525
                     965                    -0.096914974
                   967.5                     -0.10081924
                     970                     -0.10488094
                   972.5                     -0.10905147
                     975                     -0.11328408
                   977.5                     -0.11752883
                     980                     -0.12173833
                   982.5                     -0.12586602
                     985                     -0.12986715
                   987.5                     -0.13369751
                     990                      -0.1373167
                   992.5                       -0.140688
                     995                     -0.14377561
                   997.5                     -0.14655029
                    1000                      -0.1489857
                  1002.5                     -0.15105921
                    1005                     -0.15275379
                  1007.5                     -0.15405806
                    1010                     -0.15496411
                  1012.5                     -0.15546809
                    1015                     -0.15557474
                  1017.5                     -0.15529026
                    1020                     -0.15462608
                  1022.5                     -0.15359961
                    1025                     -0.15223323
                  1027.5                     -0.15054914
                    1030                     -0.14857705
                  1032.5                     -0.14634943
                    1035                     -0.14390095
                  1037.5                     -0.14126916
                    1040                     -0.13849178
                  1042.5                     -0.13561112
                    1045                     -0.13266844
                  1047.5                     -0.12970435
                    1050                     -0.12676373
                  1052.5                     -0.12388691
                    1055                     -0.12111426
                  1057.5                     -0.11848595
                    1060                     -0.11603805
                  1062.5                     -0.11380744
                    1065                     -0.11182455
                  1067.5                     -0.11012171
                    1070                     -0.10872367
                  1072.5                     -0.10765345
                    1075                      -0.1069308
                  1077.5                     -0.10657049
                    1080                     -0.10658527
                  1082.5                     -0.10697966
                    1085                      -0.1077593
                  1087.5                     -0.10892002
                    1090                     -0.11045919
                  1092.5                     -0.11236627
                    1095                     -0.11462691
                  1097.5                     -0.11722597
                    1100                     -0.12014173
                  1102.5                     -0.12335048
                    1105                     -0.12682544
                  1107.5                     -0.13053539
                    1110                     -0.13445013
                  1112.5                     -0.13853562
                    1115                     -0.14275476
                  1117.5                     -0.14707151
                    1120                     -0.15144896
                  1122.5                     -0.15584921
                    1125                     -0.16023322
                  1127.5                     -0.16456374
                    1130                     -0.16880724
                  1132.5                     -0.17292536
                    1135                     -0.17688876
                  1137.5                     -0.18066396
                    1140                     -0.18422645
                  1142.5                     -0.18754813
                    1145                     -0.19060945
                  1147.5                      -0.1933903
                    1150                     -0.19587909
                  1152.5                     -0.19806304
                    1155                     -0.19993661
                  1157.5                     -0.20149852
                    1160                     -0.20275062
                  1162.5                     -0.20369855
                    1165                     -0.20435291
                  1167.5                     -0.20472806
                    1170                     -0.20484134
                  1172.5                     -0.20471491
                    1175                     -0.20437325
                  1177.5                     -0.20384275
                    1180                     -0.20315582
                  1182.5                     -0.20234354
                    1185                     -0.20144061
                  1187.5                     -0.20048364
                    1190                     -0.19950744
                  1192.5                     -0.19855038
                    1195                     -0.19765113
                  1197.5                     -0.19684506
                    1200                      -0.1961682
                  1202.5                     -0.19565748
                    1205                     -0.19534664
                  1207.5                     -0.19526723
                    1210                     -0.19544812
                  1212.5                     -0.19591658
                    1215                      -0.1966966
                  1217.5                      -0.1978103
                    1220                     -0.19927506
                  1222.5                     -0.20110555
                    1225                     -0.20331139
                  1227.5                     -0.20590046
                    1230                     -0.20887384
                  1232.5                      -0.2122328
                    1235                     -0.21597255
                  1237.5                     -0.22008364
                    1240                     -0.22455414
                  1242.5                     -0.22936964
                    1245                     -0.23451005
                  1247.5                     -0.23995324
                    1250                     -0.24567729
                  1252.5                     -0.25165233
                    1255                     -0.25784833
                  1257.5                     -0.26423683
                    1260                     -0.27078239
                  1262.5                     -0.27745148
                    1265                     -0.28421055
                  1267.5                     -0.29102388
                    1270                     -0.29785808
                  1272.5                     -0.30467667
                    1275                     -0.31144978
                  1277.5                     -0.31814457
                    1280                     -0.32473113
                  1282.5                     -0.33118043
                    1285                     -0.33747169
                  1287.5                     -0.34358315
                    1290                     -0.34949315
                  1292.5                     -0.35519044
                    1295                      -0.3606612
                  1297.5                     -0.36590143
                    1300                     -0.37090824
                  1302.5                     -0.37568033
                    1305                     -0.38022604
                  1307.5                     -0.38455668
                    1310                     -0.38868325
                  1312.5                     -0.39262604
                    1315                     -0.39640661
                  1317.5                     -0.40005023
                    1320                     -0.40358635
                  1322.5                     -0.40704834
                    1325                     -0.41047007
                  1327.5                     -0.41388841
                    1330                     -0.41734403
                  1332.5                     -0.42087728
                    1335                     -0.42453017
                  1337.5                     -0.42834583
                    1340                     -0.43236592
                  1342.5                     -0.43663433
                    1345                     -0.44119352
                  1347.5                     -0.44608501
                    1350                     -0.45134661
                  1352.5                     -0.45701803
                    1355                     -0.46313474
                  1357.5                      -0.4697306
                    1360                     -0.47683362
                  1362.5                     -0.48447269
                    1365                     -0.49267225
                  1367.5                     -0.50145251
                    1370                     -0.51082891
                  1372.5                     -0.52081457
                    1375                     -0.53142049
                  1377.5                     -0.54265055
                    1380                     -0.55450532
                  1382.5                     -0.56698222
                    1385                     -0.58007551
                  1387.5                     -0.59377596
                    1390                     -0.60806787
                  1392.5                     -0.62293694
                    1395                     -0.63836212
                  1397.5                      -0.6543211
                    1400                     -0.67078985
                  1402.5                     -0.68774326
                    1405                     -0.70515108
                  1407.5                     -0.72298466
                    1410                     -0.74121488
                  1412.5                     -0.75981301
                    1415                     -0.77874693
                  1417.5                     -0.79798929
                    1420                     -0.81751289
                  1422.5                     -0.83729077
                    1425                     -0.85729902
                  1427.5                     -0.87751748
                    1430                     -0.89792749
                  1432.5                     -0.91851486
                    1435                     -0.93926945
                  1437.5                     -0.96018304
                    1440                     -0.98125533
                  1442.5                      -1.0024879
                    1445                      -1.0238881
                  1447.5                      -1.0454681
                    1450                      -1.0672457
                  1452.5                      -1.0892421
                    1455                      -1.1114851
                  1457.5                      -1.1340057
                    1460                      -1.1568399
                  1462.5                      -1.1800282
                    1465                      -1.2036151
                  1467.5                      -1.2276476
                    1470                      -1.2521775
                  1472.5                      -1.2772565
                    1475                      -1.3029414
                  1477.5                      -1.3292866
                    1480                      -1.3563512
                  1482.5                      -1.3841919
                    1485                       -1.412864
                  1487.5                      -1.4424243
                    1490                      -1.4729266
                  1492.5                      -1.5044207
                    1495                      -1.5369529
                  1497.5                       -1.570568
                    1500                      -1.6053015
                  1502.5                      -1.6411887
                    1505                      -1.6782511
                  1507.5                      -1.7165104
                    1510                      -1.7559756
                  1512.5                      -1.7966463
                    1515                      -1.8385178
                  1517.5                      -1.8815714
                    1520                      -1.9257761
                  1522.5                      -1.9710961
                    1525                       -2.017476
                  1527.5                      -2.0648549
                    1530                       -2.113155
                  1532.5                      -2.1622878
                    1535                      -2.2121486
                  1537.5                      -2.2626214
                    1540                      -2.3135769
                  1542.5                      -2.3648693
                    1545                       -2.416346
                  1547.5                      -2.4678323
                    1550                      -2.5191495
                  1552.5                      -2.5701024
                    1555                      -2.6204864
                  1557.5                      -2.6700876
                    1560                      -2.7186853
                  1562.5                       -2.766047
                    1565                      -2.8119439
                  1567.5                      -2.8561383
                    1570                      -2.8983921
                  1572.5                      -2.9384764
                    1575                      -2.9761562
                  1577.5                      -3.0112153
                    1580                      -3.0434385
                  1582.5                      -3.0726287
                    1585                      -3.0986045
                  1587.5                       -3.121201
                    1590                      -3.1402747
                  1592.5                      -3.1557059
                    1595                      -3.1673995
                  1597.5                      -3.1752858
                    1600                      -3.1793242
                  1602.5                      -3.1795007
                    1605                      -3.1758325
                  1607.5                      -3.1683598
                    1610                      -3.1571545
                  1612.5                      -3.1423114
                    1615                      -3.1239524
                  1617.5                      -3.1022174
                    1620                      -3.0772739
                  1622.5                      -3.0492973
                    1625                      -3.0184849
                  1627.5                      -2.9850443
                    1630                      -2.9491933
                  1632.5                      -2.9111555
                    1635                      -2.8711573
                  1637.5                      -2.8294287
                    1640                      -2.7861976
                  1642.5                      -2.7416896
                    1645                      -2.6961241
                  1647.5                      -2.6497145
                    1650                      -2.6026671
                  1652.5                      -2.5551761
                    1655                      -2.5074247
                  1657.5                      -2.4595878
                    1660                      -2.4118269
                  1662.5                      -2.3642878
                    1665                      -2.3171087
                  1667.5                      -2.2704116
                    1670                      -2.2243055
                  1672.5                      -2.1788853
                    1675                      -2.1342389
                  1677.5                      -2.0904348
                    1680                      -2.0475346
                  1682.5                       -2.005589
                    1685                      -1.9646337
                  1687.5                      -1.9246959
                    1690                      -1.8857948
                  1692.5                      -1.8479425
                    1695                      -1.8111371
                  1697.5                      -1.7753729
                    1700                      -1.7406368
                  1702.5                       -1.706911
                    1705                      -1.6741718
                  1707.5                      -1.6423862
                    1710                      -1.6115245
                  1712.5                      -1.5815513
                    1715                       -1.552425
                  1717.5                      -1.5241066
                    1720                      -1.4965551
                  1722.5                       -1.469725
                    1725                      -1.4435766
                  1727.5                      -1.4180673
                    1730                      -1.3931558
                  1732.5                      -1.3688013
                    1735                      -1.3449678
                  1737.5                      -1.3216188
                    1740                      -1.2987235
                  1742.5                      -1.2762483
                    1745                      -1.2541703
                  1747.5                      -1.2324649
                    1750                      -1.2111095
                  1752.5                      -1.1900899
                    1755                      -1.1693932
                  1757.5                      -1.1490082
                    1760                      -1.1289302
                  1762.5                      -1.1091548
                    1765                      -1.0896833
                  1767.5                      -1.0705169
                    1770                      -1.0516642
                  1772.5                      -1.0331302
                    1775                      -1.0149256
                  1777.5                     -0.99706462
                    1780                     -0.97955822
                  1782.5                     -0.96242211
                    1785                     -0.94566956
                  1787.5                     -0.92931884
                    1790                     -0.91338306
                  1792.5                     -0.89788032
                    1795                     -0.88282306
                  1797.5                     -0.86822648
                    1800                     -0.85410327
                  1802.5                     -0.84046436
                    1805                     -0.82731844
                  1807.5                     -0.81467549
                    1810                     -0.80253949
                  1812.5                     -0.79091424
                    1815                     -0.77980178
                  1817.5                     -0.76920048
                    1820                     -0.75910499
                  1822.5                     -0.74951108
                    1825                      -0.7404096
                  1827.5                     -0.73179014
                    1830                     -0.72363754
                  1832.5                     -0.71593818
                    1835                      -0.7086733
                  1837.5                     -0.70182438
                    1840                     -0.69536907
                  1842.5                     -0.68928709
                    1845                     -0.68355154
                  1847.5                     -0.67813949
                    1850                     -0.67302466
                  1852.5                     -0.66818263
                    1855                     -0.66358519
                  1857.5                     -0.65920784
                    1860                     -0.65502416
                  1862.5                     -0.65101098
                    1865                     -0.64714254
                  1867.5                     -0.64339709
                    1870                     -0.63975438
                  1872.5                     -0.63619469
                    1875                     -0.63270087
                  1877.5                     -0.62925539
                    1880                     -0.62584889
                  1882.5                     -0.62246805
                    1885                      -0.6191066
                  1887.5                     -0.61575641
                    1890                     -0.61241667
                  1892.5                     -0.60908516
                    1895                     -0.60576398
                  1897.5                     -0.60245933
                    1900                     -0.59917506
                  1902.5                     -0.59592119
                    1905                     -0.59270915
                  1907.5                     -0.58954952
                    1910                     -0.58645662
                  1912.5                     -0.58344731
                    1915                     -0.58053731
                  1917.5                     -0.57774264
                    1920                     -0.57508358
                  1922.5                     -0.57257535
                    1925                     -0.57023797
                  1927.5                     -0.56808835
                    1930                     -0.56614381
                  1932.5                     -0.56441996
                    1935                     -0.56293472
                  1937.5                     -0.56170009
                    1940                     -0.56072848
                  1942.5                     -0.56003268
                    1945                     -0.55962067
                  1947.5                     -0.55949986
                    1950                     -0.55967459
                  1952.5                     -0.56015024
                    1955                     -0.56092642
                  1957.5                     -0.56200192
                    1960                     -0.56337366
                  1962.5                     -0.56503613
                    1965                     -0.56698129
                  1967.5                     -0.56920236
                    1970                     -0.57168534
                  1972.5                     -0.57441857
                    1975                     -0.57738953
                  1977.5                     -0.58058174
                    1980                      -0.5839792
                  1982.5                     -0.58756572
                    1985                     -0.59132489
                  1987.5                     -0.59523816
                    1990                     -0.59929071
                  1992.5                     -0.60346429
                    1995                     -0.60774438
                  1997.5                     -0.61211579
                    2000                     -0.61656542
                  2002.5                      -0.6210834
                    2005                     -0.62565799
                  2007.5                     -0.63028372
                    2010                     -0.63495252
                  2012.5                     -0.63966454
                    2015                     -0.64441816
                  2017.5                     -0.64921673
                    2020                     -0.65406692
                  2022.5                     -0.65897374
                    2025                     -0.66395209
                  2027.5                     -0.66901275
                    2030                     -0.67417541
                  2032.5                     -0.67945681
                    2035                     -0.68488067
                  2037.5                     -0.69047107
                    2040                     -0.69625375
                  2042.5                     -0.70225614
                    2045                     -0.70851075
                  2047.5                     -0.71504598
                    2050                     -0.72189447
                  2052.5                     -0.72908884
                    2055                     -0.73666233
                  2057.5                     -0.74464935
                    2060                     -0.75307984
                  2062.5                     -0.76198885
                    2065                     -0.77140661
                  2067.5                     -0.78136383
                    2070                     -0.79188812
                  2072.5                     -0.80300574
                    2075                      -0.8147427
                  2077.5                     -0.82712099
                    2080                     -0.84016217
                  2082.5                     -0.85388111
                    2085                     -0.86829614
                  2087.5                     -0.88341688
                    2090                     -0.89925616
                  2092.5                      -0.9158182
                    2095                     -0.93310951
                  2097.5                     -0.95113341
                    2100                      -0.9698873
                  2102.5                     -0.98936981
                    2105                      -1.0095806
                  2107.5                      -1.0305121
                    2110                      -1.0521582
                  2112.5                      -1.0745146
                    2115                      -1.0975727
                  2117.5                      -1.1213277
                    2120                      -1.1457746
                  2122.5                      -1.1709091
                    2125                      -1.1967303
                  2127.5                      -1.2232392
                    2130                      -1.2504399
                  2132.5                      -1.2783416
                    2135                      -1.3069587
                  2137.5                      -1.3363079
                    2140                      -1.3664134
                  2142.5                      -1.3973068
                    2145                      -1.4290251
                  2147.5                      -1.4616147
                    2150                      -1.4951279
                  2152.5                      -1.5296261
                    2155                      -1.5651809
                  2157.5                      -1.6018711
                    2160                      -1.6397866
                  2162.5                      -1.6790272
                    2165                      -1.7197012
                  2167.5                      -1.7619262
                    2170                      -1.8058341
                  2172.5                       -1.851563
                    2175                      -1.8992636
                  2177.5                      -1.9490956
                    2180                      -2.0012287
                  2182.5                      -2.0558424
                    2185                      -2.1131281
                  2187.5                      -2.1732859
                    2190                       -2.236524
                  2192.5                      -2.3030646
                    2195                       -2.373133
                  2197.5                       -2.446971
                    2200                      -2.5248275
                  2202.5                      -2.6069589
                    2205                      -2.6936335
                  2207.5                      -2.7851311
                    2210                      -2.8817408
                  2212.5                      -2.9837604
                    2215                      -3.0915027
                  2217.5                      -3.2052904
                    2220                      -3.3254588
                  2222.5                      -3.4523581
                    2225                       -3.586351
                  2227.5                      -3.7278173
                    2230                      -3.8771547
                  2232.5                      -4.0347747
                    2235                      -4.2011149
                  2237.5                        -4.37663
                    2240                      -4.5618005
                  2242.5                      -4.7571289
                    2245                      -4.9631507
                  2247.5                      -5.1804273
                    2250                      -5.4095517
                  2252.5                       -5.651153
                    2255                      -5.9058962
                  2257.5                      -6.1744799
                    2260                      -6.4576432
                  2262.5                      -6.7561586
                    2265                      -7.0708336
                  2267.5                      -7.4025026
                    2270                       -7.752012
                  2272.5                      -8.1202032
                    2275                      -8.5078857
                  2277.5                      -8.9157858
                    2280                      -9.3444778
                  2282.5                       -9.794286
                    2285                      -10.265121
                  2287.5                      -10.756268
                    2290                      -11.266066
                  2292.5                      -11.791465
                    2295                       -12.32743
                  2297.5                      -12.866183
                    2300                      -13.396336
                  2302.5                      -13.902078
                    2305                      -14.362799
                  2307.5                      -14.753758
                    2310                      -15.048487
                  2312.5                      -15.223187
                    2315                       -15.26217
                  2317.5                      -15.162227
                    2320                      -14.933597
                  2322.5                      -14.596972
                    2325                      -14.178244
                  2327.5                      -13.703411
                    2330                      -13.195218
                  2332.5                      -12.671752
                    2335                      -12.146412
                  2337.5                      -11.628579
                    2340                      -11.124495
                  2342.5                      -10.638078
                    2345                      -10.171599
                  2347.5                      -9.7261892
                    2350                      -9.3022194
                  2352.5                      -8.8995545
                    2355                      -8.5177414
                  2357.5                      -8.1561322
                    2360                       -7.813964
                  2362.5                      -7.4904214
                    2365                      -7.1846694
                  2367.5                      -6.8958807
                    2370                      -6.6232391
                  2372.5                      -6.3659678
                    2375                       -6.123316
                  2377.5                      -5.8945676
                    2380                      -5.6790441
                  2382.5                       -5.476099
                    2385                      -5.2851188
                  2387.5                      -5.1055163
                    2390                      -4.9367371
                  2392.5                      -4.7782476
                    2395                      -4.6295388
                  2397.5                       -4.490123
                    2400                      -4.3595288
                  2402.5                      -4.2373031
                    2405                      -4.1230058
                  2407.5                      -4.0162128
                    2410                      -3.9165106
                  2412.5                      -3.8234955
                    2415                      -3.7367751
                  2417.5                      -3.6559658
                    2420                      -3.5806918
                  2422.5                       -3.510586
                    2425                       -3.445291
                  2427.5                      -3.3844565
                    2430                      -3.3277386
                  2432.5                      -3.2748058
                    2435                      -3.2253343
                  2437.5                      -3.1790131
                    2440                      -3.1355385
                  2442.5                      -3.0946234
                    2445                      -3.0559891
                  2447.5                      -3.0193762
                    2450                      -2.9845423
                  2452.5                      -2.9512555
                    2455                      -2.9193108
                  2457.5                      -2.8885157
                    2460                      -2.8587047
                  2462.5                      -2.8297311
                    2465                      -2.8014698
                  2467.5                      -2.7738215
                    2470                      -2.7467107
                  2472.5                      -2.7200834
                    2475                      -2.6939129
                  2477.5                      -2.6681957
                    2480                      -2.6429485
                  2482.5                      -2.6182152
                    2485                      -2.5940581
                  2487.5                      -2.5705617
                    2490                      -2.5478292
                  2492.5                      -2.5259829
                    2495                      -2.5051602
                  2497.5                      -2.4855118
                    2500                      -2.4672038
                  2502.5                      -2.4504127
                    2505                      -2.4353236
                  2507.5                      -2.4221309
                    2510                      -2.4110332
                  2512.5                      -2.4022346
                    2515                      -2.3959431
                  2517.5                      -2.3923648
                    2520                      -2.3917105
                  2522.5                      -2.3941864
                    2525                      -2.3999971
                  2527.5                      -2.4093467
                    2530                      -2.4224309
                  2532.5                      -2.4394434
                    2535                      -2.4605712
                  2537.5                       -2.485994
                    2540                      -2.5158837
                  2542.5                      -2.5504055
                    2545                      -2.5897148
                  2547.5                      -2.6339578
                    2550                      -2.6832677
                  2552.5                      -2.7377703
                    2555                      -2.7975751
                  2557.5                      -2.8627817
                    2560                      -2.9334714
                  2562.5                      -3.0097098
                    2565                      -3.0915431
                  2567.5                      -3.1790013
                    2570                      -3.2720884
                  2572.5                      -3.3707809
                    2575                      -3.4750287
                  2577.5                      -3.5847489
                    2580                      -3.6998215
                  2582.5                      -3.8200841
                    2585                      -3.9453297
                  2587.5                      -4.0752954
                    2590                      -4.2096599
                  2592.5                      -4.3480361
                    2595                      -4.4899607
                  2597.5                       -4.634891
                    2600                        -4.78219
                  2602.5                      -4.9311281
                    2605                      -5.0808668
                  2607.5                      -5.2304585
                    2610                      -5.3788401
                  2612.5                      -5.5248362
                    2615                      -5.6671568
                  2617.5                      -5.8044098
                    2620                      -5.9351135
                  2622.5                      -6.0577182
                    2625                      -6.1706388
                  2627.5                      -6.2722854
                    2630                      -6.3611134
                  2632.5                      -6.4356663
                    2635                      -6.4946378
                  2637.5                      -6.5369161
                    2640                      -6.5616301
                  2642.5                      -6.5681995
                    2645                      -6.5563499
                  2647.5                       -6.526134
                    2650                      -6.4779262
                  2652.5                      -6.4124003
                    2655                      -6.3305007
                  2657.5                      -6.2333986
                    2660                      -6.1224407
                  2662.5                      -5.9990952
                    2665                      -5.8649086
                  2667.5                      -5.7214414
                    2670                      -5.5702459
                  2672.5                      -5.4128201
                    2675                      -5.2505869
                  2677.5                      -5.0848717
                    2680                      -4.9168958
                  2682.5                      -4.7477667
                    2685                      -4.5784769
                  2687.5                      -4.4099067
                    2690                      -4.2428291
                  2692.5                      -4.0779184
                    2695                      -3.9157516
                  2697.5                      -3.7568185
                    2700                      -3.6015399
                  2702.5                      -3.4502568
                    2705                      -3.3032554
                  2707.5                       -3.160763
                    2710                      -3.0229594
                  2712.5                      -2.8899802
                    2715                      -2.7619267
                  2717.5                      -2.6388622
                    2720                      -2.5208259
                  2722.5                      -2.4078306
                    2725                       -2.299865
                  2727.5                      -2.1969004
                    2730                      -2.0988906
                  2732.5                      -2.0057757
                    2735                      -1.9174818
                  2737.5                      -1.8339229
                    2740                      -1.7550033
                  2742.5                      -1.6806177
                    2745                      -1.6106551
                  2747.5                      -1.5449945
                    2750                      -1.4835092
                  2752.5                      -1.4260664
                    2755                      -1.3725303
                  2757.5                      -1.3227558
                    2760                      -1.2765974
                  2762.5                      -1.2339017
                    2765                      -1.1945143
                  2767.5                      -1.1582797
                    2770                      -1.1250354
                  2772.5                      -1.0946165
                    2775                      -1.0668597
                  2777.5                      -1.0415939
                    2780                      -1.0186552
                  2782.5                     -0.99787245
                    2785                     -0.97907496
                  2787.5                     -0.96209564
                    2790                     -0.94676441
                  2792.5                     -0.93291538
                    2795                     -0.92038253
                  2797.5                     -0.90900525
                    2800                      -0.8986251
                  2802.5                     -0.88908852
                    2805                     -0.88024558
                  2807.5                     -0.87195166
                    2810                     -0.86407352
                  2812.5                     -0.85647964
                    2815                      -0.8490487
                  2817.5                     -0.84166754
                    2820                     -0.83423263
                  2822.5                     -0.82665066
                    2825                     -0.81883708
                  2827.5                     -0.81071928
                    2830                     -0.80223546
                  2832.5                     -0.79333543
                    2835                     -0.78397909
                  2837.5                     -0.77413831
                    2840                     -0.76379762
                  2842.5                     -0.75295015
                    2845                     -0.74160155
                  2847.5                     -0.72976711
                    2850                     -0.71747172
                  2852.5                        -0.70475
                    2855                     -0.69164365
                  2857.5                     -0.67820339
                    2860                     -0.66448683
                  2862.5                     -0.65055658
                    2865                     -0.63648064
                  2867.5                     -0.62233192
                    2870                     -0.60818346
                  2872.5                     -0.59411512
                    2875                     -0.58020362
                  2877.5                     -0.56652837
                    2880                      -0.5531652
                  2882.5                     -0.54019379
                    2885                     -0.52768545
                  2887.5                     -0.51571081
                    2890                     -0.50433737
                  2892.5                     -0.49362536
                    2895                     -0.48363342
                  2897.5                     -0.47440967
                    2900                     -0.46599857
                  2902.5                     -0.45843778
                    2905                     -0.45175713
                  2907.5                     -0.44597823
                    2910                     -0.44111453
                  2912.5                     -0.43717315
                    2915                     -0.43415245
                  2917.5                     -0.43204051
                    2920                     -0.43082022
                  2922.5                     -0.43046214
                    2925                     -0.43093428
                  2927.5                     -0.43219371
                    2930                     -0.43419004
                  2932.5                     -0.43686512
                    2935                     -0.44015737
                  2937.5                     -0.44399497
                    2940                     -0.44830541
                  2942.5                     -0.45300581
                    2945                     -0.45801413
                  2947.5                     -0.46324227
                    2950                     -0.46860091
                  2952.5                     -0.47399941
                    2955                     -0.47934631
                  2957.5                     -0.48455145
                    2960                     -0.48952569
                  2962.5                     -0.49418164
                    2965                     -0.49843775
                  2967.5                     -0.50221612
                    2970                     -0.50544532
                  2972.5                     -0.50805872
                    2975                     -0.51000084
                  2977.5                     -0.51122135
                    2980                     -0.51168118
                  2982.5                      -0.5113518
                    2985                     -0.51021024
                  2987.5                     -0.50825065
                    2990                      -0.5054739
                  2992.5                     -0.50189218
                    2995                     -0.49752983
                  2997.5                     -0.49242007
                    3000                     -0.48660862

