        Frequency / MHz                S1,1/abs,dB
----------------------------------------------------------------------
                     500                     -0.14911068
                   502.5                     -0.13245897
                     505                     -0.12234688
                   507.5                     -0.11819706
                     510                     -0.11941308
                   512.5                     -0.12538035
                     515                     -0.13547267
                   517.5                     -0.14905641
                     520                     -0.16549126
                   522.5                     -0.18414268
                     525                      -0.2043844
                   527.5                     -0.22560736
                     530                     -0.24722292
                   532.5                      -0.2686729
                     535                     -0.28943858
                   537.5                     -0.30904109
                     540                     -0.32705487
                   542.5                     -0.34311157
                     545                     -0.35689511
                   547.5                       -0.368163
                     550                     -0.37672975
                   552.5                     -0.38248284
                     555                      -0.3853676
                   557.5                      -0.3853997
                     560                     -0.38264515
                   562.5                     -0.37722845
                     565                     -0.36932085
                   567.5                     -0.35913435
                     570                     -0.34691069
                   572.5                     -0.33292305
                     575                     -0.31745938
                   577.5                     -0.30081682
                     580                     -0.28330005
                   582.5                     -0.26520997
                     585                     -0.24683698
                   587.5                     -0.22846064
                     590                     -0.21034375
                   592.5                     -0.19272566
                     595                     -0.17582031
                   597.5                     -0.15982087
                     600                      -0.1448888
                   602.5                     -0.13116242
                     605                     -0.11874753
                   607.5                     -0.10772509
                     610                    -0.098143166
                   612.5                    -0.090032988
                     615                    -0.083393311
                   617.5                    -0.078200947
                     620                    -0.074416991
                   622.5                    -0.071975665
                     625                    -0.070798038
                   627.5                    -0.070791332
                     630                    -0.071850788
                   632.5                    -0.073855597
                     635                    -0.076685917
                   637.5                    -0.080208975
                     640                    -0.084297878
                   642.5                    -0.088818596
                     645                    -0.093638503
                   647.5                    -0.098636453
                     650                     -0.10368895
                   652.5                     -0.10868374
                     655                     -0.11351532
                   657.5                     -0.11809413
                     660                     -0.12233383
                   662.5                      -0.1261659
                     665                     -0.12953086
                   667.5                     -0.13238716
                     670                     -0.13469826
                   672.5                     -0.13644557
                     675                     -0.13762182
                   677.5                     -0.13822754
                     680                     -0.13827797
                   682.5                     -0.13779606
                     685                     -0.13681148
                   687.5                     -0.13536271
                     690                     -0.13349191
                   692.5                     -0.13125001
                     695                     -0.12868614
                   697.5                     -0.12585478
                     700                     -0.12280945
                   702.5                     -0.11960527
                     705                     -0.11629586
                   707.5                     -0.11293044
                     710                     -0.10955938
                   712.5                     -0.10622827
                     715                     -0.10297808
                   717.5                      -0.0998464
                     720                     -0.09686626
                   722.5                    -0.094065994
                     725                    -0.091469731
                   727.5                    -0.089097296
                     730                    -0.086964652
                   732.5                    -0.085080549
                     735                    -0.083454771
                   737.5                    -0.082087546
                     740                    -0.080982813
                   742.5                    -0.080135952
                     745                    -0.079539908
                   747.5                    -0.079189654
                     750                    -0.079073476
                   752.5                    -0.079180878
                     755                    -0.079501372
                   757.5                     -0.08001837
                     760                    -0.080719501
                   762.5                    -0.081588928
                     765                    -0.082612253
                   767.5                    -0.083773476
                     770                    -0.085058129
                   772.5                    -0.086450199
                     775                    -0.087933465
                   777.5                     -0.08949253
                     780                    -0.091112346
                   782.5                    -0.092777355
                     785                     -0.09447252
                   787.5                    -0.096184282
                     790                    -0.097895775
                   792.5                    -0.099592244
                     795                     -0.10126172
                   797.5                     -0.10288715
                     800                     -0.10445479
                   802.5                     -0.10595317
                     805                     -0.10736833
                   807.5                     -0.10868828
                     810                     -0.10990077
                   812.5                      -0.1109969
                     815                     -0.11196636
                   817.5                     -0.11280179
                     820                     -0.11349667
                   822.5                     -0.11404823
                     825                       -0.114452
                   827.5                      -0.1147088
                     830                     -0.11482018
                   832.5                     -0.11479019
                     835                     -0.11462423
                   837.5                     -0.11433446
                     840                     -0.11392868
                   842.5                      -0.1134246
                     845                     -0.11283633
                   847.5                     -0.11218098
                     850                     -0.11148207
                   852.5                     -0.11075816
                     855                     -0.11003475
                   857.5                     -0.10933415
                     860                     -0.10868388
                   862.5                     -0.10810857
                     865                     -0.10763149
                   867.5                     -0.10728025
                     870                     -0.10707622
                   872.5                     -0.10704246
                     875                     -0.10719917
                   877.5                     -0.10756433
                     880                     -0.10815369
                   882.5                     -0.10897977
                     885                     -0.11005014
                   887.5                     -0.11137292
                     890                     -0.11294757
                   892.5                     -0.11477326
                     895                     -0.11684312
                   897.5                     -0.11914866
                     900                      -0.1216768
                   902.5                     -0.12440722
                     905                     -0.12732218
                   907.5                      -0.1303971
                     910                     -0.13360485
                   912.5                     -0.13691643
                     915                     -0.14030382
                   917.5                     -0.14373216
                     920                     -0.14717107
                   922.5                      -0.1505879
                     925                     -0.15394971
                   927.5                     -0.15722639
                     930                     -0.16038952
                   932.5                     -0.16341302
                     935                     -0.16627341
                   937.5                     -0.16894936
                     940                     -0.17142812
                   942.5                     -0.17369446
                     945                     -0.17574582
                   947.5                     -0.17757788
                     950                     -0.17919441
                   952.5                     -0.18060512
                     955                     -0.18182276
                   957.5                     -0.18286485
                     960                     -0.18375586
                   962.5                     -0.18452233
                     965                     -0.18519468
                   967.5                     -0.18580785
                     970                     -0.18639845
                   972.5                      -0.1870068
                     975                     -0.18767157
                   977.5                     -0.18843368
                     980                     -0.18933402
                   982.5                     -0.19041315
                     985                     -0.19170817
                   987.5                     -0.19325453
                     990                      -0.1950872
                   992.5                     -0.19723416
                     995                     -0.19971933
                   997.5                     -0.20256523
                    1000                     -0.20578582
                  1002.5                     -0.20939096
                    1005                     -0.21338684
                  1007.5                     -0.21777091
                    1010                     -0.22253733
                  1012.5                     -0.22767449
                    1015                     -0.23316367
                  1017.5                     -0.23898324
                    1020                     -0.24510601
                  1022.5                     -0.25150196
                    1025                     -0.25813572
                  1027.5                     -0.26497071
                    1030                     -0.27196744
                  1032.5                      -0.2790855
                    1035                     -0.28628421
                  1037.5                     -0.29352496
                    1040                     -0.30076849
                  1042.5                     -0.30797833
                    1045                     -0.31511966
                  1047.5                     -0.32216501
                    1050                     -0.32908908
                  1052.5                     -0.33587177
                    1055                     -0.34249909
                  1057.5                     -0.34896484
                    1060                     -0.35526693
                  1062.5                      -0.3614119
                    1065                      -0.3674123
                  1067.5                     -0.37328761
                    1070                     -0.37906449
                  1072.5                     -0.38477688
                    1075                     -0.39046019
                  1077.5                     -0.39616176
                    1080                     -0.40192823
                  1082.5                     -0.40781279
                    1085                     -0.41386982
                  1087.5                     -0.42015816
                    1090                     -0.42673632
                  1092.5                     -0.43366629
                    1095                     -0.44100356
                  1097.5                     -0.44880711
                    1100                     -0.45713245
                  1102.5                     -0.46603137
                    1105                     -0.47555087
                  1107.5                     -0.48573453
                    1110                     -0.49662134
                  1112.5                     -0.50824212
                    1115                     -0.52062208
                  1117.5                     -0.53378306
                    1120                     -0.54773478
                  1122.5                     -0.56248644
                    1125                     -0.57803494
                  1127.5                     -0.59437432
                    1130                     -0.61149081
                  1132.5                     -0.62936811
                    1135                     -0.64798202
                  1137.5                       -0.667304
                    1140                      -0.6873036
                  1142.5                     -0.70794972
                    1145                     -0.72920496
                  1147.5                     -0.75103575
                    1150                     -0.77340685
                  1152.5                     -0.79628627
                    1155                     -0.81964248
                  1157.5                     -0.84345008
                    1160                     -0.86768753
                  1162.5                     -0.89233931
                    1165                     -0.91739472
                  1167.5                     -0.94285323
                    1170                     -0.96872042
                  1172.5                     -0.99500974
                    1175                      -1.0217445
                  1177.5                      -1.0489548
                    1180                      -1.0766814
                  1182.5                      -1.1049696
                    1185                      -1.1338769
                  1187.5                      -1.1634633
                    1190                      -1.1937968
                  1192.5                      -1.2249503
                    1195                      -1.2570005
                  1197.5                      -1.2900233
                    1200                      -1.3240997
                  1202.5                      -1.3593065
                    1205                      -1.3957176
                  1207.5                      -1.4334051
                    1210                       -1.472431
                  1212.5                      -1.5128518
                    1215                      -1.5547109
                  1217.5                      -1.5980407
                    1220                      -1.6428591
                  1222.5                      -1.6891673
                    1225                      -1.7369483
                  1227.5                      -1.7861655
                    1230                      -1.8367602
                  1232.5                      -1.8886528
                    1235                      -1.9417368
                  1237.5                       -1.995879
                    1240                      -2.0509241
                  1242.5                      -2.1066875
                    1245                      -2.1629568
                  1247.5                      -2.2194957
                    1250                      -2.2760381
                  1252.5                      -2.3322978
                    1255                      -2.3879606
                  1257.5                      -2.4426946
                    1260                      -2.4961505
                  1262.5                      -2.5479651
                    1265                      -2.5977636
                  1267.5                      -2.6451709
                    1270                      -2.6898086
                  1272.5                       -2.731309
                    1275                      -2.7693153
                  1277.5                      -2.8034942
                    1280                      -2.8335349
                  1282.5                      -2.8591657
                    1285                      -2.8801453
                  1287.5                      -2.8962851
                    1290                      -2.9074402
                  1292.5                      -2.9135191
                    1295                      -2.9144851
                  1297.5                      -2.9103539
                    1300                      -2.9011995
                  1302.5                      -2.8871441
                    1305                      -2.8683629
                  1307.5                       -2.845074
                    1310                      -2.8175393
                  1312.5                      -2.7860512
                    1315                      -2.7509317
                  1317.5                      -2.7125269
                    1320                      -2.6711967
                  1322.5                      -2.6273059
                    1325                      -2.5812297
                  1327.5                      -2.5333324
                    1330                      -2.4839741
                  1332.5                      -2.4335014
                    1335                      -2.3822442
                  1337.5                      -2.3305112
                    1340                      -2.2785893
                  1342.5                       -2.226741
                    1345                      -2.1752041
                  1347.5                      -2.1241871
                    1350                      -2.0738742
                  1352.5                      -2.0244201
                    1355                      -1.9759566
                  1357.5                      -1.9285875
                    1360                      -1.8823927
                  1362.5                      -1.8374308
                    1365                      -1.7937363
                  1367.5                      -1.7513274
                    1370                      -1.7102017
                  1372.5                      -1.6703393
                    1375                       -1.631714
                  1377.5                      -1.5942812
                    1380                      -1.5579868
                  1382.5                      -1.5227717
                    1385                       -1.488571
                  1387.5                      -1.4553158
                    1390                      -1.4229352
                  1392.5                      -1.3913572
                    1395                      -1.3605125
                  1397.5                      -1.3303394
                    1400                      -1.3007721
                  1402.5                      -1.2717583
                    1405                      -1.2432508
                  1407.5                      -1.2152061
                    1410                      -1.1875956
                  1412.5                      -1.1603928
                    1415                      -1.1335845
                  1417.5                      -1.1071625
                    1420                      -1.0811326
                  1422.5                       -1.055503
                    1425                      -1.0302909
                  1427.5                      -1.0055211
                    1430                     -0.98122408
                  1432.5                     -0.95743398
                    1435                     -0.93418859
                  1437.5                     -0.91152837
                    1440                     -0.88949522
                  1442.5                     -0.86813041
                    1445                     -0.84747533
                  1447.5                     -0.82756733
                    1450                     -0.80844289
                  1452.5                     -0.79012981
                    1455                      -0.7726561
                  1457.5                     -0.75604034
                    1460                     -0.74029518
                  1462.5                     -0.72542803
                    1465                     -0.71143486
                  1467.5                     -0.69830748
                    1470                     -0.68602872
                  1472.5                     -0.67457367
                    1475                     -0.66390885
                  1477.5                      -0.6539975
                    1480                     -0.64479174
                  1482.5                     -0.63623989
                    1485                     -0.62828491
                  1487.5                      -0.6208655
                    1490                     -0.61391692
                  1492.5                     -0.60737121
                    1495                     -0.60116086
                  1497.5                     -0.59521716
                    1500                     -0.58947161
                  1502.5                     -0.58386199
                    1505                     -0.57832232
                  1507.5                     -0.57279755
                    1510                      -0.5672354
                  1512.5                     -0.56158753
                    1515                     -0.55581776
                  1517.5                     -0.54989279
                    1520                     -0.54379034
                  1522.5                      -0.5374947
                    1525                     -0.53100089
                  1527.5                     -0.52431091
                    1530                     -0.51743458
                  1532.5                     -0.51039191
                    1535                     -0.50320912
                  1537.5                     -0.49591987
                    1540                     -0.48856326
                  1542.5                     -0.48118312
                    1545                      -0.4738287
                  1547.5                      -0.4665534
                    1550                     -0.45940948
                  1552.5                     -0.45245234
                    1555                     -0.44573464
                  1557.5                     -0.43931068
                    1560                     -0.43322926
                  1562.5                     -0.42753773
                    1565                     -0.42227777
                  1567.5                      -0.4174846
                    1570                     -0.41318797
                  1572.5                     -0.40941306
                    1575                       -0.406172
                  1577.5                     -0.40347507
                    1580                     -0.40132073
                  1582.5                     -0.39969982
                    1585                     -0.39859898
                  1587.5                     -0.39799074
                    1590                     -0.39784507
                  1592.5                     -0.39812265
                    1595                     -0.39878052
                  1597.5                     -0.39976726
                    1600                     -0.40103027
                  1602.5                     -0.40250889
                    1605                     -0.40414505
                  1607.5                     -0.40587708
                    1610                     -0.40764429
                  1612.5                       -0.409384
                    1615                     -0.41104096
                  1617.5                     -0.41255903
                    1620                     -0.41389056
                  1622.5                     -0.41499098
                    1625                     -0.41582296
                  1627.5                     -0.41635647
                    1630                     -0.41657092
                  1632.5                     -0.41645389
                    1635                      -0.4160009
                  1637.5                     -0.41521721
                    1640                     -0.41411826
                  1642.5                     -0.41272607
                    1645                      -0.4110739
                  1647.5                      -0.4092005
                    1650                     -0.40715282
                  1652.5                     -0.40498406
                    1655                     -0.40275305
                  1657.5                     -0.40052106
                    1660                     -0.39835377
                  1662.5                     -0.39631665
                    1665                     -0.39447735
                  1667.5                     -0.39290325
                    1670                      -0.3916567
                  1672.5                     -0.39079751
                    1675                     -0.39038328
                  1677.5                     -0.39046092
                    1680                     -0.39107656
                  1682.5                     -0.39226301
                    1685                     -0.39405096
                  1687.5                     -0.39645714
                    1690                        -0.39949
                  1692.5                     -0.40315274
                    1695                     -0.40743177
                  1697.5                     -0.41231088
                    1700                     -0.41776098
                  1702.5                     -0.42374708
                    1705                     -0.43022228
                  1707.5                     -0.43713606
                    1710                     -0.44443144
                  1712.5                     -0.45204335
                    1715                     -0.45990558
                  1717.5                     -0.46794767
                    1720                     -0.47610106
                  1722.5                     -0.48429375
                    1725                     -0.49245694
                  1727.5                     -0.50052512
                    1730                     -0.50843785
                  1732.5                     -0.51614156
                    1735                     -0.52358904
                  1737.5                     -0.53074135
                    1740                     -0.53757308
                  1742.5                      -0.5440634
                    1745                     -0.55020837
                  1747.5                     -0.55601375
                    1750                      -0.5614983
                  1752.5                     -0.56669064
                    1755                     -0.57163346
                  1757.5                     -0.57637981
                    1760                      -0.5809943
                  1762.5                     -0.58555039
                    1765                     -0.59012984
                  1767.5                     -0.59482318
                    1770                     -0.59972727
                  1772.5                     -0.60493812
                    1775                     -0.61056135
                  1777.5                     -0.61670069
                    1780                     -0.62345934
                  1782.5                     -0.63093801
                    1785                     -0.63923526
                  1787.5                     -0.64844071
                    1790                     -0.65864381
                  1792.5                     -0.66991812
                    1795                     -0.68233483
                  1797.5                     -0.69595216
                    1800                     -0.71081542
                  1802.5                     -0.72696088
                    1805                     -0.74441578
                  1807.5                     -0.76318691
                    1810                     -0.78327839
                  1812.5                     -0.80467411
                    1815                      -0.8273525
                  1817.5                     -0.85128021
                    1820                     -0.87641224
                  1822.5                     -0.90269736
                    1825                     -0.93007449
                  1827.5                     -0.95847893
                    1830                     -0.98784467
                  1832.5                      -1.0181003
                    1835                      -1.0491764
                  1837.5                      -1.0810076
                    1840                      -1.1135327
                  1842.5                      -1.1466974
                    1845                      -1.1804589
                  1847.5                      -1.2147866
                    1850                      -1.2496641
                  1852.5                       -1.285093
                    1855                      -1.3210923
                  1857.5                      -1.3577016
                    1860                      -1.3949833
                  1862.5                      -1.4330225
                    1865                      -1.4719268
                  1867.5                        -1.51183
                    1870                      -1.5528877
                  1872.5                      -1.5952795
                    1875                      -1.6392106
                  1877.5                      -1.6849056
                    1880                      -1.7326095
                  1882.5                      -1.7825895
                    1885                      -1.8351268
                  1887.5                      -1.8905176
                    1890                      -1.9490742
                  1892.5                      -2.0111171
                    1895                      -2.0769747
                  1897.5                      -2.1469814
                    1900                      -2.2214749
                  1902.5                      -2.3007921
                    1905                      -2.3852667
                  1907.5                      -2.4752272
                    1910                      -2.5709933
                  1912.5                      -2.6728694
                    1915                      -2.7811479
                  1917.5                      -2.8960942
                    1920                      -3.0179544
                  1922.5                      -3.1469393
                    1925                      -3.2832261
                  1927.5                      -3.4269441
                    1930                      -3.5781714
                  1932.5                      -3.7369224
                    1935                      -3.9031338
                  1937.5                      -4.0766608
                    1940                      -4.2572484
                  1942.5                      -4.4445188
                    1945                      -4.6379511
                  1947.5                      -4.8368605
                    1950                      -5.0403648
                  1952.5                       -5.247367
                    1955                      -5.4565215
                  1957.5                      -5.6662143
                    1960                      -5.8745413
                  1962.5                      -6.0792909
                    1965                      -6.2779566
                  1967.5                      -6.4677495
                    1970                       -6.645648
                  1972.5                       -6.808471
                    1975                      -6.9529908
                  1977.5                      -7.0760666
                    1980                      -7.1748152
                  1982.5                      -7.2467807
                    1985                      -7.2901028
                  1987.5                      -7.3036539
                    1990                      -7.2871265
                  1992.5                      -7.2410597
                    1995                      -7.1667927
                  1997.5                      -7.0663646
                    2000                      -6.9423689
                  2002.5                      -6.7977745
                    2005                      -6.6357622
                  2007.5                      -6.4595582
                    2010                      -6.2723057
                  2012.5                      -6.0769709
                    2015                      -5.8762632
                  2017.5                      -5.6726082
                    2020                      -5.4681271
                  2022.5                      -5.2646412
                    2025                      -5.0636839
                  2027.5                      -4.8665236
                    2030                      -4.6741915
                  2032.5                      -4.4875033
                    2035                       -4.307093
                  2037.5                      -4.1334296
                    2040                      -3.9668447
                  2042.5                      -3.8075487
                    2045                      -3.6556599
                  2047.5                      -3.5112006
                    2050                      -3.3741279
                  2052.5                      -3.2443325
                    2055                      -3.1216596
                  2057.5                      -3.0059045
                    2060                      -2.8968334
                  2062.5                       -2.794179
                    2065                      -2.6976478
                  2067.5                      -2.6069307
                    2070                      -2.5217033
                  2072.5                      -2.4416233
                    2075                      -2.3663503
                  2077.5                      -2.2955333
                    2080                       -2.228823
                  2082.5                      -2.1658716
                    2085                      -2.1063359
                  2087.5                      -2.0498825
                    2090                      -1.9961916
                  2092.5                      -1.9449507
                    2095                      -1.8958715
                  2097.5                      -1.8486792
                    2100                      -1.8031245
                  2102.5                      -1.7589756
                    2105                      -1.7160304
                  2107.5                      -1.6741091
                    2110                      -1.6330593
                  2112.5                      -1.5927568
                    2115                       -1.553101
                  2117.5                      -1.5140206
                    2120                      -1.4754661
                  2122.5                      -1.4374154
                    2125                      -1.3998664
                  2127.5                      -1.3628373
                    2130                      -1.3263649
                  2132.5                      -1.2905016
                    2135                      -1.2553116
                  2137.5                      -1.2208696
                    2140                      -1.1872589
                  2142.5                      -1.1545676
                    2145                      -1.1228796
                  2147.5                      -1.0922863
                    2150                      -1.0628737
                  2152.5                      -1.0347176
                    2155                      -1.0078929
                  2157.5                     -0.98246056
                    2160                     -0.95847367
                  2162.5                     -0.93597218
                    2165                     -0.91498222
                  2167.5                     -0.89551591
                    2170                     -0.87757412
                  2172.5                      -0.8611386
                    2175                     -0.84617785
                  2177.5                     -0.83264857
                    2180                     -0.82049054
                  2182.5                     -0.80963286
                    2185                     -0.79999054
                  2187.5                     -0.79146743
                    2190                     -0.78396022
                  2192.5                     -0.77735726
                    2195                     -0.77153656
                  2197.5                     -0.76637715
                    2200                     -0.76175255
                  2202.5                     -0.75753578
                    2205                     -0.75360432
                  2207.5                     -0.74983419
                    2210                     -0.74611159
                  2212.5                     -0.74232746
                    2215                     -0.73838447
                  2217.5                     -0.73419296
                    2220                     -0.72968026
                  2222.5                     -0.72478137
                    2225                     -0.71945081
                  2227.5                      -0.7136546
                    2230                     -0.70737767
                  2232.5                     -0.70061633
                    2235                     -0.69338373
                  2237.5                      -0.6857114
                    2240                     -0.67763794
                  2242.5                     -0.66921739
                    2245                     -0.66051683
                  2247.5                     -0.65161112
                    2250                     -0.64258021
                  2252.5                     -0.63351605
                    2255                     -0.62450934
                  2257.5                     -0.61565637
                    2260                     -0.60705082
                  2262.5                     -0.59878916
                    2265                     -0.59095983
                  2267.5                     -0.58364744
                    2270                     -0.57693274
                  2272.5                      -0.5708823
                    2275                     -0.56556038
                  2277.5                     -0.56101489
                    2280                     -0.55728651
                  2282.5                     -0.55440193
                    2285                     -0.55237513
                  2287.5                     -0.55121132
                    2290                     -0.55089785
                  2292.5                     -0.55141331
                    2295                     -0.55272418
                  2297.5                     -0.55478391
                    2300                      -0.5575383
                  2302.5                      -0.5609229
                    2305                     -0.56486411
                  2307.5                     -0.56928268
                    2310                      -0.5740939
                  2312.5                     -0.57920991
                    2315                     -0.58454015
                  2317.5                     -0.58999357
                    2320                      -0.5954829
                  2322.5                     -0.60092131
                    2325                     -0.60622942
                  2327.5                     -0.61133374
                    2330                     -0.61616594
                  2332.5                      -0.6206718
                    2335                      -0.6248049
                  2337.5                     -0.62853286
                    2340                     -0.63183262
                  2342.5                     -0.63469738
                    2345                     -0.63712849
                  2347.5                     -0.63914649
                    2350                     -0.64078043
                  2352.5                     -0.64207232
                    2355                     -0.64307729
                  2357.5                     -0.64385912
                    2360                     -0.64449309
                  2362.5                     -0.64505881
                    2365                     -0.64564603
                  2367.5                     -0.64634641
                    2370                     -0.64725715
                  2372.5                     -0.64847379
                    2375                     -0.65009404
                  2377.5                     -0.65221256
                    2380                     -0.65492004
                  2382.5                     -0.65830364
                    2385                     -0.66243971
                  2387.5                     -0.66740379
                    2390                     -0.67325228
                  2392.5                     -0.68004009
                    2395                     -0.68780767
                  2397.5                     -0.69658173
                    2400                     -0.70637894
                  2402.5                     -0.71720326
                    2405                     -0.72904362
                  2407.5                     -0.74187778
                    2410                     -0.75567023
                  2412.5                     -0.77037361
                    2415                     -0.78592614
                  2417.5                     -0.80225811
                    2420                     -0.81928657
                  2422.5                     -0.83692056
                    2425                     -0.85506128
                  2427.5                     -0.87360047
                    2430                      -0.8924291
                  2432.5                     -0.91142621
                    2435                     -0.93047553
                  2437.5                     -0.94945564
                    2440                     -0.96824488
                  2442.5                     -0.98672586
                    2445                      -1.0047834
                  2447.5                       -1.022306
                    2450                      -1.0391885
                  2452.5                       -1.055334
                    2455                      -1.0706527
                  2457.5                      -1.0850655
                    2460                      -1.0984994
                  2462.5                      -1.1108981
                    2465                      -1.1222073
                  2467.5                      -1.1323899
                    2470                      -1.1414151
                  2472.5                      -1.1492658
                    2475                      -1.1559305
                  2477.5                      -1.1614063
                    2480                      -1.1657027
                  2482.5                      -1.1688312
                    2485                      -1.1708102
                  2487.5                      -1.1716633
                    2490                      -1.1714189
                  2492.5                      -1.1701045
                    2495                      -1.1677515
                  2497.5                      -1.1643908
                    2500                      -1.1600545
                  2502.5                      -1.1547722
                    2505                      -1.1485718
                  2507.5                      -1.1414781
                    2510                      -1.1335155
                  2512.5                      -1.1247037
                    2515                      -1.1150649
                  2517.5                      -1.1046112
                    2520                      -1.0933585
                  2522.5                      -1.0813217
                    2525                      -1.0685096
                  2527.5                       -1.054936
                    2530                      -1.0406132
                  2532.5                      -1.0255576
                    2535                      -1.0097838
                  2537.5                     -0.99331176
                    2540                     -0.97616447
                  2542.5                     -0.95837111
                    2545                      -0.9399655
                  2547.5                     -0.92098452
                    2550                     -0.90147461
                  2552.5                     -0.88148741
                    2555                      -0.8610788
                  2557.5                     -0.84031458
                    2560                     -0.81926192
                  2562.5                     -0.79799984
                    2565                     -0.77660636
                  2567.5                     -0.75516712
                    2570                      -0.7337689
                  2572.5                     -0.71250404
                    2575                     -0.69146517
                  2577.5                     -0.67074303
                    2580                     -0.65043158
                  2582.5                     -0.63061956
                    2585                     -0.61139503
                  2587.5                     -0.59283897
                    2590                     -0.57503066
                  2592.5                     -0.55803809
                    2595                     -0.54192532
                  2597.5                     -0.52674759
                    2600                     -0.51255005
                  2602.5                     -0.49936601
                    2605                     -0.48722223
                  2607.5                     -0.47612952
                    2610                     -0.46609302
                  2612.5                     -0.45710287
                    2615                     -0.44913635
                  2617.5                     -0.44216376
                    2620                     -0.43614235
                  2622.5                      -0.4310164
                    2625                     -0.42672611
                  2627.5                     -0.42319861
                    2630                     -0.42035382
                  2632.5                     -0.41810718
                    2635                     -0.41636597
                  2637.5                     -0.41503656
                    2640                     -0.41401951
                  2642.5                     -0.41321823
                    2645                      -0.4125329
                  2647.5                      -0.4118701
                    2650                     -0.41113788
                  2652.5                     -0.41025051
                    2655                     -0.40912896
                  2657.5                     -0.40770416
                    2660                     -0.40591552
                  2662.5                     -0.40371457
                    2665                     -0.40106271
                  2667.5                     -0.39793598
                    2670                     -0.39432134
                  2672.5                     -0.39021921
                    2675                     -0.38564533
                  2677.5                      -0.3806239
                    2680                     -0.37519209
                  2682.5                     -0.36940003
                    2685                     -0.36330734
                  2687.5                     -0.35697787
                    2690                     -0.35049073
                  2692.5                     -0.34392248
                    2695                     -0.33735748
                  2697.5                     -0.33088272
                    2700                     -0.32458419
                  2702.5                     -0.31854695
                    2705                     -0.31285399
                  2707.5                     -0.30758137
                    2710                     -0.30280001
                  2712.5                     -0.29857362
                    2715                     -0.29495703
                  2717.5                      -0.2919952
                    2720                     -0.28972033
                  2722.5                     -0.28815183
                    2725                       -0.287303
                  2727.5                     -0.28716797
                    2730                     -0.28773225
                  2732.5                     -0.28896698
                    2735                     -0.29083342
                  2737.5                     -0.29327736
                    2740                     -0.29623764
                  2742.5                     -0.29964273
                    2745                     -0.30341066
                  2747.5                     -0.30745558
                    2750                     -0.31168556
                  2752.5                     -0.31600261
                    2755                     -0.32030991
                  2757.5                     -0.32450845
                    2760                     -0.32850275
                  2762.5                     -0.33220106
                    2765                      -0.3355165
                  2767.5                     -0.33837095
                    2770                      -0.3406947
                  2772.5                     -0.34243085
                    2775                     -0.34353145
                  2777.5                     -0.34396635
                    2780                     -0.34371404
                  2782.5                     -0.34277184
                    2785                     -0.34114938
                  2787.5                     -0.33887303
                    2790                     -0.33598197
                  2792.5                     -0.33252755
                    2795                      -0.3285772
                  2797.5                     -0.32420398
                    2800                       -0.319497
                  2802.5                      -0.3145476
                    2805                     -0.30945458
                  2807.5                     -0.30432208
                    2810                     -0.29925431
                  2812.5                     -0.29435617
                    2815                     -0.28973062
                  2817.5                     -0.28547576
                    2820                     -0.28168201
                  2822.5                      -0.2784327
                    2825                     -0.27580284
                  2827.5                     -0.27385316
                    2830                     -0.27263395
                  2832.5                     -0.27218415
                    2835                     -0.27252339
                  2837.5                     -0.27365984
                    2840                     -0.27558543
                  2842.5                     -0.27827795
                    2845                     -0.28170013
                  2847.5                     -0.28579764
                    2850                     -0.29050673
                  2852.5                     -0.29574867
                    2855                     -0.30143464
                  2857.5                     -0.30746412
                    2860                     -0.31373185
                  2862.5                     -0.32012446
                    2865                     -0.32652529
                  2867.5                     -0.33281669
                    2870                     -0.33888222
                  2872.5                     -0.34460737
                    2875                     -0.34988632
                  2877.5                     -0.35461509
                    2880                      -0.3587085
                  2882.5                     -0.36208581
                    2885                     -0.36468506
                  2887.5                     -0.36645972
                    2890                     -0.36737884
                  2892.5                     -0.36742869
                    2895                     -0.36661669
                  2897.5                     -0.36496279
                    2900                     -0.36251234
                  2902.5                     -0.35932295
                    2905                     -0.35546818
                  2907.5                     -0.35103879
                    2910                     -0.34613592
                  2912.5                     -0.34087352
                    2915                      -0.3353711
                  2917.5                     -0.32975755
                    2920                     -0.32416275
                  2922.5                     -0.31871832
                    2925                     -0.31355323
                  2927.5                     -0.30879334
                    2930                     -0.30455797
                  2932.5                     -0.30095386
                    2935                     -0.29808114
                  2937.5                     -0.29602284
                    2940                     -0.29485125
                  2942.5                     -0.29461799
                    2945                     -0.29535981
                  2947.5                     -0.29709701
                    2950                     -0.29982382
                  2952.5                     -0.30352514
                    2955                     -0.30815883
                  2957.5                     -0.31366993
                    2960                     -0.31998099
                  2962.5                     -0.32700281
                    2965                       -0.334627
                  2967.5                     -0.34273368
                    2970                     -0.35119254
                  2972.5                     -0.35986324
                    2975                     -0.36859671
                  2977.5                     -0.37724534
                    2980                     -0.38565747
                  2982.5                     -0.39368572
                    2985                     -0.40118887
                  2987.5                     -0.40803117
                    2990                     -0.41409236
                  2992.5                     -0.41926617
                    2995                     -0.42346094
                  2997.5                     -0.42660827
                    3000                     -0.42866101

