        Frequency / MHz                S1,1/abs,dB
----------------------------------------------------------------------
                     500                     -0.26064015
                   502.5                     -0.29733711
                     505                     -0.32450118
                   507.5                     -0.34078487
                     510                     -0.34557784
                   512.5                      -0.3390181
                     515                     -0.32196035
                   517.5                     -0.29587288
                     520                     -0.26269607
                   522.5                     -0.22468229
                     525                     -0.18421652
                   527.5                     -0.14366492
                     530                     -0.10523855
                   532.5                    -0.070878673
                     535                      -0.0421856
                   537.5                    -0.020358908
                     540                   -0.0061823272
                   542.5                  -5.8774612e-07
                     545                   -0.0017424788
                   547.5                    -0.010935457
                     550                    -0.026748797
                   552.5                    -0.048030931
                     555                    -0.073389558
                   557.5                     -0.10123556
                     560                     -0.12989414
                   562.5                     -0.15767639
                     565                     -0.18298491
                   567.5                     -0.20439771
                     570                     -0.22076606
                   572.5                     -0.23126998
                     575                     -0.23547232
                   577.5                      -0.2333363
                     580                     -0.22520746
                   582.5                     -0.21178838
                     585                      -0.1940626
                   587.5                     -0.17322871
                     590                     -0.15060949
                   592.5                     -0.12756079
                     595                     -0.10539707
                   597.5                    -0.085317924
                     600                    -0.068347023
                   602.5                    -0.055285316
                     605                    -0.046694395
                   607.5                    -0.042864077
                     610                    -0.043824405
                   612.5                    -0.049341782
                     615                    -0.058953436
                   617.5                    -0.071983272
                     620                     -0.08759091
                   622.5                      -0.1048145
                     625                     -0.12262665
                   627.5                     -0.13999406
                     630                     -0.15592747
                   632.5                      -0.1695514
                     635                     -0.18014307
                   637.5                       -0.187183
                     640                     -0.19037501
                   642.5                       -0.189663
                     645                     -0.18522769
                   647.5                     -0.17746368
                     650                     -0.16695207
                   652.5                     -0.15441056
                     655                     -0.14064697
                   657.5                     -0.12650948
                     660                     -0.11282972
                   662.5                     -0.10038191
                     665                    -0.089837554
                   667.5                    -0.081736699
                     670                    -0.076461606
                   672.5                    -0.074225327
                     675                    -0.075069832
                   677.5                    -0.078860112
                     680                    -0.085310025
                   682.5                    -0.093991396
                     685                     -0.10436434
                   687.5                      -0.1158081
                     690                     -0.12766274
                   692.5                     -0.13925544
                     695                     -0.14995337
                   697.5                     -0.15918619
                     700                     -0.16648814
                   702.5                     -0.17152093
                     705                     -0.17408895
                   707.5                     -0.17415092
                     710                     -0.17181394
                   712.5                      -0.1673262
                     715                     -0.16105523
                   717.5                     -0.15346016
                     720                      -0.1450625
                   722.5                     -0.13640926
                     725                     -0.12804674
                   727.5                     -0.12048224
                     730                     -0.11416014
                   732.5                     -0.10943913
                     735                      -0.1065765
                   737.5                     -0.10571549
                     740                     -0.10688371
                   742.5                     -0.10999558
                     745                     -0.11485751
                   747.5                     -0.12118701
                     750                     -0.12862675
                   752.5                     -0.13676732
                     755                     -0.14517183
                   757.5                     -0.15340193
                     760                     -0.16104647
                   762.5                     -0.16773686
                     765                     -0.17317687
                   767.5                     -0.17715059
                     770                     -0.17954028
                   772.5                     -0.18032649
                     775                     -0.17958797
                   777.5                     -0.17748939
                     780                     -0.17427473
                   782.5                     -0.17024862
                     785                     -0.16574912
                   787.5                     -0.16113647
                     790                      -0.1567614
                   792.5                      -0.1529524
                     795                     -0.14999528
                   797.5                     -0.14811441
                     800                     -0.14747185
                   802.5                     -0.14815023
                     805                     -0.15015706
                   807.5                     -0.15342551
                     810                     -0.15782127
                   812.5                     -0.16315337
                     815                     -0.16918485
                   817.5                     -0.17565091
                     820                     -0.18227314
                   822.5                      -0.1887787
                     825                     -0.19491616
                   827.5                     -0.20046644
                     830                     -0.20525869
                   832.5                      -0.2091821
                     835                     -0.21218376
                   837.5                     -0.21427359
                     840                     -0.21552155
                   842.5                     -0.21605165
                     845                      -0.2160319
                   847.5                     -0.21566043
                     850                       -0.215153
                   852.5                     -0.21473004
                     855                     -0.21460502
                   857.5                     -0.21496449
                     860                     -0.21596858
                   862.5                     -0.21773368
                     865                     -0.22033253
                   867.5                     -0.22378794
                     870                     -0.22808174
                   872.5                     -0.23314808
                     875                      -0.2388873
                   877.5                     -0.24516988
                     880                     -0.25185229
                   882.5                     -0.25877937
                     885                     -0.26580231
                   887.5                     -0.27278443
                     890                     -0.27961442
                   892.5                     -0.28620829
                     895                     -0.29251837
                   897.5                     -0.29853748
                     900                     -0.30429268
                   902.5                     -0.30984566
                     905                     -0.31529165
                   907.5                     -0.32074339
                     910                     -0.32632867
                   912.5                     -0.33218465
                     915                     -0.33843894
                   917.5                     -0.34520969
                     920                     -0.35259465
                   922.5                     -0.36066548
                     925                     -0.36946569
                   927.5                     -0.37900829
                     930                     -0.38927813
                   932.5                     -0.40023479
                     935                     -0.41181729
                   937.5                      -0.4239537
                     940                     -0.43656742
                   942.5                     -0.44958629
                     945                     -0.46295558
                   947.5                     -0.47663737
                     950                     -0.49063141
                   952.5                     -0.50496715
                     955                     -0.51971293
                   957.5                     -0.53497651
                     960                     -0.55090217
                   962.5                     -0.56766229
                     965                      -0.5854588
                   967.5                     -0.60450627
                     970                      -0.6250249
                   972.5                     -0.64723235
                     975                     -0.67133014
                   977.5                     -0.69749691
                     980                     -0.72587872
                   982.5                     -0.75658722
                     985                     -0.78969109
                   987.5                     -0.82522611
                     990                     -0.86318615
                   992.5                     -0.90354078
                     995                      -0.9462434
                   997.5                     -0.99123734
                    1000                      -1.0384789
                  1002.5                      -1.0879527
                    1005                      -1.1396798
                  1007.5                      -1.1937493
                    1010                      -1.2503182
                  1012.5                      -1.3096306
                    1015                       -1.372027
                  1017.5                      -1.4379409
                    1020                      -1.5079047
                  1022.5                      -1.5825329
                    1025                      -1.6625182
                  1027.5                      -1.7486073
                    1030                      -1.8415767
                  1032.5                      -1.9422042
                    1035                      -2.0512384
                  1037.5                      -2.1693524
                    1040                      -2.2971087
                  1042.5                      -2.4349059
                    1045                      -2.5829264
                  1047.5                      -2.7410791
                    1050                      -2.9089376
                  1052.5                      -3.0856644
                    1055                       -3.269946
                  1057.5                      -3.4599193
                    1060                       -3.653114
                  1062.5                      -3.8464019
                    1065                      -4.0359951
                  1067.5                      -4.2174889
                    1070                      -4.3859732
                  1072.5                      -4.5362422
                    1075                      -4.6630904
                  1077.5                      -4.7616969
                    1080                      -4.8280437
                  1082.5                      -4.8593225
                    1085                      -4.8542459
                  1087.5                      -4.8132001
                    1090                      -4.7381971
                  1092.5                      -4.6326615
                    1095                      -4.5010621
                  1097.5                      -4.3484975
                    1100                      -4.1802812
                  1102.5                      -4.0015804
                    1105                      -3.8171605
                  1107.5                      -3.6312155
                    1110                      -3.4472746
                  1112.5                      -3.2681867
                    1115                      -3.0961388
                  1117.5                       -2.932706
                    1120                      -2.7789183
                  1122.5                       -2.635326
                    1125                      -2.5020765
                  1127.5                      -2.3789781
                    1130                      -2.2655624
                  1132.5                      -2.1611525
                    1135                      -2.0649076
                  1137.5                      -1.9758957
                    1140                      -1.8931231
                  1142.5                      -1.8156025
                    1145                      -1.7423818
                  1147.5                      -1.6725936
                    1150                      -1.6054793
                  1152.5                      -1.5404206
                    1155                      -1.4769608
                  1157.5                      -1.4148002
                    1160                      -1.3538034
                  1162.5                      -1.2939857
                    1165                       -1.235497
                  1167.5                       -1.178594
                    1170                      -1.1236134
                  1172.5                      -1.0709389
                    1175                      -1.0209645
                  1177.5                     -0.97407329
                    1180                     -0.93060058
                  1182.5                      -0.8908127
                    1185                     -0.85488846
                  1187.5                     -0.82290404
                    1190                     -0.79482522
                  1192.5                     -0.77050671
                    1195                      -0.7496907
                  1197.5                     -0.73202472
                    1200                     -0.71706739
                  1202.5                     -0.70430932
                    1205                     -0.69319957
                  1207.5                     -0.68316562
                    1210                     -0.67364443
                  1212.5                     -0.66410547
                    1215                     -0.65408089
                  1217.5                     -0.64318417
                    1220                     -0.63113171
                  1222.5                     -0.61775296
                    1225                     -0.60299614
                  1227.5                     -0.58692895
                    1230                     -0.56972892
                  1232.5                     -0.55166913
                    1235                     -0.53309954
                  1237.5                     -0.51442174
                    1240                     -0.49606621
                  1242.5                     -0.47846418
                    1245                     -0.46202143
                  1247.5                     -0.44709785
                    1250                     -0.43398576
                  1252.5                     -0.42289568
                    1255                     -0.41394407
                  1257.5                     -0.40714781
                    1260                     -0.40242606
                  1262.5                     -0.39959881
                    1265                      -0.3984044
                  1267.5                     -0.39850662
                    1270                     -0.39951464
                  1272.5                      -0.4010084
                    1275                     -0.40255308
                  1277.5                     -0.40372805
                    1280                     -0.40415234
                  1282.5                      -0.4035013
                    1285                     -0.40152796
                  1287.5                     -0.39807322
                    1290                     -0.39307931
                  1292.5                      -0.3865868
                    1295                     -0.37873763
                  1297.5                     -0.36975546
                    1300                     -0.35994174
                  1302.5                     -0.34964745
                    1305                     -0.33926068
                  1307.5                     -0.32917576
                    1310                     -0.31977448
                  1312.5                     -0.31140403
                    1315                     -0.30435628
                  1317.5                     -0.29885633
                    1320                      -0.2950457
                  1322.5                     -0.29297726
                    1325                     -0.29261153
                  1327.5                     -0.29382357
                    1330                     -0.29640186
                  1332.5                     -0.30006764
                    1335                     -0.30448487
                  1337.5                     -0.30928326
                    1340                     -0.31407245
                  1342.5                     -0.31847171
                    1345                     -0.32212632
                  1347.5                     -0.32473056
                    1350                     -0.32604507
                  1352.5                     -0.32591238
                    1355                     -0.32426481
                  1357.5                      -0.3211272
                    1360                     -0.31661917
                  1362.5                     -0.31094429
                    1365                     -0.30437712
                  1367.5                     -0.29724993
                    1370                     -0.28992814
                  1372.5                     -0.28279322
                    1375                     -0.27621702
                  1377.5                     -0.27054458
                    1380                     -0.26607222
                  1382.5                      -0.2630292
                    1385                     -0.26157169
                  1387.5                     -0.26176864
                    1390                     -0.26360161
                  1392.5                     -0.26696116
                    1395                     -0.27165693
                  1397.5                     -0.27742779
                    1400                     -0.28395278
                  1402.5                       -0.290872
                    1405                     -0.29780224
                  1407.5                       -0.304366
                    1410                     -0.31020528
                  1412.5                     -0.31500894
                    1415                     -0.31852952
                  1417.5                     -0.32059897
                    1420                     -0.32113687
                  1422.5                     -0.32016095
                    1425                     -0.31778057
                  1427.5                     -0.31419593
                    1430                     -0.30968027
                  1432.5                     -0.30457047
                    1435                     -0.29924352
                  1437.5                     -0.29409272
                    1440                     -0.28951099
                  1442.5                     -0.28586258
                    1445                     -0.28346773
                  1447.5                     -0.28258109
                    1450                     -0.28337865
                  1452.5                     -0.28595156
                    1455                     -0.29029506
                  1457.5                     -0.29631003
                    1460                     -0.30381148
                  1462.5                     -0.31253316
                    1465                     -0.32214405
                  1467.5                     -0.33226446
                    1470                     -0.34248917
                  1472.5                     -0.35241045
                    1475                     -0.36163909
                  1477.5                     -0.36983004
                    1480                     -0.37670766
                  1482.5                     -0.38207617
                    1485                     -0.38583946
                  1487.5                     -0.38800291
                    1490                       -0.388683
                  1492.5                      -0.3880923
                    1495                     -0.38653365
                  1497.5                     -0.38438343
                    1500                      -0.3820696
                  1502.5                     -0.38004618
                    1505                     -0.37877083
                  1507.5                     -0.37867623
                    1510                     -0.38015224
                  1512.5                     -0.38351798
                    1515                     -0.38900772
                  1517.5                      -0.3967606
                    1520                     -0.40680995
                  1522.5                     -0.41907773
                    1525                     -0.43338498
                  1527.5                     -0.44945282
                    1530                     -0.46692315
                  1532.5                     -0.48537209
                    1535                     -0.50434032
                  1537.5                     -0.52335059
                    1540                     -0.54194785
                  1542.5                     -0.55971584
                    1545                     -0.57631844
                  1547.5                     -0.59151201
                    1550                     -0.60517416
                  1552.5                     -0.61730894
                    1555                     -0.62805914
                  1557.5                     -0.63770159
                    1560                     -0.64663378
                  1562.5                     -0.65535904
                    1565                     -0.66446672
                  1567.5                     -0.67459512
                    1570                     -0.68640799
                  1572.5                     -0.70055947
                    1575                     -0.71766892
                  1577.5                     -0.73828594
                    1580                     -0.76287273
                  1582.5                     -0.79178078
                    1585                     -0.82524048
                  1587.5                     -0.86334961
                    1590                     -0.90607801
                  1592.5                     -0.95326675
                    1595                      -1.0046508
                  1597.5                      -1.0598687
                    1600                      -1.1185027
                  1602.5                      -1.1801081
                    1605                      -1.2442505
                  1607.5                      -1.3105568
                    1610                      -1.3787556
                  1612.5                      -1.4487287
                    1615                      -1.5205481
                  1617.5                      -1.5945215
                    1620                      -1.6712081
                  1622.5                       -1.751452
                    1625                      -1.8363791
                  1627.5                      -1.9274015
                    1630                      -2.0262046
                  1632.5                      -2.1347322
                    1635                      -2.2551612
                  1637.5                      -2.3898847
                    1640                      -2.5414941
                  1642.5                      -2.7127569
                    1645                       -2.906618
                  1647.5                      -3.1262001
                    1650                      -3.3748151
                  1652.5                      -3.6559893
                    1655                       -3.973495
                  1657.5                      -4.3314017
                    1660                      -4.7341252
                  1662.5                      -5.1864784
                    1665                       -5.693714
                  1667.5                      -6.2615237
                    1670                      -6.8959276
                  1672.5                      -7.6029384
                    1675                      -8.3877344
                  1677.5                      -9.2528145
                    1680                      -10.194113
                  1682.5                       -11.19323
                    1685                      -12.203438
                  1687.5                      -13.129866
                    1690                      -13.818679
                  1692.5                      -14.095869
                    1695                      -13.874272
                  1697.5                      -13.227429
                    1700                      -12.326411
                  1702.5                      -11.329613
                    1705                      -10.337208
                  1707.5                        -9.39942
                    1710                      -8.5364931
                  1712.5                      -7.7533423
                    1715                      -7.0477996
                  1717.5                      -6.4147667
                    1720                       -5.848193
                  1722.5                      -5.3419797
                    1725                      -4.8903418
                  1727.5                      -4.4879331
                    1730                      -4.1298598
                  1732.5                      -3.8116417
                    1735                      -3.5291683
                  1737.5                        -3.27864
                    1740                      -3.0565304
                  1742.5                      -2.8595522
                    1745                      -2.6846359
                  1747.5                      -2.5289091
                    1750                      -2.3897016
                  1752.5                      -2.2645429
                    1755                      -2.1511747
                  1757.5                       -2.047562
                    1760                      -1.9519088
                  1762.5                      -1.8626672
                    1765                      -1.7785509
                  1767.5                      -1.6985344
                    1770                      -1.6218466
                  1772.5                      -1.5479582
                    1775                       -1.476564
                  1777.5                      -1.4075517
                    1780                      -1.3409665
                  1782.5                      -1.2769736
                    1785                      -1.2158234
                  1787.5                      -1.1578067
                    1790                      -1.1032239
                  1792.5                      -1.0523472
                    1795                      -1.0053987
                  1797.5                     -0.96252708
                    1800                     -0.92379408
                  1802.5                     -0.88915994
                    1805                     -0.85848892
                  1807.5                      -0.8315452
                    1810                     -0.80800561
                  1812.5                     -0.78746899
                    1815                     -0.76947673
                  1817.5                     -0.75352979
                    1820                     -0.73911218
                  1822.5                     -0.72570977
                    1825                     -0.71284297
                  1827.5                     -0.70007752
                    1830                     -0.68704757
                  1832.5                     -0.67347066
                    1835                      -0.6591555
                  1837.5                     -0.64401078
                    1840                     -0.62804047
                  1842.5                      -0.6113372
                    1845                     -0.59407172
                  1847.5                     -0.57647939
                    1850                     -0.55884142
                  1852.5                     -0.54146181
                    1855                     -0.52465309
                  1857.5                     -0.50871062
                    1860                     -0.49390041
                  1862.5                     -0.48044169
                    1865                     -0.46849344
                  1867.5                     -0.45814805
                    1870                     -0.44943081
                  1872.5                     -0.44229392
                    1875                     -0.43662146
                  1877.5                     -0.43223949
                    1880                     -0.42892383
                  1882.5                     -0.42641173
                    1885                     -0.42442008
                  1887.5                      -0.4226591
                    1890                     -0.42084482
                  1892.5                      -0.4187196
                    1895                     -0.41606329
                  1897.5                     -0.41270555
                    1900                     -0.40852978
                  1902.5                     -0.40348882
                    1905                     -0.39759005
                  1907.5                     -0.39090478
                    1910                     -0.38355918
                  1912.5                     -0.37572473
                    1915                     -0.36760442
                  1917.5                     -0.35942217
                    1920                      -0.3514099
                  1922.5                     -0.34378808
                    1925                     -0.33676415
                  1927.5                     -0.33050673
                    1930                     -0.32514889
                  1932.5                     -0.32077434
                    1935                      -0.3174165
                  1937.5                     -0.31505586
                    1940                     -0.31362506
                  1942.5                     -0.31300781
                    1945                     -0.31305254
                  1947.5                     -0.31357844
                    1950                     -0.31438192
                  1952.5                     -0.31525822
                    1955                     -0.31600292
                  1957.5                     -0.31642904
                    1960                     -0.31637718
                  1962.5                     -0.31572208
                    1965                     -0.31438138
                  1967.5                     -0.31231702
                    1970                     -0.30953813
                  1972.5                     -0.30610375
                    1975                     -0.30210847
                  1977.5                     -0.29768393
                    1980                     -0.29298715
                  1982.5                     -0.28819313
                    1985                     -0.28348176
                  1987.5                     -0.27902788
                    1990                     -0.27499092
                  1992.5                     -0.27150719
                    1995                      -0.2686824
                  1997.5                     -0.26658349
                    2000                     -0.26523985
                  2002.5                     -0.26463904
                    2005                     -0.26472581
                  2007.5                     -0.26541542
                    2010                     -0.26658499
                  2012.5                     -0.26809354
                    2015                     -0.26978232
                  2017.5                     -0.27148734
                    2020                     -0.27304633
                  2022.5                      -0.2743121
                    2025                     -0.27515955
                  2027.5                     -0.27548989
                    2030                     -0.27523555
                  2032.5                     -0.27437258
                    2035                     -0.27290952
                  2037.5                     -0.27089324
                    2040                     -0.26840384
                  2042.5                     -0.26555255
                    2045                     -0.26246619
                  2047.5                     -0.25929126
                    2050                     -0.25617438
                  2052.5                     -0.25325986
                    2055                     -0.25068143
                  2057.5                     -0.24854939
                    2060                     -0.24694923
                  2062.5                     -0.24593891
                    2065                      -0.2455402
                  2067.5                     -0.24573963
                    2070                     -0.24649358
                  2072.5                     -0.24772608
                    2075                     -0.24933583
                  2077.5                     -0.25120254
                    2080                     -0.25319362
                  2082.5                     -0.25516916
                    2085                      -0.2569966
                  2087.5                     -0.25855207
                    2090                     -0.25972831
                  2092.5                       -0.260448
                    2095                     -0.26065423
                  2097.5                     -0.26032945
                    2100                     -0.25948404
                  2102.5                      -0.2581601
                    2105                      -0.2564304
                  2107.5                     -0.25439028
                    2110                     -0.25215114
                  2112.5                     -0.24983957
                    2115                     -0.24758259
                  2117.5                     -0.24550318
                    2120                     -0.24371657
                  2122.5                     -0.24231693
                    2125                     -0.24137872
                  2127.5                     -0.24094671
                    2130                     -0.24103787
                  2132.5                     -0.24163976
                    2135                     -0.24271062
                  2137.5                     -0.24418182
                    2140                     -0.24596296
                  2142.5                     -0.24794677
                    2145                     -0.25001569
                  2147.5                     -0.25204804
                    2150                     -0.25392558
                  2152.5                     -0.25554276
                    2155                      -0.2568058
                  2157.5                     -0.25764768
                    2160                     -0.25802259
                  2162.5                     -0.25791682
                    2165                     -0.25734299
                  2167.5                     -0.25634174
                    2170                     -0.25497972
                  2172.5                     -0.25334369
                    2175                     -0.25153607
                  2177.5                     -0.24967023
                    2180                     -0.24785866
                  2182.5                     -0.24621295
                    2185                     -0.24483443
                  2187.5                     -0.24380802
                    2190                     -0.24319466
                  2192.5                      -0.2430342
                    2195                     -0.24333948
                  2197.5                     -0.24409565
                    2200                     -0.24526248
                  2202.5                     -0.24677413
                    2205                     -0.24854869
                  2207.5                     -0.25048444
                    2210                     -0.25247566
                  2212.5                      -0.2544124
                    2215                     -0.25618809
                  2217.5                     -0.25770489
                    2220                     -0.25888178
                  2222.5                     -0.25965911
                    2225                     -0.26000123
                  2227.5                     -0.25989512
                    2230                     -0.25935707
                  2232.5                     -0.25843024
                    2235                     -0.25717479
                  2237.5                     -0.25567513
                    2240                     -0.25402879
                  2242.5                     -0.25233757
                    2245                     -0.25071017
                  2247.5                     -0.24924607
                    2250                     -0.24803838
                  2252.5                      -0.2471646
                    2255                     -0.24667731
                  2257.5                       -0.246613
                    2260                     -0.24697907
                  2262.5                     -0.24775865
                    2265                     -0.24891072
                  2267.5                     -0.25037205
                    2270                      -0.2520628
                  2272.5                     -0.25388876
                    2275                     -0.25574744
                  2277.5                     -0.25753731
                    2280                     -0.25915774
                  2282.5                     -0.26051839
                    2285                      -0.2615488
                  2287.5                     -0.26219102
                    2290                     -0.26241631
                  2292.5                     -0.26221857
                    2295                     -0.26161343
                  2297.5                     -0.26064366
                    2300                      -0.2593733
                  2302.5                     -0.25788185
                    2305                      -0.2562629
                  2307.5                     -0.25461589
                    2310                     -0.25304107
                  2312.5                     -0.25163626
                    2315                      -0.2504858
                  2317.5                     -0.24966159
                    2320                     -0.24921267
                  2322.5                     -0.24916888
                    2325                      -0.2495329
                  2327.5                     -0.25028828
                    2330                     -0.25139019
                  2332.5                     -0.25277734
                    2335                     -0.25436876
                  2337.5                     -0.25607475
                    2340                     -0.25779521
                  2342.5                      -0.2594314
                    2345                     -0.26088886
                  2347.5                     -0.26208361
                    2350                     -0.26294598
                  2352.5                     -0.26342703
                    2355                     -0.26350199
                  2357.5                     -0.26316591
                    2360                     -0.26244019
                  2362.5                     -0.26137118
                    2365                     -0.26001925
                  2367.5                     -0.25846703
                    2370                     -0.25680696
                  2372.5                     -0.25513495
                    2375                     -0.25355177
                  2377.5                     -0.25214816
                    2380                     -0.25100797
                  2382.5                     -0.25019498
                    2385                     -0.24975943
                  2387.5                     -0.24972235
                    2390                     -0.25008767
                  2392.5                      -0.2508308
                    2395                      -0.2519085
                  2397.5                     -0.25325716
                    2400                     -0.25479314
                  2402.5                      -0.2564276
                    2405                     -0.25806175
                  2407.5                      -0.2595984
                    2410                     -0.26094592
                  2412.5                     -0.26202086
                    2415                     -0.26276099
                  2417.5                     -0.26311793
                    2420                     -0.26307113
                  2422.5                     -0.26261997
                    2425                     -0.26178819
                  2427.5                     -0.26062345
                    2430                     -0.25919315
                  2432.5                     -0.25757864
                    2435                     -0.25587162
                  2437.5                     -0.25417233
                    2440                     -0.25257584
                  2442.5                     -0.25117406
                    2445                     -0.25004899
                  2447.5                     -0.24926212
                    2450                     -0.24885597
                  2452.5                     -0.24885363
                    2455                     -0.24925012
                  2457.5                     -0.25002345
                    2460                     -0.25112124
                  2462.5                     -0.25247797
                    2465                     -0.25401029
                  2467.5                     -0.25562351
                    2470                     -0.25721954
                  2472.5                     -0.25870102
                    2475                     -0.25997635
                  2477.5                     -0.26096356
                    2480                     -0.26160191
                  2482.5                     -0.26184785
                    2485                     -0.26168071
                  2487.5                     -0.26110603
                    2490                     -0.26015289
                  2492.5                     -0.25886996
                    2495                     -0.25733006
                  2497.5                     -0.25561731
                    2500                     -0.25382755
                  2502.5                     -0.25206133
                    2505                     -0.25041841
                  2507.5                     -0.24898682
                    2510                     -0.24784942
                  2512.5                     -0.24706776
                    2515                     -0.24668091
                  2517.5                     -0.24670944
                    2520                     -0.24714403
                  2522.5                     -0.24795554
                    2525                     -0.24909251
                  2527.5                     -0.25047997
                    2530                     -0.25203391
                  2532.5                     -0.25365499
                    2535                     -0.25524109
                  2537.5                     -0.25669129
                    2540                     -0.25791476
                  2542.5                     -0.25882975
                    2545                     -0.25937586
                  2547.5                       -0.259511
                    2550                     -0.25921839
                  2552.5                     -0.25850729
                    2555                     -0.25741123
                  2557.5                     -0.25598615
                    2560                     -0.25430688
                  2562.5                     -0.25246486
                    2565                     -0.25056055
                  2567.5                     -0.24869741
                    2570                     -0.24697843
                  2572.5                     -0.24549435
                    2575                     -0.24432995
                  2577.5                     -0.24354095
                    2580                     -0.24316967
                  2582.5                     -0.24322907
                    2585                     -0.24371085
                  2587.5                     -0.24457633
                    2590                      -0.2457675
                  2592.5                     -0.24720663
                    2595                     -0.24879953
                  2597.5                     -0.25044476
                    2600                      -0.2520328
                  2602.5                     -0.25345875
                    2605                     -0.25462948
                  2607.5                     -0.25546139
                    2610                     -0.25589292
                  2612.5                     -0.25588567
                    2615                     -0.25542567
                  2617.5                     -0.25452564
                    2620                     -0.25322683
                  2622.5                     -0.25159038
                    2625                     -0.24970058
                  2627.5                     -0.24765249
                    2630                     -0.24555638
                  2632.5                     -0.24352212
                    2635                     -0.24165708
                  2637.5                     -0.24005844
                    2640                     -0.23880687
                  2642.5                     -0.23796521
                    2645                     -0.23757112
                  2647.5                     -0.23763513
                    2650                     -0.23814445
                  2652.5                     -0.23905459
                    2655                     -0.24030077
                  2657.5                     -0.24179667
                    2660                      -0.2434413
                  2662.5                      -0.2451232
                    2665                     -0.24672843
                  2667.5                     -0.24814638
                    2670                     -0.24927854
                  2672.5                      -0.2500378
                    2675                     -0.25036433
                  2677.5                     -0.25022109
                    2680                      -0.2495969
                  2682.5                     -0.24851208
                    2685                     -0.24701352
                  2687.5                     -0.24517304
                    2690                     -0.24308113
                  2692.5                     -0.24084805
                    2695                     -0.23858886
                  2697.5                     -0.23642419
                    2700                     -0.23446703
                  2702.5                     -0.23282171
                    2705                     -0.23157519
                  2707.5                     -0.23078772
                    2710                     -0.23049771
                  2712.5                     -0.23071281
                    2715                     -0.23141262
                  2717.5                      -0.2325479
                    2720                     -0.23404288
                  2722.5                     -0.23580332
                    2725                     -0.23771478
                  2727.5                     -0.23965691
                    2730                     -0.24150714
                  2732.5                     -0.24314475
                    2735                     -0.24446445
                  2737.5                     -0.24537732
                    2740                     -0.24582062
                  2742.5                     -0.24575611
                    2745                     -0.24518127
                  2747.5                      -0.2441187
                    2750                     -0.24262679
                  2752.5                     -0.24078373
                    2755                     -0.23869766
                  2757.5                       -0.236487
                    2760                     -0.23427994
                  2762.5                     -0.23220673
                    2765                     -0.23039382
                  2767.5                     -0.22894849
                    2770                      -0.2279634
                  2772.5                     -0.22750412
                    2775                      -0.2276056
                  2777.5                      -0.2282712
                    2780                     -0.22947331
                  2782.5                     -0.23115339
                    2785                     -0.23322537
                  2787.5                      -0.2355782
                    2790                     -0.23808807
                  2792.5                     -0.24061822
                    2795                     -0.24302992
                  2797.5                     -0.24519597
                    2800                     -0.24699829
                  2802.5                     -0.24834276
                    2805                     -0.24916215
                  2807.5                     -0.24942064
                    2810                     -0.24911697
                  2812.5                     -0.24828332
                    2815                     -0.24698774
                  2817.5                     -0.24532241
                    2820                     -0.24340649
                  2822.5                     -0.24137604
                    2825                     -0.23937498
                  2827.5                     -0.23754781
                    2830                     -0.23603064
                  2832.5                     -0.23494411
                    2835                     -0.23438464
                  2837.5                     -0.23442158
                    2840                     -0.23508708
                  2842.5                     -0.23638226
                    2845                     -0.23826951
                  2847.5                     -0.24067588
                    2850                     -0.24350172
                  2852.5                     -0.24661961
                    2855                     -0.24988417
                  2857.5                     -0.25314275
                    2860                     -0.25624174
                  2862.5                     -0.25903267
                    2865                     -0.26138872
                  2867.5                     -0.26320651
                    2870                     -0.26441429
                  2872.5                     -0.26497637
                    2875                     -0.26489723
                  2877.5                     -0.26421848
                    2880                      -0.2630193
                  2882.5                     -0.26141182
                    2885                     -0.25953374
                  2887.5                     -0.25754178
                    2890                     -0.25559923
                  2892.5                     -0.25386846
                    2895                     -0.25250497
                  2897.5                     -0.25164059
                    2900                     -0.25138263
                  2902.5                       -0.251802
                    2905                     -0.25293422
                  2907.5                     -0.25477094
                    2910                     -0.25726551
                  2912.5                     -0.26033049
                    2915                     -0.26384614
                  2917.5                     -0.26766476
                    2920                     -0.27161759
                  2922.5                     -0.27553006
                    2925                     -0.27922553
                  2927.5                     -0.28253725
                    2930                     -0.28532369
                  2932.5                     -0.28747034
                    2935                     -0.28890024
                  2937.5                     -0.28958027
                    2940                     -0.28952067
                  2942.5                     -0.28877657
                    2945                     -0.28744687
                  2947.5                     -0.28566499
                    2950                     -0.28359422
                  2952.5                     -0.28141633
                    2955                      -0.2793226
                  2957.5                     -0.27750018
                    2960                     -0.27612423
                  2962.5                     -0.27534746
                    2965                     -0.27528728
                  2967.5                     -0.27602131
                    2970                      -0.2775829
                  2972.5                     -0.27995772
                    2975                     -0.28308418
                  2977.5                     -0.28685757
                    2980                     -0.29113277
                  2982.5                     -0.29573511
                    2985                     -0.30046754
                  2987.5                     -0.30512398
                    2990                     -0.30950147
                  2992.5                     -0.31340912
                    2995                     -0.31668357
                  2997.5                     -0.31919682
                    3000                       -0.320867

