        Frequency / MHz                S1,1/abs,dB
----------------------------------------------------------------------
                     500                     -0.39701869
                   502.5                     -0.43070888
                     505                      -0.4621614
                   507.5                     -0.49114368
                     510                     -0.51744277
                   512.5                     -0.54087092
                     515                     -0.56126898
                   517.5                     -0.57850781
                     520                     -0.59248742
                   522.5                     -0.60314429
                     525                     -0.61044535
                   527.5                     -0.61439488
                     530                     -0.61503082
                   532.5                     -0.61242278
                     535                     -0.60667483
                   537.5                     -0.59791963
                     540                     -0.58631922
                   542.5                       -0.572061
                     545                     -0.55535495
                   547.5                     -0.53643118
                     550                       -0.515535
                   552.5                     -0.49292655
                     555                     -0.46887532
                   557.5                     -0.44365711
                     560                     -0.41755549
                   562.5                     -0.39084723
                     565                     -0.36381671
                   567.5                     -0.33673755
                     570                      -0.3098829
                   572.5                     -0.28351368
                     575                     -0.25788455
                   577.5                     -0.23323737
                     580                     -0.20980686
                   582.5                     -0.18780978
                     585                     -0.16745228
                   587.5                     -0.14892651
                     590                      -0.1324112
                   592.5                     -0.11806959
                     595                     -0.10605175
                   597.5                    -0.096492311
                     600                    -0.089510494
                   602.5                    -0.085215369
                     605                    -0.083695548
                   607.5                    -0.085028677
                     610                    -0.089278819
                   612.5                    -0.096494548
                     615                     -0.10671138
                   617.5                     -0.11995001
                     620                      -0.1362178
                   622.5                     -0.15550794
                     625                     -0.17780142
                   627.5                     -0.20306336
                     630                     -0.23124474
                   632.5                     -0.26228439
                     635                     -0.29610561
                   637.5                     -0.33261683
                     640                     -0.37171399
                   642.5                      -0.4132769
                     645                     -0.45717243
                   647.5                      -0.5032503
                     650                     -0.55134717
                   652.5                     -0.60128451
                     655                     -0.65286876
                   657.5                      -0.7058929
                     660                     -0.76013323
                   662.5                     -0.81535771
                     665                     -0.87131523
                   667.5                     -0.92774559
                     670                     -0.98437659
                   672.5                      -1.0409268
                     675                      -1.0971042
                   677.5                      -1.1526143
                     680                       -1.207153
                   682.5                      -1.2604183
                     685                      -1.3121065
                   687.5                      -1.3619148
                     690                      -1.4095487
                   692.5                      -1.4547237
                     695                      -1.4971644
                   697.5                      -1.5366147
                     700                       -1.572833
                   702.5                      -1.6056028
                     705                      -1.6347312
                   707.5                      -1.6600523
                     710                      -1.6814324
                   712.5                      -1.6987646
                     715                      -1.7119795
                   717.5                      -1.7210396
                     720                      -1.7259413
                   722.5                      -1.7267157
                     725                      -1.7234253
                   727.5                       -1.716165
                     730                      -1.7050604
                   732.5                      -1.6902642
                     735                      -1.6719521
                   737.5                       -1.650323
                     740                      -1.6255964
                   742.5                      -1.5980009
                     745                      -1.5677866
                   747.5                      -1.5352053
                     750                      -1.5005162
                   752.5                      -1.4639853
                     755                      -1.4258736
                   757.5                      -1.3864417
                     760                      -1.3459447
                   762.5                      -1.3046345
                     765                       -1.262751
                   767.5                      -1.2205259
                     770                      -1.1781769
                   772.5                      -1.1359136
                     775                      -1.0939318
                   777.5                      -1.0524115
                     780                      -1.0115196
                   782.5                     -0.97141315
                     785                     -0.93223117
                   787.5                     -0.89409813
                     790                     -0.85712828
                   792.5                     -0.82141996
                     795                     -0.78705954
                   797.5                     -0.75411865
                     800                     -0.72265955
                   802.5                     -0.69273065
                     805                     -0.66436919
                   807.5                     -0.63760017
                     810                     -0.61244247
                   812.5                     -0.58890101
                     815                     -0.56697141
                   817.5                     -0.54664314
                     820                     -0.52789659
                   822.5                     -0.51070023
                     825                     -0.49502205
                   827.5                      -0.4808186
                     830                     -0.46804022
                   832.5                     -0.45663481
                     835                     -0.44654098
                   837.5                     -0.43769428
                     840                     -0.43002866
                   842.5                     -0.42346918
                     845                     -0.41794311
                   847.5                     -0.41337064
                     850                       -0.409672
                   852.5                     -0.40676806
                     855                     -0.40457345
                   857.5                     -0.40300583
                     860                     -0.40198119
                   862.5                     -0.40141956
                     865                     -0.40123714
                   867.5                     -0.40135706
                     870                     -0.40169681
                   872.5                     -0.40218517
                     875                     -0.40274725
                   877.5                      -0.4033143
                     880                     -0.40382167
                   882.5                     -0.40420883
                     885                     -0.40441742
                   887.5                     -0.40439637
                     890                     -0.40410057
                   892.5                     -0.40348595
                     895                     -0.40251511
                   897.5                     -0.40116181
                     900                     -0.39939796
                   902.5                     -0.39720301
                     905                     -0.39456348
                   907.5                     -0.39147207
                     910                     -0.38792468
                   912.5                      -0.3839208
                     915                      -0.3794703
                   917.5                     -0.37458294
                     920                     -0.36927279
                   922.5                     -0.36356166
                     925                      -0.3574724
                   927.5                     -0.35103035
                     930                     -0.34426641
                   932.5                      -0.3372125
                     935                      -0.3299022
                   937.5                     -0.32237283
                     940                     -0.31465999
                   942.5                     -0.30680366
                     945                     -0.29884135
                   947.5                     -0.29081402
                     950                     -0.28275938
                   952.5                     -0.27471409
                     955                     -0.26671937
                   957.5                     -0.25880792
                     960                     -0.25101785
                   962.5                     -0.24338052
                     965                     -0.23592908
                   967.5                     -0.22868987
                     970                     -0.22169237
                   972.5                     -0.21496153
                     975                      -0.2085176
                   977.5                     -0.20238174
                     980                     -0.19657051
                   982.5                     -0.19109662
                     985                     -0.18597116
                   987.5                     -0.18120471
                     990                     -0.17680137
                   992.5                     -0.17276522
                     995                     -0.16909607
                   997.5                     -0.16579157
                    1000                     -0.16284891
                  1002.5                     -0.16025802
                    1005                     -0.15801165
                  1007.5                      -0.1560979
                    1010                     -0.15450468
                  1012.5                     -0.15321401
                    1015                     -0.15221315
                  1017.5                     -0.15148027
                    1020                     -0.15099884
                  1022.5                     -0.15074696
                    1025                     -0.15070341
                  1027.5                     -0.15084667
                    1030                      -0.1511544
                  1032.5                     -0.15160369
                    1035                     -0.15217104
                  1037.5                     -0.15283494
                    1040                     -0.15357351
                  1042.5                     -0.15436178
                    1045                     -0.15518077
                  1047.5                     -0.15601011
                    1050                     -0.15682771
                  1052.5                     -0.15761747
                    1055                     -0.15836039
                  1057.5                      -0.1590406
                    1060                     -0.15964353
                  1062.5                     -0.16015594
                    1065                     -0.16056558
                  1067.5                     -0.16086221
                    1070                     -0.16103699
                  1072.5                     -0.16108339
                    1075                     -0.16099639
                  1077.5                     -0.16077024
                    1080                     -0.16040586
                  1082.5                     -0.15990064
                    1085                     -0.15925657
                  1087.5                     -0.15847501
                    1090                     -0.15756039
                  1092.5                     -0.15651703
                    1095                     -0.15535223
                  1097.5                      -0.1540735
                    1100                     -0.15268804
                  1102.5                     -0.15120605
                    1105                     -0.14963745
                  1107.5                     -0.14799149
                    1110                     -0.14628162
                  1112.5                     -0.14451686
                    1115                     -0.14271005
                  1117.5                     -0.14087373
                    1120                     -0.13901859
                  1122.5                     -0.13715728
                    1125                     -0.13530072
                  1127.5                      -0.1334597
                    1130                      -0.1316465
                  1132.5                     -0.12987179
                    1135                     -0.12814264
                  1137.5                     -0.12647129
                    1140                     -0.12486326
                  1142.5                     -0.12332895
                    1145                     -0.12187394
                  1147.5                     -0.12050367
                    1150                     -0.11922305
                  1152.5                     -0.11803858
                    1155                     -0.11695132
                  1157.5                     -0.11596529
                    1160                     -0.11508071
                  1162.5                     -0.11429712
                    1165                     -0.11361684
                  1167.5                     -0.11303795
                    1170                     -0.11255777
                  1172.5                     -0.11217495
                    1175                     -0.11188515
                  1177.5                     -0.11168317
                    1180                     -0.11156786
                  1182.5                     -0.11153266
                    1185                     -0.11156998
                  1187.5                      -0.1116766
                    1190                     -0.11184502
                  1192.5                     -0.11206991
                    1195                     -0.11234194
                  1197.5                     -0.11265821
                    1200                     -0.11300896
                  1202.5                     -0.11338921
                    1205                     -0.11379125
                  1207.5                     -0.11420912
                    1210                     -0.11463678
                  1212.5                     -0.11506797
                    1215                     -0.11549682
                  1217.5                     -0.11591803
                    1220                     -0.11632771
                  1222.5                     -0.11672046
                    1225                     -0.11709311
                  1227.5                     -0.11744279
                    1230                     -0.11776435
                  1232.5                     -0.11805713
                    1235                     -0.11831952
                  1237.5                     -0.11854994
                    1240                     -0.11874712
                  1242.5                     -0.11891169
                    1245                     -0.11904282
                  1247.5                     -0.11914338
                    1250                     -0.11921229
                  1252.5                     -0.11925279
                    1255                     -0.11926604
                  1257.5                     -0.11925494
                    1260                     -0.11922179
                  1262.5                     -0.11917075
                    1265                     -0.11910279
                  1267.5                     -0.11902357
                    1270                     -0.11893525
                  1272.5                     -0.11884308
                    1275                     -0.11874919
                  1277.5                     -0.11865724
                    1280                      -0.1185723
                  1282.5                     -0.11849775
                    1285                      -0.1184342
                  1287.5                     -0.11838912
                    1290                     -0.11836203
                  1292.5                     -0.11835745
                    1295                      -0.1183789
                  1297.5                     -0.11842727
                    1300                     -0.11850387
                  1302.5                     -0.11861174
                    1305                     -0.11875138
                  1307.5                       -0.118924
                    1310                     -0.11913114
                  1312.5                     -0.11937135
                    1315                     -0.11964604
                  1317.5                     -0.11995468
                    1320                     -0.12029574
                  1322.5                     -0.12066829
                    1325                     -0.12107229
                  1327.5                     -0.12150443
                    1330                     -0.12196542
                  1332.5                     -0.12245038
                    1335                     -0.12295895
                  1337.5                     -0.12348867
                    1340                      -0.1240367
                  1342.5                     -0.12459925
                    1345                     -0.12517718
                  1347.5                     -0.12576557
                    1350                     -0.12636247
                  1352.5                     -0.12696484
                    1355                     -0.12757102
                  1357.5                     -0.12817917
                    1360                     -0.12878695
                  1362.5                     -0.12939136
                    1365                     -0.12999168
                  1367.5                     -0.13058669
                    1370                     -0.13117648
                  1372.5                     -0.13175659
                    1375                     -0.13233013
                  1377.5                     -0.13289559
                    1380                     -0.13345141
                  1382.5                     -0.13400029
                    1385                     -0.13454201
                  1387.5                      -0.1350765
                    1390                     -0.13560791
                  1392.5                     -0.13613367
                    1395                     -0.13665901
                  1397.5                     -0.13718394
                    1400                     -0.13771087
                  1402.5                     -0.13824405
                    1405                     -0.13878504
                  1407.5                     -0.13933666
                    1410                     -0.13990183
                  1412.5                      -0.1404836
                    1415                     -0.14108531
                  1417.5                     -0.14170898
                    1420                     -0.14236023
                  1422.5                     -0.14303929
                    1425                     -0.14375024
                  1427.5                     -0.14449584
                    1430                     -0.14527933
                  1432.5                     -0.14610326
                    1435                      -0.1469679
                  1437.5                     -0.14787849
                    1440                     -0.14883359
                  1442.5                     -0.14983599
                    1445                     -0.15088853
                  1447.5                      -0.1519891
                    1450                     -0.15314029
                  1452.5                     -0.15434143
                    1455                     -0.15559255
                  1457.5                     -0.15689379
                    1460                     -0.15824214
                  1462.5                     -0.15963848
                    1465                     -0.16108027
                  1467.5                     -0.16256507
                    1470                      -0.1640928
                  1472.5                      -0.1656584
                    1475                     -0.16726009
                  1477.5                     -0.16889493
                    1480                     -0.17056004
                  1482.5                     -0.17225143
                    1485                     -0.17396584
                  1487.5                      -0.1756999
                    1490                     -0.17744966
                  1492.5                     -0.17921133
                    1495                     -0.18098124
                  1497.5                     -0.18275621
                    1500                     -0.18453173
                  1502.5                     -0.18630583
                    1505                     -0.18807481
                  1507.5                     -0.18983512
                    1510                     -0.19158469
                  1512.5                     -0.19332032
                    1515                     -0.19504089
                  1517.5                      -0.1967444
                    1520                     -0.19843036
                  1522.5                     -0.20009802
                    1525                     -0.20174446
                  1527.5                     -0.20337282
                    1530                     -0.20498282
                  1532.5                     -0.20657369
                    1535                     -0.20814973
                  1537.5                     -0.20971177
                    1540                     -0.21126087
                  1542.5                     -0.21280284
                    1545                     -0.21433809
                  1547.5                     -0.21587223
                    1550                     -0.21740956
                  1552.5                     -0.21895465
                    1555                     -0.22051131
                  1557.5                     -0.22208425
                    1560                     -0.22368281
                  1562.5                      -0.2253093
                    1565                     -0.22696981
                  1567.5                     -0.22867282
                    1570                     -0.23042149
                  1572.5                     -0.23222507
                    1575                      -0.2340877
                  1577.5                     -0.23601535
                    1580                     -0.23801572
                  1582.5                     -0.24009377
                    1585                     -0.24225442
                  1587.5                     -0.24450371
                    1590                     -0.24684723
                  1592.5                     -0.24928927
                    1595                      -0.2518344
                  1597.5                      -0.2544855
                    1600                     -0.25724766
                  1602.5                     -0.26012213
                    1605                     -0.26311247
                  1607.5                        -0.26622
                    1610                     -0.26944651
                  1612.5                     -0.27279187
                    1615                     -0.27625587
                  1617.5                     -0.27983983
                    1620                     -0.28354251
                  1622.5                     -0.28735981
                    1625                     -0.29129151
                  1627.5                     -0.29533553
                    1630                     -0.29948781
                  1632.5                     -0.30374392
                    1635                     -0.30810065
                  1637.5                     -0.31255343
                    1640                     -0.31709843
                  1642.5                     -0.32172922
                    1645                      -0.3264412
                  1647.5                     -0.33122745
                    1650                     -0.33608394
                  1652.5                     -0.34100521
                    1655                     -0.34598358
                  1657.5                     -0.35101572
                    1660                      -0.3560957
                  1662.5                      -0.3612171
                    1665                     -0.36637637
                  1667.5                     -0.37156825
                    1670                     -0.37678797
                  1672.5                     -0.38203379
                    1675                     -0.38730111
                  1677.5                     -0.39258778
                    1680                     -0.39789257
                  1682.5                     -0.40321406
                    1685                     -0.40855231
                  1687.5                     -0.41390632
                    1690                     -0.41928003
                  1692.5                     -0.42467227
                    1695                     -0.43008793
                  1697.5                     -0.43553101
                    1700                     -0.44100657
                  1702.5                     -0.44651849
                    1705                     -0.45207593
                  1707.5                     -0.45768392
                    1710                     -0.46335203
                  1712.5                     -0.46908968
                    1715                     -0.47490611
                  1717.5                     -0.48081139
                    1720                     -0.48681746
                  1722.5                     -0.49293649
                    1725                     -0.49918095
                  1727.5                     -0.50556258
                    1730                     -0.51209525
                  1732.5                     -0.51879353
                    1735                     -0.52567114
                  1737.5                     -0.53274173
                    1740                      -0.5400199
                  1742.5                     -0.54752016
                    1745                     -0.55525724
                  1747.5                      -0.5632452
                    1750                     -0.57149758
                  1752.5                     -0.58002848
                    1755                     -0.58885137
                  1757.5                      -0.5979792
                    1760                      -0.6074241
                  1762.5                     -0.61719847
                    1765                      -0.6273138
                  1767.5                     -0.63778084
                    1770                     -0.64860879
                  1772.5                     -0.65980761
                    1775                      -0.6713856
                  1777.5                     -0.68335074
                    1780                      -0.6957095
                  1782.5                     -0.70846859
                    1785                     -0.72163269
                  1787.5                      -0.7352058
                    1790                     -0.74919297
                  1792.5                     -0.76359597
                    1795                     -0.77841758
                  1797.5                     -0.79365943
                    1800                     -0.80932196
                  1802.5                     -0.82540611
                    1805                     -0.84191089
                  1807.5                     -0.85883746
                    1810                     -0.87618382
                  1812.5                      -0.8939477
                    1815                     -0.91213098
                  1817.5                      -0.9307305
                    1820                     -0.94974597
                  1822.5                     -0.96917649
                    1825                     -0.98902095
                  1827.5                      -1.0092803
                    1830                      -1.0299558
                  1832.5                      -1.0510468
                    1835                      -1.0725577
                  1837.5                      -1.0944903
                    1840                      -1.1168503
                  1842.5                      -1.1396419
                    1845                      -1.1628745
                  1847.5                      -1.1865537
                    1850                      -1.2106921
                  1852.5                      -1.2352991
                    1855                      -1.2603913
                  1857.5                      -1.2859823
                    1860                      -1.3120895
                  1862.5                      -1.3387337
                    1865                      -1.3659347
                  1867.5                      -1.3937177
                    1870                      -1.4221079
                  1872.5                      -1.4511325
                    1875                      -1.4808236
                  1877.5                      -1.5112115
                    1880                      -1.5423301
                  1882.5                       -1.574218
                    1885                      -1.6069121
                  1887.5                      -1.6404528
                    1890                      -1.6748835
                  1892.5                      -1.7102459
                    1895                      -1.7465864
                  1897.5                      -1.7839519
                    1900                      -1.8223917
                  1902.5                      -1.8619549
                    1905                      -1.9026914
                  1907.5                      -1.9446527
                    1910                      -1.9878915
                  1912.5                      -2.0324596
                    1915                      -2.0784103
                  1917.5                      -2.1257961
                    1920                      -2.1746691
                  1922.5                      -2.2250811
                    1925                      -2.2770841
                  1927.5                      -2.3307267
                    1930                      -2.3860583
                  1932.5                      -2.4431239
                    1935                      -2.5019714
                  1937.5                      -2.5626409
                    1940                      -2.6251739
                  1942.5                      -2.6896038
                    1945                      -2.7559662
                  1947.5                      -2.8242876
                    1950                      -2.8945921
                  1952.5                      -2.9669009
                    1955                      -3.0412234
                  1957.5                      -3.1175687
                    1960                      -3.1959357
                  1962.5                      -3.2763174
                    1965                      -3.3586993
                  1967.5                      -3.4430542
                    1970                      -3.5293478
                  1972.5                      -3.6175351
                    1975                      -3.7075585
                  1977.5                      -3.7993483
                    1980                      -3.8928224
                  1982.5                      -3.9878818
                    1985                      -4.0844138
                  1987.5                      -4.1822888
                    1990                       -4.281358
                  1992.5                      -4.3814567
                    1995                      -4.4823969
                  1997.5                      -4.5839743
                    2000                      -4.6859588
                  2002.5                       -4.788101
                    2005                      -4.8901267
                  2007.5                        -4.99174
                    2010                      -5.0926235
                  2012.5                      -5.1924342
                    2015                      -5.2908092
                  2017.5                      -5.3873653
                    2020                      -5.4816977
                  2022.5                      -5.5733893
                    2025                      -5.6620082
                  2027.5                      -5.7471082
                    2030                      -5.8282454
                  2032.5                      -5.9049692
                    2035                       -5.976836
                  2037.5                      -6.0434148
                    2040                      -6.1042896
                  2042.5                      -6.1590699
                    2045                      -6.2073955
                  2047.5                      -6.2489438
                    2050                      -6.2834364
                  2052.5                      -6.3106446
                    2055                      -6.3303919
                  2057.5                      -6.3425645
                    2060                      -6.3471012
                  2062.5                      -6.3440119
                    2065                      -6.3333598
                  2067.5                      -6.3152719
                    2070                      -6.2899344
                  2072.5                       -6.257581
                    2075                      -6.2184998
                  2077.5                      -6.1730167
                    2080                       -6.121496
                  2082.5                      -6.0643313
                    2085                      -6.0019405
                  2087.5                      -5.9347519
                    2090                      -5.8632104
                  2092.5                      -5.7877605
                    2095                      -5.7088474
                  2097.5                      -5.6269042
                    2100                      -5.5423614
                  2102.5                      -5.4556269
                    2105                      -5.3670988
                  2107.5                        -5.27715
                    2110                       -5.186135
                  2112.5                      -5.0943885
                    2115                      -5.0022159
                  2117.5                      -4.9099057
                    2120                      -4.8177179
                  2122.5                      -4.7258931
                    2125                      -4.6346499
                  2127.5                      -4.5441821
                    2130                      -4.4546656
                  2132.5                      -4.3662558
                    2135                      -4.2790881
                  2137.5                      -4.1932822
                    2140                      -4.1089419
                  2142.5                      -4.0261489
                    2145                      -3.9449804
                  2147.5                      -3.8654918
                    2150                      -3.7877293
                  2152.5                      -3.7117269
                    2155                      -3.6375111
                  2157.5                      -3.5650923
                    2160                      -3.4944784
                  2162.5                      -3.4256641
                    2165                      -3.3586418
                  2167.5                       -3.293392
                    2170                      -3.2298935
                  2172.5                      -3.1681179
                    2175                      -3.1080295
                  2177.5                      -3.0495944
                    2180                      -2.9927707
                  2182.5                      -2.9375144
                    2185                      -2.8837796
                  2187.5                      -2.8315165
                    2190                       -2.780676
                  2192.5                      -2.7312057
                    2195                      -2.6830529
                  2197.5                      -2.6361661
                    2200                      -2.5904908
                  2202.5                      -2.5459743
                    2205                      -2.5025648
                  2207.5                      -2.4602116
                    2210                      -2.4188625
                  2212.5                      -2.3784695
                    2215                      -2.3389849
                  2217.5                      -2.3003636
                    2220                      -2.2625613
                  2222.5                      -2.2255385
                    2225                      -2.1892546
                  2227.5                      -2.1536732
                    2230                      -2.1187626
                  2232.5                      -2.0844898
                    2235                      -2.0508266
                  2237.5                      -2.0177486
                    2240                      -1.9852333
                  2242.5                      -1.9532601
                    2245                      -1.9218119
                  2247.5                      -1.8908743
                    2250                      -1.8604383
                  2252.5                      -1.8304924
                    2255                      -1.8010299
                  2257.5                      -1.7720476
                    2260                      -1.7435442
                  2262.5                      -1.7155186
                    2265                      -1.6879735
                  2267.5                      -1.6609138
                    2270                      -1.6343432
                  2272.5                      -1.6082686
                    2275                      -1.5826967
                  2277.5                      -1.5576389
                    2280                       -1.533103
                  2282.5                      -1.5090993
                    2285                      -1.4856385
                  2287.5                      -1.4627296
                    2290                      -1.4403851
                  2292.5                      -1.4186135
                    2295                       -1.397425
                  2297.5                      -1.3768285
                    2300                      -1.3568334
                  2302.5                      -1.3374461
                    2305                      -1.3186729
                  2307.5                      -1.3005182
                    2310                      -1.2829886
                  2312.5                      -1.2660828
                    2315                      -1.2498059
                  2317.5                      -1.2341532
                    2320                      -1.2191251
                  2322.5                      -1.2047169
                    2325                      -1.1909221
                  2327.5                      -1.1777341
                    2330                      -1.1651445
                  2332.5                      -1.1531418
                    2335                      -1.1417132
                  2337.5                      -1.1308448
                    2340                      -1.1205203
                  2342.5                      -1.1107236
                    2345                      -1.1014362
                  2347.5                      -1.0926362
                    2350                      -1.0843042
                  2352.5                      -1.0764178
                    2355                      -1.0689527
                  2357.5                      -1.0618862
                    2360                      -1.0551913
                  2362.5                      -1.0488434
                    2365                      -1.0428186
                  2367.5                      -1.0370896
                    2370                      -1.0316296
                  2372.5                      -1.0264137
                    2375                       -1.021417
                  2377.5                      -1.0166134
                    2380                      -1.0119787
                  2382.5                      -1.0074897
                    2385                      -1.0031239
                  2387.5                     -0.99885914
                    2390                     -0.99467632
                  2392.5                     -0.99055582
                    2395                     -0.98647944
                  2397.5                     -0.98243311
                    2400                     -0.97840357
                  2402.5                     -0.97437874
                    2405                      -0.9703469
                  2407.5                     -0.96630297
                    2410                     -0.96223822
                  2412.5                     -0.95815055
                    2415                     -0.95403694
                  2417.5                     -0.94989948
                    2420                     -0.94573984
                  2422.5                      -0.9415595
                    2425                     -0.93736911
                  2427.5                     -0.93317391
                    2430                     -0.92898502
                  2432.5                     -0.92481282
                    2435                      -0.9206714
                  2437.5                     -0.91657531
                    2440                     -0.91253753
                  2442.5                     -0.90857823
                    2445                     -0.90471255
                  2447.5                     -0.90096166
                    2450                     -0.89734124
                  2452.5                     -0.89387484
                    2455                     -0.89057932
                  2457.5                     -0.88747516
                    2460                     -0.88458274
                  2462.5                     -0.88192136
                    2465                     -0.87951188
                  2467.5                     -0.87737033
                    2470                     -0.87551621
                  2472.5                     -0.87396617
                    2475                     -0.87273752
                  2477.5                     -0.87184383
                    2480                     -0.87129955
                  2482.5                     -0.87111611
                    2485                     -0.87130626
                  2487.5                     -0.87187799
                    2490                     -0.87284127
                  2492.5                     -0.87420072
                    2495                     -0.87596189
                  2497.5                     -0.87812634
                    2500                     -0.88069599
                  2502.5                     -0.88367236
                    2505                     -0.88705023
                  2507.5                     -0.89082809
                    2510                     -0.89499972
                  2512.5                     -0.89955829
                    2515                     -0.90449646
                  2517.5                     -0.90980464
                    2520                     -0.91546901
                  2522.5                     -0.92148057
                    2525                     -0.92782408
                  2527.5                     -0.93448562
                    2530                     -0.94145144
                  2532.5                     -0.94870556
                    2535                     -0.95623002
                  2537.5                     -0.96401094
                    2540                     -0.97203075
                  2542.5                      -0.9802726
                    2545                     -0.98872032
                  2547.5                     -0.99735666
                    2550                      -1.0061683
                  2552.5                      -1.0151378
                    2555                      -1.0242545
                  2557.5                      -1.0335018
                    2560                      -1.0428698
                  2562.5                      -1.0523486
                    2565                      -1.0619269
                  2567.5                      -1.0715978
                    2570                      -1.0813573
                  2572.5                      -1.0911984
                    2575                      -1.1011221
                  2577.5                      -1.1111262
                    2580                      -1.1212125
                  2582.5                      -1.1313873
                    2585                      -1.1416525
                  2587.5                      -1.1520186
                    2590                      -1.1624947
                  2592.5                      -1.1730952
                    2595                      -1.1838319
                  2597.5                      -1.1947217
                    2600                      -1.2057849
                  2602.5                      -1.2170383
                    2605                      -1.2285053
                  2607.5                      -1.2402091
                    2610                      -1.2521747
                  2612.5                      -1.2644275
                    2615                      -1.2769976
                  2617.5                      -1.2899118
                    2620                      -1.3032008
                  2622.5                      -1.3168956
                    2625                      -1.3310256
                  2627.5                      -1.3456253
                    2630                      -1.3607263
                  2632.5                      -1.3763613
                    2635                      -1.3925632
                  2637.5                      -1.4093658
                    2640                       -1.426802
                  2642.5                      -1.4449049
                    2645                      -1.4637049
                  2647.5                      -1.4832362
                    2650                      -1.5035296
                  2652.5                      -1.5246182
                    2655                      -1.5465312
                  2657.5                       -1.569296
                    2660                      -1.5929458
                  2662.5                      -1.6175075
                    2665                      -1.6430093
                  2667.5                      -1.6694766
                    2670                       -1.696939
                  2672.5                      -1.7254185
                    2675                      -1.7549437
                  2677.5                      -1.7855372
                    2680                      -1.8172249
                  2682.5                      -1.8500279
                    2685                      -1.8839718
                  2687.5                      -1.9190798
                    2690                      -1.9553742
                  2692.5                      -1.9928786
                    2695                      -2.0316177
                  2697.5                      -2.0716145
                    2700                      -2.1128944
                  2702.5                      -2.1554821
                    2705                       -2.199403
                  2707.5                      -2.2446851
                    2710                      -2.2913573
                  2712.5                      -2.3394489
                    2715                      -2.3889922
                  2717.5                      -2.4400211
                    2720                      -2.4925694
                  2722.5                       -2.546676
                    2725                      -2.6023805
                  2727.5                      -2.6597259
                    2730                      -2.7187577
                  2732.5                       -2.779524
                    2735                      -2.8420772
                  2737.5                       -2.906471
                    2740                      -2.9727654
                  2742.5                      -3.0410193
                    2745                      -3.1113005
                  2747.5                       -3.183676
                    2750                      -3.2582213
                  2752.5                      -3.3350116
                    2755                      -3.4141268
                  2757.5                      -3.4956543
                    2760                      -3.5796806
                  2762.5                      -3.6662996
                    2765                      -3.7556089
                  2767.5                      -3.8477074
                    2770                      -3.9427011
                  2772.5                      -4.0406988
                    2775                      -4.1418101
                  2777.5                      -4.2461511
                    2780                      -4.3538418
                  2782.5                      -4.4650012
                    2785                      -4.5797526
                  2787.5                      -4.6982237
                    2790                      -4.8205391
                  2792.5                      -4.9468262
                    2795                      -5.0772134
                  2797.5                      -5.2118289
                    2800                      -5.3507949
                  2802.5                      -5.4942328
                    2805                      -5.6422604
                  2807.5                      -5.7949857
                    2810                      -5.9525109
                  2812.5                      -6.1149242
                    2815                      -6.2823004
                  2817.5                      -6.4546952
                    2820                      -6.6321418
                  2822.5                      -6.8146453
                    2825                      -7.0021766
                  2827.5                      -7.1946666
                    2830                       -7.391994
                  2832.5                      -7.5939791
                    2835                      -7.8003724
                  2837.5                      -8.0108389
                    2840                      -8.2249458
                  2842.5                       -8.442144
                    2845                      -8.6617503
                  2847.5                      -8.8829303
                    2850                      -9.1046742
                  2852.5                      -9.3257782
                    2855                      -9.5448289
                  2857.5                      -9.7601839
                    2860                      -9.9699657
                  2862.5                      -10.172064
                    2865                      -10.364149
                  2867.5                      -10.543701
                    2870                      -10.708069
                  2872.5                      -10.854539
                    2875                      -10.980439
                  2877.5                      -11.083255
                    2880                      -11.160753
                  2882.5                      -11.211116
                    2885                       -11.23306
                  2887.5                      -11.225914
                    2890                      -11.189681
                  2892.5                      -11.125026
                    2895                       -11.03324
                  2897.5                      -10.916153
                    2900                      -10.776013
                  2902.5                      -10.615367
                    2905                      -10.436924
                  2907.5                      -10.243441
                    2910                       -10.03762
                  2912.5                      -9.8220337
                    2915                      -9.5990674
                  2917.5                      -9.3708897
                    2920                      -9.1394364
                  2922.5                      -8.9064032
                    2925                      -8.6732615
                  2927.5                      -8.4412658
                    2930                      -8.2114761
                  2932.5                      -7.9847749
                    2935                       -7.761889
                  2937.5                      -7.5434103
                    2940                      -7.3298115
                  2942.5                      -7.1214639
                    2945                      -6.9186527
                  2947.5                      -6.7215875
                    2950                      -6.5304162
                  2952.5                      -6.3452366
                    2955                      -6.1660975
                  2957.5                      -5.9930141
                    2960                      -5.8259704
                  2962.5                      -5.6649212
                    2965                      -5.5098019
                  2967.5                      -5.3605299
                    2970                      -5.2170055
                  2972.5                      -5.0791171
                    2975                      -4.9467415
                  2977.5                      -4.8197478
                    2980                      -4.6979944
                  2982.5                      -4.5813377
                    2985                      -4.4696239
                  2987.5                      -4.3626984
                    2990                      -4.2603983
                  2992.5                      -4.1625617
                    2995                      -4.0690186
                  2997.5                      -3.9796017
                    3000                      -3.8941398

