        Frequency / MHz                S1,1/abs,dB
----------------------------------------------------------------------
                     500                     -0.11029757
                   502.5                     -0.16387467
                     505                     -0.22200466
                   507.5                     -0.28220616
                     510                      -0.3420306
                   512.5                      -0.3991174
                     515                     -0.45127387
                   517.5                     -0.49654916
                     520                     -0.53331262
                   522.5                     -0.56031438
                     525                     -0.57674243
                   527.5                     -0.58224034
                     530                      -0.5769158
                   532.5                     -0.56130251
                     535                     -0.53632068
                   537.5                     -0.50320121
                     540                     -0.46340659
                   542.5                     -0.41855329
                     545                     -0.37032058
                   547.5                     -0.32038029
                     550                     -0.27033702
                   552.5                     -0.22167446
                     555                     -0.17571938
                   557.5                     -0.13361404
                     560                    -0.096299193
                   562.5                    -0.064512533
                     565                    -0.038782449
                   567.5                    -0.019432744
                     570                   -0.0065873004
                   572.5                  -0.00018882179
                     575                  -4.5582356e-07
                   577.5                   -0.0056292588
                     580                    -0.016534617
                   582.5                    -0.032053758
                     585                    -0.051411926
                   587.5                    -0.073755295
                     590                    -0.098168199
                   592.5                     -0.12370187
                     595                     -0.14940356
                   597.5                      -0.1743448
                     600                     -0.19765215
                   602.5                     -0.21853528
                     605                     -0.23631271
                   607.5                     -0.25043566
                     610                     -0.26050462
                   612.5                     -0.26628152
                     615                       -0.267691
                   617.5                     -0.26481996
                     620                     -0.25790706
                   622.5                     -0.24732466
                     625                     -0.23356206
                   627.5                     -0.21719247
                     630                     -0.19885778
                   632.5                     -0.17923295
                     635                     -0.15899919
                   637.5                     -0.13882955
                     640                     -0.11935383
                   642.5                     -0.10115299
                     645                    -0.084733233
                   647.5                    -0.070520508
                     650                    -0.058852978
                   652.5                    -0.049971667
                     655                    -0.044022796
                   657.5                    -0.041056615
                     660                    -0.041029684
                   662.5                    -0.043808793
                     665                    -0.049181589
                   667.5                    -0.056863633
                     670                    -0.066506609
                   672.5                    -0.077715529
                     675                    -0.090052817
                   677.5                     -0.10306405
                     680                     -0.11628478
                   682.5                     -0.12925332
                     685                     -0.14153299
                   687.5                     -0.15272204
                     690                     -0.16246649
                   692.5                     -0.17046839
                     695                     -0.17650399
                   697.5                     -0.18041703
                     700                     -0.18213383
                   702.5                     -0.18165259
                     705                     -0.17905365
                   707.5                     -0.17448263
                     710                     -0.16815076
                   712.5                     -0.16031758
                     715                     -0.15128987
                   717.5                     -0.14139721
                     720                     -0.13098985
                   722.5                     -0.12042446
                     725                     -0.11004416
                   727.5                     -0.10017964
                     730                    -0.091131501
                   732.5                    -0.083163897
                     735                    -0.076499386
                   737.5                    -0.071314368
                     740                    -0.067730327
                   742.5                    -0.065819123
                     745                    -0.065597664
                   747.5                    -0.067032598
                     750                    -0.070036749
                   752.5                    -0.074482859
                     755                    -0.080197161
                   757.5                    -0.086974405
                     760                    -0.094580732
                   762.5                     -0.10275816
                     765                     -0.11124068
                   767.5                     -0.11975648
                     770                     -0.12803581
                   772.5                     -0.13582508
                     775                      -0.1428907
                   777.5                      -0.1490252
                     780                     -0.15405734
                   782.5                     -0.15785439
                     785                     -0.16032611
                   787.5                     -0.16143032
                     790                       -0.161168
                   792.5                     -0.15958456
                     795                     -0.15677206
                   797.5                      -0.1528558
                     800                     -0.14799818
                   802.5                     -0.14238867
                     805                     -0.13623607
                   807.5                     -0.12976345
                     810                     -0.12319732
                   812.5                      -0.1167686
                     815                     -0.11069222
                   817.5                     -0.10517549
                     820                     -0.10039932
                   822.5                    -0.096521616
                     825                     -0.09366921
                   827.5                    -0.091935774
                     830                    -0.091380789
                   832.5                    -0.092023462
                     835                    -0.093852147
                   837.5                    -0.096814055
                     840                      -0.1008242
                   842.5                     -0.10576795
                     845                     -0.11150067
                   847.5                      -0.1178551
                     850                     -0.12464763
                   852.5                     -0.13167961
                     855                     -0.13874741
                   857.5                     -0.14564988
                     860                     -0.15218892
                   862.5                     -0.15818018
                     865                     -0.16345905
                   867.5                     -0.16788634
                     870                     -0.17134865
                   872.5                     -0.17376721
                     875                     -0.17509715
                   877.5                     -0.17533202
                     880                     -0.17450149
                   882.5                     -0.17267203
                     885                     -0.16993995
                   887.5                     -0.16643548
                     890                     -0.16231521
                   892.5                     -0.15775239
                     895                     -0.15293795
                   897.5                      -0.1480723
                     900                      -0.1433542
                   902.5                     -0.13898208
                     905                     -0.13514176
                   907.5                     -0.13200624
                     910                     -0.12972239
                   912.5                     -0.12841575
                     915                     -0.12818059
                   917.5                      -0.1290784
                     920                     -0.13113677
                   922.5                     -0.13434941
                     925                     -0.13867469
                   927.5                     -0.14403497
                     930                      -0.1503214
                   932.5                     -0.15739822
                     935                     -0.16510183
                   937.5                     -0.17325295
                     940                     -0.18165301
                   942.5                     -0.19009784
                     945                     -0.19838003
                   947.5                     -0.20629902
                     950                     -0.21366573
                   952.5                     -0.22030972
                     955                     -0.22608444
                   957.5                     -0.23087405
                     960                     -0.23459703
                   962.5                     -0.23721268
                     965                     -0.23871651
                   967.5                     -0.23914439
                     970                     -0.23857567
                   972.5                       -0.237126
                     975                     -0.23494156
                   977.5                     -0.23220175
                     980                     -0.22910913
                   982.5                     -0.22587894
                     985                     -0.22274222
                   987.5                     -0.21992651
                     990                     -0.21766081
                   992.5                     -0.21615279
                     995                     -0.21560132
                   997.5                     -0.21617137
                    1000                     -0.21800332
                  1002.5                     -0.22119813
                    1005                     -0.22582077
                  1007.5                     -0.23189269
                    1010                     -0.23939751
                  1012.5                      -0.2482725
                    1015                     -0.25841561
                  1017.5                     -0.26968898
                    1020                      -0.2819181
                  1022.5                     -0.29490005
                    1025                     -0.30840877
                  1027.5                     -0.32220488
                    1030                     -0.33603909
                  1032.5                     -0.34966273
                    1035                     -0.36284136
                  1037.5                     -0.37535713
                    1040                     -0.38701791
                  1042.5                     -0.39767164
                    1045                     -0.40720586
                  1047.5                     -0.41555653
                    1050                     -0.42271588
                  1052.5                      -0.4287253
                    1055                     -0.43368282
                  1057.5                     -0.43774146
                    1060                     -0.44110326
                  1062.5                     -0.44401102
                    1065                     -0.44674734
                  1067.5                     -0.44962063
                    1070                     -0.45296424
                  1072.5                     -0.45711588
                    1075                     -0.46241808
                  1077.5                     -0.46919806
                    1080                     -0.47776841
                  1082.5                     -0.48841503
                    1085                     -0.50138343
                  1087.5                     -0.51688104
                    1090                     -0.53506759
                  1092.5                     -0.55604718
                    1095                     -0.57987603
                  1097.5                      -0.6065495
                    1100                     -0.63600966
                  1102.5                     -0.66814692
                    1105                      -0.7028033
                  1107.5                     -0.73977735
                    1110                     -0.77883287
                  1112.5                      -0.8197091
                    1115                     -0.86212925
                  1117.5                     -0.90581742
                    1120                     -0.95050687
                  1122.5                     -0.99595821
                    1125                      -1.0419751
                  1127.5                       -1.088412
                    1130                      -1.1351986
                  1132.5                      -1.1823409
                    1135                      -1.2299416
                  1137.5                      -1.2782001
                    1140                      -1.3274256
                  1142.5                      -1.3780317
                    1145                      -1.4305443
                  1147.5                      -1.4855903
                    1150                      -1.5438987
                  1152.5                      -1.6062884
                    1155                      -1.6736621
                  1157.5                       -1.746992
                    1160                      -1.8273116
                  1162.5                      -1.9157106
                    1165                      -2.0133117
                  1167.5                      -2.1212688
                    1170                      -2.2407639
                  1172.5                      -2.3729841
                    1175                      -2.5191285
                  1177.5                       -2.680391
                    1180                      -2.8579585
                  1182.5                       -3.052997
                    1185                      -3.2666448
                  1187.5                       -3.499989
                    1190                      -3.7540494
                  1192.5                      -4.0297438
                    1195                      -4.3278342
                  1197.5                      -4.6488673
                    1200                      -4.9930706
                  1202.5                      -5.3602182
                    1205                      -5.7494356
                  1207.5                      -6.1589425
                    1210                         -6.5857
                  1212.5                      -7.0249724
                    1215                      -7.4697921
                  1217.5                      -7.9104075
                    1220                      -8.3338186
                  1222.5                      -8.7236712
                    1225                      -9.0608521
                  1227.5                      -9.3251585
                    1230                      -9.4981322
                  1232.5                      -9.5665707
                    1235                      -9.5255662
                  1237.5                      -9.3797297
                    1240                      -9.1420284
                  1242.5                      -8.8307827
                    1245                      -8.4661424
                  1247.5                      -8.0672285
                    1250                      -7.6504351
                  1252.5                      -7.2288005
                    1255                      -6.8121071
                  1257.5                      -6.4073322
                    1260                      -6.0192015
                  1262.5                      -5.6507337
                    1265                      -5.3036683
                  1267.5                      -4.9788293
                    1270                      -4.6763828
                  1272.5                      -4.3960388
                    1275                      -4.1371753
                  1277.5                      -3.8989559
                    1280                      -3.6803843
                  1282.5                       -3.480363
                    1285                      -3.2977322
                  1287.5                      -3.1312803
                    1290                      -2.9797754
                  1292.5                      -2.8419796
                    1295                       -2.716651
                  1297.5                      -2.6025659
                    1300                      -2.4985197
                  1302.5                      -2.4033471
                    1305                      -2.3159238
                  1307.5                      -2.2351785
                    1310                      -2.1601084
                  1312.5                      -2.0897852
                    1315                      -2.0233664
                  1317.5                      -1.9601029
                    1320                      -1.8993444
                  1322.5                      -1.8405504
                    1325                      -1.7832843
                  1327.5                      -1.7272179
                    1330                       -1.672127
                  1332.5                      -1.6178842
                    1335                      -1.5644535
                  1337.5                      -1.5118765
                    1340                      -1.4602607
                  1342.5                      -1.4097682
                    1345                      -1.3605961
                  1347.5                      -1.3129721
                    1350                      -1.2671277
                  1352.5                      -1.2232981
                    1355                      -1.1816994
                  1357.5                      -1.1425291
                    1360                      -1.1059468
                  1362.5                      -1.0720747
                    1365                      -1.0409906
                  1367.5                      -1.0127242
                    1370                     -0.98725465
                  1372.5                     -0.96451105
                    1375                     -0.94437603
                  1377.5                     -0.92668508
                    1380                     -0.91123741
                  1382.5                     -0.89779317
                    1385                     -0.88608623
                  1387.5                      -0.8758294
                    1390                     -0.86672531
                  1392.5                     -0.85847213
                    1395                     -0.85077066
                  1397.5                     -0.84333817
                    1400                      -0.8359144
                  1402.5                     -0.82826864
                    1405                      -0.8202053
                  1407.5                     -0.81156864
                    1410                     -0.80225101
                  1412.5                     -0.79218769
                    1415                     -0.78136283
                  1417.5                     -0.76980721
                    1420                     -0.75759077
                  1422.5                     -0.74482399
                    1425                     -0.73164819
                  1427.5                     -0.71822955
                    1430                     -0.70475554
                  1432.5                     -0.69141877
                    1435                     -0.67841981
                  1437.5                     -0.66595077
                    1440                     -0.65419345
                  1442.5                     -0.64331198
                    1445                     -0.63344614
                  1447.5                     -0.62470726
                    1450                      -0.6171772
                  1452.5                     -0.61090165
                    1455                       -0.605893
                  1457.5                     -0.60213174
                    1460                     -0.59956044
                  1462.5                      -0.5980952
                    1465                     -0.59762095
                  1467.5                      -0.5980013
                    1470                     -0.59907979
                  1472.5                      -0.6006893
                    1475                     -0.60265088
                  1477.5                     -0.60478879
                    1480                     -0.60692877
                  1482.5                     -0.60890929
                    1485                     -0.61058385
                  1487.5                     -0.61182781
                    1490                     -0.61253926
                  1492.5                     -0.61264759
                    1495                     -0.61210744
                  1497.5                     -0.61091059
                    1500                     -0.60907348
                  1502.5                     -0.60664774
                    1505                     -0.60370645
                  1507.5                     -0.60035109
                    1510                     -0.59669693
                  1512.5                     -0.59288011
                    1515                     -0.58904318
                  1517.5                     -0.58533129
                    1520                     -0.58188972
                  1522.5                     -0.57886085
                    1525                     -0.57637256
                  1527.5                     -0.57453731
                    1530                     -0.57345309
                  1532.5                      -0.5731904
                    1535                     -0.57380274
                  1537.5                     -0.57531375
                    1540                     -0.57772664
                  1542.5                     -0.58101581
                    1545                     -0.58513682
                  1547.5                     -0.59002053
                    1550                     -0.59558331
                  1552.5                      -0.6017246
                    1555                     -0.60833264
                  1557.5                     -0.61529104
                    1560                     -0.62247825
                  1562.5                     -0.62977829
                    1565                     -0.63707937
                  1567.5                     -0.64427945
                    1570                     -0.65129551
                  1572.5                     -0.65805549
                    1575                     -0.66451168
                  1577.5                     -0.67063881
                    1580                     -0.67643236
                  1582.5                      -0.6819092
                    1585                      -0.6871137
                  1587.5                     -0.69210677
                    1590                     -0.69696796
                  1592.5                     -0.70179456
                    1595                     -0.70669688
                  1597.5                     -0.71179174
                    1600                      -0.7172023
                  1602.5                     -0.72305276
                    1605                     -0.72946502
                  1607.5                     -0.73655415
                    1610                     -0.74442699
                  1612.5                      -0.7531769
                    1615                      -0.7628829
                  1617.5                     -0.77360661
                    1620                     -0.78539501
                  1622.5                     -0.79827349
                    1625                     -0.81225063
                  1627.5                     -0.82731916
                    1630                     -0.84345534
                  1632.5                     -0.86062029
                    1635                     -0.87876546
                  1637.5                     -0.89783172
                    1640                     -0.91775606
                  1642.5                     -0.93847225
                    1645                     -0.95991559
                  1647.5                     -0.98202489
                    1650                      -1.0047498
                  1652.5                      -1.0280459
                    1655                      -1.0518887
                  1657.5                      -1.0762659
                    1660                      -1.1011836
                  1662.5                      -1.1266696
                    1665                       -1.152767
                  1667.5                      -1.1795466
                    1670                      -1.2070931
                  1672.5                      -1.2355117
                    1675                      -1.2649245
                  1677.5                      -1.2954702
                    1680                      -1.3273017
                  1682.5                      -1.3605787
                    1685                      -1.3954737
                  1687.5                      -1.4321597
                    1690                      -1.4708151
                  1692.5                      -1.5116161
                    1695                      -1.5547371
                  1697.5                      -1.6003456
                    1700                      -1.6486005
                  1702.5                      -1.6996522
                    1705                      -1.7536406
                  1707.5                      -1.8106915
                    1710                       -1.870912
                  1712.5                      -1.9344012
                    1715                      -2.0012358
                  1717.5                      -2.0714784
                    1720                      -2.1451699
                  1722.5                      -2.2223343
                    1725                      -2.3029744
                  1727.5                      -2.3870701
                    1730                      -2.4745807
                  1732.5                      -2.5654374
                    1735                      -2.6595455
                  1737.5                      -2.7567792
                    1740                      -2.8569777
                  1742.5                       -2.959945
                    1745                      -3.0654426
                  1747.5                      -3.1731843
                    1750                      -3.2828333
                  1752.5                      -3.3939953
                    1755                      -3.5062114
                  1757.5                      -3.6189574
                    1760                      -3.7316367
                  1762.5                      -3.8435768
                    1765                      -3.9540289
                  1767.5                      -4.0621642
                    1770                      -4.1670867
                  1772.5                      -4.2678276
                    1775                       -4.363371
                  1777.5                      -4.4526517
                    1780                      -4.5345984
                  1782.5                      -4.6081395
                    1785                      -4.6722418
                  1787.5                      -4.7259422
                    1790                      -4.7683852
                  1792.5                      -4.7988489
                    1795                      -4.8167821
                  1797.5                      -4.8218343
                    1800                      -4.8138624
                  1802.5                      -4.7929505
                    1805                      -4.7594084
                  1807.5                        -4.71376
                    1810                      -4.6567209
                  1812.5                       -4.589177
                    1815                      -4.5121501
                  1817.5                      -4.4267608
                    1820                      -4.3341943
                  1822.5                      -4.2356617
                    1825                      -4.1323715
                  1827.5                      -4.0255018
                    1830                      -3.9161679
                  1832.5                      -3.8054173
                    1835                      -3.6942047
                  1837.5                      -3.5833932
                    1840                      -3.4737375
                  1842.5                       -3.365888
                    1845                      -3.2603977
                  1847.5                      -3.1577138
                    1850                      -3.0581889
                  1852.5                      -2.9620864
                    1855                      -2.8695881
                  1857.5                      -2.7807983
                    1860                       -2.695754
                  1862.5                      -2.6144339
                    1865                      -2.5367634
                  1867.5                      -2.4626279
                    1870                      -2.3918744
                  1872.5                      -2.3243229
                    1875                       -2.259777
                  1877.5                      -2.1980233
                    1880                      -2.1388476
                  1882.5                      -2.0820339
                    1885                      -2.0273756
                  1887.5                      -1.9746764
                    1890                      -1.9237574
                  1892.5                      -1.8744568
                    1895                      -1.8266436
                  1897.5                      -1.7802023
                    1900                      -1.7350481
                  1902.5                        -1.69112
                    1905                      -1.6483774
                  1907.5                      -1.6068086
                    1910                      -1.5664151
                  1912.5                      -1.5272186
                    1915                      -1.4892518
                  1917.5                      -1.4525564
                    1920                       -1.417179
                  1922.5                      -1.3831679
                    1925                       -1.350567
                  1927.5                      -1.3194156
                    1930                      -1.2897401
                  1932.5                      -1.2615586
                    1935                      -1.2348696
                  1937.5                      -1.2096574
                    1940                      -1.1858927
                  1942.5                      -1.1635233
                    1945                      -1.1424832
                  1947.5                       -1.122689
                    1950                      -1.1040448
                  1952.5                      -1.0864408
                    1955                      -1.0697606
                  1957.5                      -1.0538787
                    1960                      -1.0386679
                  1962.5                      -1.0240029
                    1965                      -1.0097587
                  1967.5                     -0.99582445
                    1970                     -0.98209201
                  1972.5                     -0.96847065
                    1975                     -0.95488846
                  1977.5                     -0.94128467
                    1980                      -0.9276228
                  1982.5                     -0.91388302
                    1985                     -0.90006456
                  1987.5                     -0.88618757
                    1990                     -0.87228631
                  1992.5                     -0.85840896
                    1995                      -0.8446198
                  1997.5                     -0.83098811
                    2000                     -0.81759232
                  2002.5                     -0.80451303
                    2005                     -0.79182734
                  2007.5                     -0.77960893
                    2010                     -0.76792855
                  2012.5                     -0.75683861
                    2015                     -0.74638723
                  2017.5                     -0.73660269
                    2020                     -0.72749981
                  2022.5                     -0.71907709
                    2025                     -0.71131215
                  2027.5                     -0.70417372
                    2030                     -0.69760884
                  2032.5                     -0.69155317
                    2035                     -0.68593176
                  2037.5                     -0.68065959
                    2040                     -0.67564421
                  2042.5                     -0.67079302
                    2045                     -0.66601144
                  2047.5                     -0.66120635
                    2050                       -0.656296
                  2052.5                     -0.65120439
                    2055                     -0.64586902
                  2057.5                     -0.64024111
                    2060                     -0.63428867
                  2062.5                     -0.62799407
                    2065                     -0.62135944
                  2067.5                     -0.61440196
                    2070                     -0.60715775
                  2072.5                      -0.5996748
                    2075                     -0.59201497
                  2077.5                     -0.58424938
                    2080                     -0.57645569
                  2082.5                     -0.56871996
                    2085                     -0.56112406
                  2087.5                     -0.55375127
                    2090                     -0.54667748
                  2092.5                     -0.53997103
                    2095                      -0.5336891
                  2097.5                     -0.52787766
                    2100                     -0.52256679
                  2102.5                     -0.51776873
                    2105                     -0.51348605
                  2107.5                     -0.50969802
                    2110                     -0.50637106
                  2112.5                     -0.50345867
                    2115                     -0.50089731
                  2117.5                     -0.49861842
                    2120                     -0.49654154
                  2122.5                     -0.49458176
                    2125                     -0.49265242
                  2127.5                     -0.49066828
                    2130                     -0.48854538
                  2132.5                     -0.48621273
                    2135                     -0.48360306
                  2137.5                     -0.48066563
                    2140                     -0.47736224
                  2142.5                     -0.47367218
                    2145                     -0.46958686
                  2147.5                     -0.46511985
                    2150                     -0.46029706
                  2152.5                     -0.45516187
                    2155                     -0.44976791
                  2157.5                     -0.44418536
                    2160                     -0.43848775
                  2162.5                     -0.43275901
                    2165                     -0.42708189
                  2167.5                     -0.42154149
                    2170                     -0.41621819
                  2172.5                     -0.41118604
                    2175                     -0.40651044
                  2177.5                     -0.40224485
                    2180                     -0.39842836
                  2182.5                     -0.39508598
                    2185                     -0.39222537
                  2187.5                     -0.38983991
                    2190                     -0.38790594
                  2192.5                     -0.38638257
                    2195                     -0.38521847
                  2197.5                     -0.38434716
                    2200                     -0.38369739
                  2202.5                     -0.38318378
                    2205                      -0.3827214
                  2207.5                     -0.38222632
                    2210                     -0.38161147
                  2212.5                     -0.38080049
                    2215                     -0.37972202
                  2217.5                     -0.37831932
                    2220                     -0.37654444
                  2222.5                     -0.37436772
                    2225                     -0.37177511
                  2227.5                     -0.36876955
                    2230                     -0.36537038
                  2232.5                     -0.36161303
                    2235                     -0.35754835
                  2237.5                     -0.35323974
                    2240                     -0.34876022
                  2242.5                     -0.34418939
                    2245                     -0.33961605
                  2247.5                     -0.33512411
                    2250                      -0.3308024
                  2252.5                     -0.32672713
                    2255                     -0.32297389
                  2257.5                     -0.31959997
                    2260                     -0.31665864
                  2262.5                     -0.31417952
                    2265                     -0.31218348
                  2267.5                     -0.31066833
                    2270                     -0.30962136
                  2272.5                     -0.30900653
                    2275                     -0.30878012
                  2277.5                     -0.30887781
                    2280                     -0.30922832
                  2282.5                     -0.30975281
                    2285                     -0.31036174
                  2287.5                      -0.3109655
                    2290                     -0.31147607
                  2292.5                     -0.31180709
                    2295                     -0.31188289
                  2297.5                     -0.31163444
                    2300                     -0.31100747
                  2302.5                     -0.30996315
                    2305                     -0.30847595
                  2307.5                      -0.3065414
                    2310                     -0.30417237
                  2312.5                     -0.30139755
                    2315                     -0.29826047
                  2317.5                     -0.29482273
                    2320                     -0.29115782
                  2322.5                     -0.28734737
                    2325                     -0.28347791
                  2327.5                      -0.2796422
                    2330                      -0.2759317
                  2332.5                     -0.27243549
                    2335                     -0.26923176
                  2337.5                     -0.26639311
                    2340                     -0.26397741
                  2342.5                     -0.26202808
                    2345                     -0.26057397
                  2347.5                     -0.25962185
                    2350                     -0.25916478
                  2352.5                     -0.25917639
                    2355                      -0.2596132
                  2357.5                     -0.26041957
                    2360                     -0.26151919
                  2362.5                     -0.26283281
                    2365                     -0.26427015
                  2367.5                     -0.26573386
                    2370                     -0.26712821
                  2372.5                     -0.26836146
                    2375                     -0.26934459
                  2377.5                     -0.27000105
                    2380                     -0.27026351
                  2382.5                      -0.2700818
                    2385                     -0.26942305
                  2387.5                      -0.2682705
                    2390                     -0.26663099
                  2392.5                     -0.26452551
                    2395                     -0.26199538
                  2397.5                     -0.25910072
                    2400                     -0.25591109
                  2402.5                     -0.25251299
                    2405                     -0.24900015
                  2407.5                     -0.24546951
                    2410                      -0.2420225
                  2412.5                     -0.23875583
                    2415                     -0.23576345
                  2417.5                     -0.23312442
                    2420                     -0.23091305
                  2422.5                     -0.22918113
                    2425                     -0.22796985
                  2427.5                     -0.22729679
                    2430                     -0.22716255
                  2432.5                     -0.22754715
                    2435                     -0.22841249
                  2437.5                     -0.22970236
                    2440                     -0.23134416
                  2442.5                     -0.23325245
                    2445                     -0.23533183
                  2447.5                     -0.23747995
                    2450                     -0.23959119
                  2452.5                      -0.2415592
                    2455                     -0.24328678
                  2457.5                     -0.24468044
                    2460                     -0.24566301
                  2462.5                     -0.24616994
                    2465                      -0.2461554
                  2467.5                     -0.24559424
                    2470                      -0.2444818
                  2472.5                     -0.24283312
                    2475                     -0.24068582
                  2477.5                     -0.23809791
                    2480                       -0.235141
                  2482.5                     -0.23190664
                    2485                     -0.22849227
                  2487.5                     -0.22500686
                    2490                     -0.22156267
                  2492.5                     -0.21826906
                    2495                     -0.21523119
                  2497.5                     -0.21254922
                    2500                     -0.21030711
                  2502.5                     -0.20857272
                    2505                     -0.20739951
                  2507.5                     -0.20681759
                    2510                      -0.2068381
                  2512.5                     -0.20744662
                    2515                      -0.2086098
                  2517.5                     -0.21027386
                    2520                     -0.21236425
                  2522.5                     -0.21479187
                    2525                     -0.21745248
                  2527.5                     -0.22023346
                    2530                     -0.22301749
                  2532.5                     -0.22568505
                    2535                     -0.22812074
                  2537.5                     -0.23021498
                    2540                     -0.23187353
                  2542.5                     -0.23301584
                    2545                     -0.23358025
                  2547.5                     -0.23352968
                    2550                     -0.23284663
                  2552.5                     -0.23153781
                    2555                     -0.22963868
                  2557.5                     -0.22720236
                    2560                     -0.22430576
                  2562.5                     -0.22104402
                    2565                     -0.21752515
                  2567.5                     -0.21387064
                    2570                     -0.21020469
                  2572.5                     -0.20665674
                    2575                     -0.20334857
                  2577.5                     -0.20039856
                    2580                     -0.19790963
                  2582.5                     -0.19596912
                    2585                     -0.19464644
                  2587.5                     -0.19398646
                    2590                     -0.19401146
                  2592.5                     -0.19471776
                    2595                     -0.19607759
                  2597.5                     -0.19803816
                    2600                      -0.2005233
                  2602.5                     -0.20343636
                    2605                     -0.20666724
                  2607.5                     -0.21008667
                    2610                     -0.21356449
                  2612.5                     -0.21695997
                    2615                     -0.22013737
                  2617.5                     -0.22296802
                    2620                     -0.22533395
                  2622.5                     -0.22713412
                    2625                     -0.22828891
                  2627.5                     -0.22874192
                    2630                     -0.22846126
                  2632.5                     -0.22744682
                    2635                      -0.2257234
                  2637.5                     -0.22334569
                    2640                     -0.22039169
                  2642.5                     -0.21696582
                    2645                     -0.21318665
                  2647.5                     -0.20919077
                    2650                     -0.20512417
                  2652.5                     -0.20113478
                    2655                     -0.19737097
                  2657.5                     -0.19397222
                    2660                     -0.19106668
                  2662.5                     -0.18876768
                    2665                     -0.18716345
                  2667.5                      -0.1863186
                    2670                     -0.18627154
                  2672.5                     -0.18703094
                    2675                     -0.18857547
                  2677.5                     -0.19085577
                    2680                     -0.19379399
                  2682.5                     -0.19728536
                    2685                     -0.20120642
                  2687.5                     -0.20541415
                    2690                     -0.20975403
                  2692.5                     -0.21406354
                    2695                     -0.21818128
                  2697.5                      -0.2219481
                    2700                     -0.22521937
                  2702.5                     -0.22786645
                    2705                     -0.22978172
                  2707.5                     -0.23088775
                    2710                     -0.23113387
                  2712.5                     -0.23050465
                    2715                     -0.22901761
                  2717.5                     -0.22672342
                    2720                     -0.22370475
                  2722.5                     -0.22007301
                    2725                     -0.21596392
                  2727.5                     -0.21153406
                    2730                     -0.20695228
                  2732.5                     -0.20239697
                    2735                     -0.19804726
                  2737.5                     -0.19407337
                    2740                     -0.19063726
                  2742.5                     -0.18788234
                    2745                     -0.18592568
                  2747.5                     -0.18485885
                    2750                     -0.18474127
                  2752.5                      -0.1855999
                    2755                     -0.18742335
                  2757.5                     -0.19016664
                    2760                     -0.19375029
                  2762.5                     -0.19806278
                    2765                     -0.20296502
                  2767.5                     -0.20829397
                    2770                     -0.21386841
                  2772.5                     -0.21949555
                    2775                     -0.22497868
                  2777.5                     -0.23012461
                    2780                     -0.23474816
                  2782.5                     -0.23868701
                    2785                     -0.24179799
                  2787.5                     -0.24397101
                    2790                     -0.24513077
                  2792.5                      -0.2452419
                    2795                     -0.24430891
                  2797.5                     -0.24237693
                    2800                     -0.23953214
                  2802.5                     -0.23589665
                    2805                     -0.23162669
                  2807.5                     -0.22690273
                    2810                     -0.22192965
                  2812.5                     -0.21691879
                    2815                     -0.21209115
                  2817.5                      -0.2076619
                    2820                     -0.20383453
                  2822.5                     -0.20079511
                    2825                     -0.19869986
                  2827.5                      -0.1976765
                    2830                     -0.19781553
                  2832.5                     -0.19916585
                    2835                     -0.20173198
                  2837.5                     -0.20548001
                    2840                     -0.21032708
                  2842.5                     -0.21615508
                    2845                     -0.22280392
                  2847.5                     -0.23008381
                    2850                     -0.23778177
                  2852.5                      -0.2456612
                    2855                      -0.2534801
                  2857.5                     -0.26099499
                    2860                     -0.26796851
                  2862.5                     -0.27418352
                    2865                     -0.27944958
                  2867.5                     -0.28360935
                    2870                     -0.28654922
                  2872.5                         -0.2882
                    2875                     -0.28854389
                  2877.5                     -0.28761734
                    2880                     -0.28550292
                  2882.5                     -0.28233537
                    2885                     -0.27829031
                  2887.5                      -0.2735827
                    2890                     -0.26845335
                  2892.5                     -0.26316512
                    2895                     -0.25798935
                  2897.5                     -0.25319823
                    2900                     -0.24905247
                  2902.5                       -0.245793
                    2905                     -0.24363006
                  2907.5                     -0.24274101
                    2910                     -0.24325141
                  2912.5                      -0.2452464
                    2915                     -0.24875321
                  2917.5                     -0.25374589
                    2920                     -0.26014529
                  2922.5                     -0.26781407
                    2925                     -0.27657313
                  2927.5                     -0.28619424
                    2930                     -0.29641432
                  2932.5                     -0.30694349
                    2935                     -0.31747227
                  2937.5                     -0.32768459
                    2940                     -0.33727262
                  2942.5                     -0.34594233
                    2945                     -0.35343295
                  2947.5                     -0.35952023
                    2950                     -0.36403254
                  2952.5                     -0.36685637
                    2955                     -0.36793945
                  2957.5                     -0.36730025
                    2960                     -0.36502236
                  2962.5                      -0.3612526
                    2965                     -0.35619808
                  2967.5                     -0.35011915
                    2970                     -0.34331539
                  2972.5                     -0.33611828
                    2975                     -0.32887535
                  2977.5                     -0.32194008
                    2980                     -0.31565592
                  2982.5                     -0.31034571
                    2985                     -0.30629941
                  2987.5                       -0.303763
                    2990                     -0.30292776
                  2992.5                     -0.30392514
                    2995                     -0.30682122
                  2997.5                     -0.31161473
                    3000                     -0.31822874

