        Frequency / MHz                S1,1/abs,dB
----------------------------------------------------------------------
                     500                    -0.019418292
                   502.5                   -0.0082299999
                     505                   -0.0017459669
                   507.5                  -3.7136277e-07
                     510                   -0.0026923254
                   512.5                   -0.0092436966
                     515                    -0.018840899
                   517.5                    -0.030514873
                     520                    -0.043207683
                   522.5                    -0.055857545
                     525                    -0.067473333
                   527.5                    -0.077205472
                     530                    -0.084400356
                   532.5                     -0.08864667
                     535                    -0.089785075
                   537.5                    -0.087914838
                     540                    -0.083365229
                   542.5                    -0.076653323
                     545                    -0.068439375
                   547.5                    -0.059452424
                     550                    -0.050439477
                   552.5                    -0.042102331
                     555                    -0.035044132
                   557.5                    -0.029734708
                     560                    -0.026476229
                   562.5                    -0.025398928
                     565                    -0.026452566
                   567.5                    -0.029424196
                     570                    -0.033959884
                   572.5                    -0.039592338
                     575                    -0.045795059
                   577.5                    -0.052008867
                     580                    -0.057700998
                   582.5                     -0.06240306
                     585                    -0.065737672
                   587.5                    -0.067463491
                     590                    -0.067478632
                   592.5                    -0.065828331
                     595                    -0.062699452
                   597.5                    -0.058396135
                     600                    -0.053315247
                   602.5                    -0.047913347
                     605                    -0.042659918
                   607.5                     -0.03800527
                     610                    -0.034344794
                   612.5                    -0.031989697
                     615                    -0.031139988
                   617.5                     -0.03187703
                     620                    -0.034151507
                   622.5                    -0.037797146
                     625                    -0.042535605
                   627.5                    -0.048005596
                     630                    -0.053786178
                   632.5                    -0.059433326
                     635                    -0.064512133
                   637.5                    -0.068630982
                     640                    -0.071476629
                   642.5                    -0.072831346
                     645                    -0.072603356
                   647.5                    -0.070817216
                     650                    -0.067631179
                   652.5                    -0.063306121
                     655                    -0.058198312
                   657.5                    -0.052727682
                     660                    -0.047343103
                   662.5                    -0.042489004
                     665                    -0.038576502
                   667.5                    -0.035947926
                     670                    -0.034855039
                   672.5                    -0.035438749
                     675                    -0.037720261
                   677.5                    -0.041596082
                     680                    -0.046848224
                   682.5                    -0.053156456
                     685                     -0.06011812
                   687.5                    -0.067281246
                     690                    -0.074173079
                   692.5                    -0.080333079
                     695                    -0.085350717
                   697.5                    -0.088899161
                     700                    -0.090749025
                   702.5                    -0.090802099
                     705                    -0.089088728
                   707.5                    -0.085769955
                     710                    -0.081131835
                   712.5                    -0.075554378
                     715                    -0.069491084
                   717.5                    -0.063436126
                     720                    -0.057888837
                   722.5                    -0.053316589
                     725                    -0.050124768
                   727.5                    -0.048625602
                     730                     -0.04902217
                   732.5                    -0.051389153
                     735                     -0.05566825
                   737.5                    -0.061671611
                     740                    -0.069092885
                   742.5                    -0.077523614
                     745                    -0.086485168
                   747.5                    -0.095453568
                     750                     -0.10390291
                   752.5                      -0.1113367
                     755                     -0.11732419
                   757.5                     -0.12153819
                     760                     -0.12377101
                   762.5                     -0.12396029
                     765                     -0.12218898
                   767.5                     -0.11868392
                     770                     -0.11379855
                   772.5                      -0.1079907
                     775                     -0.10178711
                   777.5                    -0.095752977
                     780                    -0.090448983
                   782.5                      -0.0863936
                     785                     -0.08403148
                   787.5                    -0.083703475
                     790                    -0.085619766
                   792.5                     -0.08985374
                     795                    -0.096325979
                   797.5                     -0.10481734
                     800                     -0.11497452
                   802.5                     -0.12633289
                     805                     -0.13834843
                   807.5                     -0.15042786
                     810                     -0.16196999
                   812.5                     -0.17240788
                     815                      -0.1812486
                   817.5                     -0.18810976
                     820                     -0.19274782
                   822.5                      -0.1950805
                     825                     -0.19519205
                   827.5                     -0.19333429
                     830                     -0.18990608
                   832.5                     -0.18542905
                     835                     -0.18051569
                   837.5                     -0.17582455
                     840                     -0.17202025
                   842.5                     -0.16973029
                     845                     -0.16950365
                   847.5                     -0.17177819
                     850                     -0.17685412
                   852.5                     -0.18487018
                     855                     -0.19579886
                   857.5                     -0.20944328
                     860                     -0.22544945
                   862.5                     -0.24332354
                     865                     -0.26246213
                   867.5                     -0.28218914
                     870                     -0.30179887
                   872.5                      -0.3206062
                     875                     -0.33798964
                   877.5                     -0.35344138
                     880                     -0.36661215
                   882.5                     -0.37733225
                     885                     -0.38563533
                   887.5                     -0.39176608
                     890                     -0.39616194
                   892.5                     -0.39943919
                     895                     -0.40234667
                   897.5                     -0.40573465
                     900                     -0.41049437
                   902.5                     -0.41751226
                     905                     -0.42761877
                   907.5                     -0.44154708
                     910                     -0.45989057
                   912.5                      -0.4830755
                     915                     -0.51133722
                   917.5                     -0.54471435
                     920                     -0.58304581
                   922.5                     -0.62598109
                     925                     -0.67301004
                   927.5                     -0.72348799
                     930                     -0.77668897
                   932.5                      -0.8318521
                     935                     -0.88825122
                   937.5                     -0.94524989
                     940                      -1.0023711
                   942.5                      -1.0593608
                     945                      -1.1162226
                   947.5                      -1.1732622
                     950                      -1.2311061
                   952.5                      -1.2906907
                     955                      -1.3532473
                   957.5                       -1.420259
                     960                      -1.4934151
                   962.5                      -1.5745432
                     965                      -1.6655483
                   967.5                      -1.7683317
                     970                      -1.8847286
                   972.5                      -2.0164282
                     975                      -2.1648977
                   977.5                       -2.331299
                     980                      -2.5164046
                   982.5                      -2.7204798
                     985                      -2.9431631
                   987.5                      -3.1833163
                     990                      -3.4388427
                   992.5                      -3.7064994
                     995                      -3.9816851
                   997.5                       -4.258276
                    1000                      -4.5285267
                  1002.5                      -4.7831646
                    1005                      -5.0117268
                  1007.5                      -5.2032594
                    1010                      -5.3473734
                  1012.5                      -5.4355517
                    1015                      -5.4624206
                  1017.5                       -5.426652
                    1020                      -5.3311806
                  1022.5                       -5.182683
                    1025                      -4.9904735
                  1027.5                      -4.7651825
                    1030                      -4.5175301
                  1032.5                      -4.2574099
                    1035                      -3.9933534
                  1037.5                      -3.7323092
                    1040                      -3.4796356
                  1042.5                      -3.2392492
                    1045                      -3.0138104
                  1047.5                      -2.8049357
                    1050                      -2.6133888
                  1052.5                      -2.4392494
                    1055                      -2.2820613
                  1057.5                      -2.1409526
                    1060                      -2.0147368
                  1062.5                      -1.9020023
                    1065                      -1.8011888
                  1067.5                      -1.7106648
                    1070                      -1.6287794
                  1072.5                      -1.5539379
                    1075                      -1.4846457
                  1077.5                      -1.4195623
                    1080                      -1.3575377
                  1082.5                      -1.2976524
                    1085                      -1.2392135
                  1087.5                      -1.1817815
                    1090                      -1.1251506
                  1092.5                      -1.0693208
                    1095                      -1.0144819
                  1097.5                     -0.96095726
                    1100                     -0.90917499
                  1102.5                     -0.85960805
                    1105                     -0.81273853
                  1107.5                     -0.76901629
                    1110                     -0.72882756
                  1112.5                      -0.6924558
                    1115                     -0.66007721
                  1117.5                     -0.63173408
                    1120                     -0.60734313
                  1122.5                     -0.58669096
                    1125                     -0.56944452
                  1127.5                     -0.55517027
                    1130                     -0.54335356
                  1132.5                     -0.53342544
                    1135                     -0.52479169
                  1137.5                     -0.51686123
                    1140                     -0.50907948
                  1142.5                     -0.50095181
                    1145                     -0.49207164
                  1147.5                     -0.48213707
                    1150                     -0.47096798
                  1152.5                     -0.45850139
                    1155                     -0.44479928
                  1157.5                     -0.43003354
                    1160                     -0.41446734
                  1162.5                     -0.39843918
                    1165                     -0.38233446
                  1167.5                     -0.36655767
                    1170                     -0.35150956
                  1172.5                     -0.33755925
                    1175                     -0.32502217
                  1177.5                      -0.3141454
                    1180                      -0.3050878
                  1182.5                     -0.29791961
                    1185                     -0.29261384
                  1187.5                     -0.28905265
                    1190                     -0.28703598
                  1192.5                     -0.28628632
                    1195                     -0.28647701
                  1197.5                     -0.28724139
                    1200                     -0.28819748
                  1202.5                     -0.28897725
                    1205                     -0.28923608
                  1207.5                     -0.28868319
                    1210                     -0.28709253
                  1212.5                     -0.28432088
                    1215                     -0.28030884
                  1217.5                     -0.27508747
                    1220                     -0.26877613
                  1222.5                     -0.26156381
                    1225                     -0.25370857
                  1227.5                     -0.24551313
                    1230                     -0.23730244
                  1232.5                     -0.22940905
                    1235                     -0.22214641
                  1237.5                     -0.21579685
                    1240                     -0.21058718
                  1242.5                     -0.20668216
                    1245                     -0.20416915
                  1247.5                     -0.20305895
                    1250                     -0.20328213
                  1252.5                     -0.20469513
                    1255                     -0.20708492
                  1257.5                     -0.21019196
                    1260                     -0.21371172
                  1262.5                     -0.21732559
                    1265                     -0.22071366
                  1267.5                     -0.22357581
                    1270                     -0.22565398
                  1272.5                     -0.22674318
                    1275                     -0.22670754
                  1277.5                     -0.22549142
                    1280                     -0.22311486
                  1282.5                     -0.21968243
                    1285                     -0.21537003
                  1287.5                     -0.21041299
                    1290                     -0.20509476
                  1292.5                     -0.19972384
                    1295                     -0.19461792
                  1297.5                     -0.19008235
                    1300                     -0.18639344
                  1302.5                     -0.18377575
                    1305                     -0.18239312
                  1307.5                     -0.18233844
                    1310                     -0.18362509
                  1312.5                     -0.18618785
                    1315                     -0.18988658
                  1317.5                     -0.19451341
                    1320                     -0.19980351
                  1322.5                     -0.20545454
                    1325                     -0.21114306
                  1327.5                     -0.21654535
                    1330                     -0.22136003
                  1332.5                      -0.2253243
                    1335                     -0.22823349
                  1337.5                     -0.22995901
                    1340                      -0.2304517
                  1342.5                     -0.22974764
                    1345                     -0.22797131
                  1347.5                     -0.22532278
                    1350                      -0.2220655
                  1352.5                       -0.218514
                    1355                     -0.21501067
                  1357.5                     -0.21190276
                    1360                     -0.20952518
                  1362.5                     -0.20817187
                    1365                     -0.20808621
                  1367.5                     -0.20944017
                    1370                     -0.21231935
                  1372.5                     -0.21672683
                    1375                      -0.2225743
                  1377.5                      -0.2296864
                    1380                     -0.23781369
                  1382.5                     -0.24664965
                    1385                     -0.25584004
                  1387.5                     -0.26501399
                    1390                     -0.27380667
                  1392.5                     -0.28187827
                    1395                     -0.28894591
                  1397.5                     -0.29479783
                    1400                     -0.29931244
                  1402.5                     -0.30246973
                    1405                     -0.30435383
                  1407.5                     -0.30515097
                    1410                     -0.30513697
                  1412.5                     -0.30466468
                    1415                     -0.30414057
                  1417.5                     -0.30399835
                    1420                     -0.30467583
                  1422.5                     -0.30658391
                    1425                     -0.31008469
                  1427.5                     -0.31546463
                    1430                     -0.32292072
                  1432.5                     -0.33254361
                    1435                     -0.34431427
                  1437.5                     -0.35810109
                    1440                     -0.37366718
                  1442.5                     -0.39068597
                    1445                       -0.408756
                  1447.5                     -0.42743226
                    1450                     -0.44625147
                  1452.5                     -0.46476715
                    1455                     -0.48257944
                  1457.5                     -0.49937115
                    1460                     -0.51493306
                  1462.5                     -0.52918366
                    1465                     -0.54218681
                  1467.5                     -0.55415368
                    1470                     -0.56543667
                  1472.5                     -0.57651685
                    1475                      -0.5879775
                  1477.5                     -0.60047732
                    1480                     -0.61471653
                  1482.5                     -0.63139322
                    1485                     -0.65117712
                  1487.5                     -0.67466957
                    1490                     -0.70237171
                  1492.5                     -0.73466905
                    1495                     -0.77180042
                  1497.5                     -0.81386942
                    1500                     -0.86082401
                  1502.5                     -0.91248044
                    1505                     -0.96853998
                  1507.5                       -1.028617
                    1510                      -1.0922802
                  1512.5                      -1.1591012
                    1515                      -1.2287056
                  1517.5                      -1.3008344
                    1520                      -1.3754055
                  1522.5                      -1.4525568
                    1525                      -1.5327072
                  1527.5                      -1.6165907
                    1530                      -1.7052763
                  1532.5                      -1.8001832
                    1535                      -1.9030832
                  1537.5                      -2.0160752
                    1540                      -2.1415818
                  1542.5                      -2.2823049
                    1545                      -2.4412179
                  1547.5                      -2.6215353
                    1550                      -2.8267042
                  1552.5                      -3.0604043
                    1555                       -3.326556
                  1557.5                      -3.6293454
                    1560                      -3.9732684
                  1562.5                      -4.3631671
                    1565                      -4.8042892
                  1567.5                      -5.3023179
                    1570                      -5.8633667
                  1572.5                      -6.4938422
                    1575                      -7.2000663
                  1577.5                      -7.9873251
                    1580                      -8.8577613
                  1582.5                      -9.8059254
                    1585                      -10.809929
                  1587.5                      -11.815775
                    1590                      -12.716521
                  1592.5                      -13.346004
                    1595                      -13.532488
                  1597.5                      -13.215308
                    1600                      -12.498192
                  1602.5                      -11.561664
                    1605                       -10.55688
                  1607.5                      -9.5736916
                    1610                      -8.6548633
                  1612.5                      -7.8162885
                    1615                      -7.0605497
                  1617.5                      -6.3842381
                    1620                      -5.7815687
                  1622.5                      -5.2460845
                    1625                      -4.7713722
                  1627.5                      -4.3513748
                    1630                       -3.980476
                  1632.5                      -3.6534849
                    1635                      -3.3656033
                  1637.5                      -3.1123775
                    1640                      -2.8896537
                  1642.5                      -2.6935501
                    1645                      -2.5204413
                  1647.5                      -2.3669548
                    1650                       -2.229973
                  1652.5                      -2.1066556
                    1655                      -1.9944573
                  1657.5                      -1.8911591
                    1660                      -1.7948807
                  1662.5                      -1.7040934
                    1665                      -1.6176283
                  1667.5                      -1.5346642
                    1670                      -1.4547006
                  1672.5                       -1.377524
                    1675                      -1.3031568
                  1677.5                      -1.2318054
                    1680                      -1.1638035
                  1682.5                      -1.0995453
                    1685                      -1.0394371
                  1687.5                     -0.98384515
                    1690                     -0.93305769
                  1692.5                     -0.88724804
                    1695                     -0.84645945
                  1697.5                     -0.81059043
                    1700                      -0.7793981
                  1702.5                     -0.75249958
                    1705                     -0.72939324
                  1707.5                     -0.70948274
                    1710                     -0.69210624
                  1712.5                     -0.67656765
                    1715                     -0.66217916
                  1717.5                     -0.64829186
                    1720                     -0.63433184
                  1722.5                     -0.61982974
                    1725                     -0.60444404
                  1727.5                     -0.58797217
                    1730                     -0.57035715
                  1732.5                     -0.55168345
                    1735                     -0.53215965
                  1737.5                     -0.51209568
                    1740                     -0.49187871
                  1742.5                      -0.4719383
                    1745                      -0.4527115
                  1747.5                     -0.43461715
                    1750                     -0.41802204
                  1752.5                     -0.40322117
                    1755                     -0.39041092
                  1757.5                     -0.37968834
                    1760                     -0.37104222
                  1762.5                     -0.36435082
                    1765                     -0.35939856
                  1767.5                     -0.35588389
                    1770                     -0.35344303
                  1772.5                      -0.3516742
                    1775                     -0.35016036
                  1777.5                     -0.34849652
                    1780                     -0.34631749
                  1782.5                     -0.34332306
                    1785                     -0.33928593
                  1787.5                     -0.33407867
                    1790                     -0.32766842
                  1792.5                     -0.32012351
                    1795                     -0.31159978
                  1797.5                     -0.30233245
                    1800                     -0.29261388
                  1802.5                     -0.28277321
                    1805                     -0.27315151
                  1807.5                     -0.26407695
                    1810                      -0.2558481
                  1812.5                     -0.24870655
                    1815                      -0.2428285
                  1817.5                      -0.2383135
                    1820                     -0.23517224
                  1822.5                     -0.23333768
                    1825                     -0.23266455
                  1827.5                     -0.23293727
                    1830                     -0.23389394
                  1832.5                     -0.23523517
                    1835                     -0.23664662
                  1837.5                     -0.23782552
                    1840                     -0.23849251
                  1842.5                     -0.23841578
                    1845                     -0.23742394
                  1847.5                     -0.23541822
                    1850                     -0.23237535
                  1852.5                     -0.22835206
                    1855                      -0.2234753
                  1857.5                     -0.21793154
                    1860                     -0.21195902
                  1862.5                     -0.20582455
                    1865                     -0.19980394
                  1867.5                     -0.19416738
                    1870                     -0.18915938
                  1872.5                     -0.18497918
                    1875                     -0.18177507
                  1877.5                     -0.17962795
                    1880                     -0.17855335
                  1882.5                     -0.17849525
                    1885                     -0.17933674
                  1887.5                     -0.18090155
                    1890                     -0.18297569
                  1892.5                     -0.18530922
                    1895                     -0.18764906
                  1897.5                     -0.18974071
                    1900                     -0.19135735
                  1902.5                     -0.19230906
                    1905                     -0.19245569
                  1907.5                     -0.19172003
                    1910                     -0.19008496
                  1912.5                      -0.1876044
                    1915                     -0.18438969
                  1917.5                     -0.18060272
                    1920                      -0.1764485
                  1922.5                     -0.17215413
                    1925                     -0.16795664
                  1927.5                     -0.16408908
                    1930                     -0.16075548
                  1932.5                     -0.15812868
                    1935                     -0.15632963
                  1937.5                     -0.15542902
                    1940                     -0.15543126
                  1942.5                      -0.1562888
                    1945                     -0.15789186
                  1947.5                     -0.16008763
                    1950                     -0.16268723
                  1952.5                     -0.16547375
                    1955                     -0.16822187
                  1957.5                     -0.17071555
                    1960                     -0.17275888
                  1962.5                     -0.17418821
                    1965                     -0.17488732
                  1967.5                     -0.17479406
                    1970                     -0.17390192
                  1972.5                     -0.17226458
                    1975                      -0.1699823
                  1977.5                     -0.16720885
                    1980                     -0.16412572
                  1982.5                     -0.16094018
                    1985                     -0.15786301
                  1987.5                     -0.15509823
                    1990                      -0.1528273
                  1992.5                      -0.1512011
                    1995                     -0.15032156
                  1997.5                     -0.15024653
                    2000                     -0.15097526
                  2002.5                     -0.15245493
                    2005                     -0.15458411
                  2007.5                     -0.15722112
                    2010                     -0.16018694
                  2012.5                     -0.16328846
                    2015                      -0.1663205
                  2017.5                     -0.16908723
                    2020                     -0.17141597
                  2022.5                     -0.17316379
                    2025                     -0.17422939
                  2027.5                     -0.17456757
                    2030                     -0.17417582
                  2032.5                      -0.1731125
                    2035                     -0.17147849
                  2037.5                     -0.16941752
                    2040                      -0.1671002
                  2042.5                     -0.16472082
                    2045                     -0.16247205
                  2047.5                     -0.16053945
                    2050                     -0.15908832
                  2052.5                     -0.15824965
                    2055                     -0.15811707
                  2057.5                     -0.15872947
                    2060                     -0.16008239
                  2062.5                     -0.16211902
                    2065                     -0.16473635
                  2067.5                     -0.16779641
                    2070                     -0.17112987
                  2072.5                     -0.17455356
                    2075                     -0.17787568
                  2077.5                     -0.18091585
                    2080                     -0.18351585
                  2082.5                     -0.18554911
                    2085                     -0.18692711
                  2087.5                     -0.18761358
                    2090                     -0.18761908
                  2092.5                      -0.1870025
                    2095                     -0.18586937
                  2097.5                     -0.18435889
                    2100                     -0.18263874
                  2102.5                     -0.18089023
                    2105                     -0.17930074
                  2107.5                      -0.1780413
                    2110                     -0.17726426
                  2112.5                     -0.17708801
                    2115                     -0.17759184
                  2117.5                     -0.17880612
                    2120                     -0.18071709
                  2122.5                     -0.18326188
                    2125                      -0.1863356
                  2127.5                     -0.18979931
                    2130                     -0.19348739
                  2132.5                     -0.19722057
                    2135                     -0.20081685
                  2137.5                     -0.20410688
                    2140                     -0.20694045
                  2142.5                     -0.20920494
                    2145                     -0.21082493
                  2147.5                      -0.2117725
                    2150                     -0.21206793
                  2152.5                     -0.21177661
                    2155                     -0.21100812
                  2157.5                     -0.20990494
                    2160                     -0.20863181
                  2162.5                     -0.20736861
                    2165                     -0.20629169
                  2167.5                      -0.2055673
                    2170                     -0.20533604
                  2172.5                     -0.20570823
                    2175                     -0.20674948
                  2177.5                     -0.20848161
                    2180                     -0.21087918
                  2182.5                     -0.21387331
                    2185                     -0.21735213
                  2187.5                     -0.22117244
                    2190                      -0.2251699
                  2192.5                     -0.22916355
                    2195                     -0.23297858
                  2197.5                     -0.23644911
                    2200                     -0.23943402
                  2202.5                     -0.24183125
                    2205                     -0.24357421
                  2207.5                     -0.24464547
                    2210                     -0.24507461
                  2212.5                     -0.24493804
                    2215                     -0.24434905
                  2217.5                     -0.24345548
                    2220                     -0.24242462
                  2222.5                     -0.24143585
                    2225                     -0.24066222
                  2227.5                     -0.24026345
                    2230                     -0.24037223
                  2232.5                     -0.24109064
                    2235                      -0.2424728
                  2237.5                     -0.24452855
                    2240                      -0.2472247
                  2242.5                     -0.25047854
                    2245                     -0.25417265
                  2247.5                     -0.25815564
                    2250                     -0.26225743
                  2252.5                     -0.26629737
                    2255                     -0.27010086
                  2257.5                     -0.27350552
                    2260                        -0.27638
                  2262.5                      -0.2786246
                    2265                     -0.28018783
                  2267.5                     -0.28106104
                    2270                     -0.28128778
                  2272.5                      -0.2809524
                    2275                     -0.28017824
                  2277.5                     -0.27912202
                    2280                     -0.27795562
                  2282.5                     -0.27685961
                    2285                     -0.27600697
                  2287.5                     -0.27555312
                    2290                     -0.27562682
                  2292.5                     -0.27631901
                    2295                     -0.27767229
                  2297.5                     -0.27968718
                    2300                      -0.2823149
                  2302.5                     -0.28546324
                    2305                     -0.28899926
                  2307.5                     -0.29276456
                    2310                     -0.29658224
                  2312.5                     -0.30026557
                    2315                     -0.30363876
                  2317.5                     -0.30654236
                    2320                     -0.30884856
                  2322.5                     -0.31046836
                    2325                     -0.31135803
                  2327.5                     -0.31152262
                    2330                     -0.31101878
                  2332.5                      -0.3099412
                    2335                     -0.30842946
                  2337.5                     -0.30664714
                    2340                       -0.304774
                  2342.5                     -0.30299587
                    2345                     -0.30148642
                  2347.5                     -0.30039867
                    2350                     -0.29985374
                  2352.5                     -0.29993318
                    2355                     -0.30066925
                  2357.5                     -0.30204659
                    2360                     -0.30400247
                  2362.5                        -0.30643
                    2365                     -0.30918384
                  2367.5                     -0.31209088
                    2370                     -0.31496488
                  2372.5                     -0.31761556
                    2375                     -0.31986282
                  2377.5                     -0.32154936
                    2380                     -0.32255364
                  2382.5                     -0.32279554
                    2385                     -0.32224744
                  2387.5                     -0.32092823
                    2390                     -0.31890788
                  2392.5                     -0.31630289
                    2395                     -0.31326457
                  2397.5                     -0.30997346
                    2400                      -0.3066189
                  2402.5                     -0.30339648
                    2405                     -0.30047897
                  2407.5                     -0.29802417
                    2410                     -0.29614706
                  2412.5                     -0.29491875
                    2415                     -0.29436331
                  2417.5                     -0.29445068
                    2420                     -0.29510557
                  2422.5                     -0.29620284
                    2425                     -0.29758458
                  2427.5                     -0.29906998
                    2430                     -0.30046052
                  2432.5                     -0.30156175
                    2435                     -0.30219502
                  2437.5                     -0.30220748
                    2440                     -0.30148702
                  2442.5                     -0.29996701
                    2445                      -0.2976362
                  2447.5                       -0.294534
                    2450                     -0.29075463
                  2452.5                      -0.2864311
                    2455                     -0.28173844
                  2457.5                     -0.27687285
                    2460                     -0.27203784
                  2462.5                      -0.2674415
                    2465                     -0.26326337
                  2467.5                      -0.2596596
                    2470                     -0.25674196
                  2472.5                     -0.25457536
                    2475                     -0.25317057
                  2477.5                     -0.25248556
                    2480                     -0.25242627
                  2482.5                     -0.25285318
                    2485                     -0.25359457
                  2487.5                     -0.25445254
                    2490                     -0.25522006
                  2492.5                     -0.25569853
                    2495                     -0.25570275
                  2497.5                     -0.25508555
                    2500                     -0.25374161
                  2502.5                     -0.25161725
                    2505                     -0.24871252
                  2507.5                     -0.24508827
                    2510                     -0.24085535
                  2512.5                     -0.23617189
                    2515                      -0.2312261
                  2517.5                     -0.22623142
                    2520                     -0.22140671
                  2522.5                     -0.21696181
                    2525                      -0.2130862
                  2527.5                     -0.20992903
                    2530                     -0.20759592
                  2532.5                     -0.20614044
                    2535                     -0.20555701
                  2537.5                     -0.20578156
                    2540                     -0.20669902
                  2542.5                     -0.20814819
                    2545                     -0.20993107
                  2547.5                     -0.21183147
                    2550                     -0.21362397
                  2552.5                     -0.21509376
                    2555                     -0.21604988
                  2557.5                     -0.21634049
                    2560                     -0.21586146
                  2562.5                     -0.21456778
                    2565                     -0.21247443
                  2567.5                      -0.2096564
                    2570                      -0.2062436
                  2572.5                     -0.20241266
                    2575                     -0.19837556
                  2577.5                     -0.19436108
                    2580                     -0.19060368
                  2582.5                      -0.1873247
                    2585                      -0.1847123
                  2587.5                      -0.1829219
                    2590                      -0.1820481
                  2592.5                     -0.18213201
                    2595                     -0.18314832
                  2597.5                     -0.18501382
                    2600                     -0.18758466
                  2602.5                     -0.19067239
                    2605                     -0.19405687
                  2607.5                     -0.19749266
                    2610                      -0.2007343
                  2612.5                     -0.20354972
                    2615                     -0.20573963
                  2617.5                     -0.20714405
                    2620                     -0.20767028
                  2622.5                     -0.20727822
                    2625                      -0.2060012
                  2627.5                     -0.20393889
                    2630                     -0.20124614
                  2632.5                     -0.19812945
                    2635                     -0.19482727
                  2637.5                     -0.19159501
                    2640                     -0.18868756
                  2642.5                     -0.18634305
                    2645                     -0.18476098
                  2647.5                     -0.18409835
                    2650                     -0.18444482
                  2652.5                     -0.18582833
                    2655                     -0.18820449
                  2657.5                     -0.19146201
                    2660                     -0.19543353
                  2662.5                     -0.19989794
                    2665                     -0.20460061
                  2667.5                     -0.20926957
                    2670                     -0.21363575
                  2672.5                      -0.2174457
                    2675                     -0.22048951
                  2677.5                      -0.2226073
                    2680                     -0.22370793
                  2682.5                     -0.22376969
                    2685                     -0.22285036
                  2687.5                     -0.22107639
                    2690                     -0.21863823
                  2692.5                     -0.21577706
                    2695                     -0.21276917
                  2697.5                     -0.20990179
                    2700                     -0.20745967
                  2702.5                     -0.20570071
                    2705                     -0.20483847
                  2707.5                     -0.20503077
                    2710                     -0.20636365
                  2712.5                      -0.2088474
                    2715                     -0.21241697
                  2717.5                     -0.21693198
                    2720                     -0.22218394
                  2722.5                     -0.22791749
                    2725                     -0.23383877
                  2727.5                     -0.23964039
                    2730                      -0.2450207
                  2732.5                     -0.24970675
                    2735                     -0.25347153
                  2737.5                     -0.25615612
                    2740                     -0.25767277
                  2742.5                     -0.25802248
                    2745                     -0.25728896
                  2747.5                     -0.25563889
                    2750                     -0.25330224
                  2752.5                     -0.25056702
                    2755                     -0.24775104
                  2757.5                     -0.24518295
                    2760                     -0.24318109
                  2762.5                     -0.24202967
                    2765                     -0.24195848
                  2767.5                      -0.2431259
                    2770                     -0.24561479
                  2772.5                      -0.2494138
                    2775                     -0.25442898
                  2777.5                     -0.26048014
                    2780                      -0.2673197
                  2782.5                     -0.27464153
                    2785                     -0.28210453
                  2787.5                     -0.28935879
                    2790                     -0.29606436
                  2792.5                     -0.30191924
                    2795                     -0.30668178
                  2797.5                     -0.31018594
                    2800                     -0.31235877
                  2802.5                      -0.3132224
                    2805                     -0.31289834
                  2807.5                     -0.31159582
                    2810                     -0.30960173
                  2812.5                     -0.30725562
                    2815                     -0.30493149
                  2817.5                     -0.30301083
                    2820                     -0.30185244
                  2822.5                     -0.30177209
                    2825                     -0.30302163
                  2827.5                     -0.30576675
                    2830                     -0.31007801
                  2832.5                      -0.3159263
                    2835                     -0.32317979
                  2837.5                     -0.33161653
                    2840                     -0.34093239
                  2842.5                     -0.35076875
                    2845                     -0.36072635
                  2847.5                     -0.37039987
                    2850                     -0.37940576
                  2852.5                     -0.38740718
                    2855                     -0.39414086
                  2857.5                     -0.39944107
                    2860                     -0.40324474
                  2862.5                     -0.40560699
                    2865                     -0.40669544
                  2867.5                     -0.40677659
                    2870                     -0.40620231
                  2872.5                     -0.40538663
                    2875                     -0.40477397
                  2877.5                     -0.40481061
                    2880                     -0.40591365
                  2882.5                     -0.40844503
                    2885                     -0.41268615
                  2887.5                     -0.41881577
                    2890                     -0.42690413
                  2892.5                     -0.43689895
                    2895                     -0.44863604
                  2897.5                     -0.46184103
                    2900                     -0.47615605
                  2902.5                     -0.49115153
                    2905                     -0.50636675
                  2907.5                     -0.52133263
                    2910                     -0.53561178
                  2912.5                     -0.54882917
                    2915                     -0.56069746
                  2917.5                     -0.57104773
                    2920                     -0.57983907
                  2922.5                     -0.58716888
                    2925                     -0.59326477
                  2927.5                     -0.59847589
                    2930                     -0.60324655
                  2932.5                     -0.60809275
                    2935                     -0.61356135
                  2937.5                     -0.62020178
                    2940                     -0.62852287
                  2942.5                     -0.63897253
                    2945                     -0.65189536
                  2947.5                     -0.66752125
                    2950                     -0.68594971
                  2952.5                     -0.70713827
                    2955                     -0.73091578
                  2957.5                     -0.75698451
                    2960                     -0.78494808
                  2962.5                     -0.81433501
                    2965                     -0.84463105
                  2967.5                     -0.87532566
                    2970                     -0.90594317
                  2972.5                     -0.93608995
                    2975                     -0.96548339
                  2977.5                     -0.99398328
                    2980                      -1.0216163
                  2982.5                      -1.0485753
                    2985                      -1.0752224
                  2987.5                      -1.1020723
                    2990                      -1.1297688
                  2992.5                      -1.1590473
                    2995                       -1.190702
                  2997.5                      -1.2255382
                    3000                       -1.264341

