        Frequency / MHz                S1,1/abs,dB
----------------------------------------------------------------------
                     500                       -0.933282
                   502.5                      -1.0834402
                     505                      -1.2388525
                   507.5                      -1.3981131
                     510                      -1.5596205
                   512.5                      -1.7215753
                     515                       -1.881987
                   517.5                      -2.0386926
                     520                      -2.1893833
                   522.5                      -2.3316579
                     525                      -2.4630813
                   527.5                      -2.5812697
                     530                       -2.683984
                   532.5                      -2.7692338
                     535                      -2.8353724
                   537.5                      -2.8811965
                     540                      -2.9060079
                   542.5                      -2.9096599
                     545                      -2.8925532
                   547.5                      -2.8556164
                     550                      -2.8002376
                   552.5                      -2.7281769
                     555                      -2.6414725
                   557.5                      -2.5423327
                     560                       -2.433037
                   562.5                      -2.3158591
                     565                      -2.1929836
                   567.5                      -2.0664655
                     570                      -1.9381862
                   572.5                      -1.8098368
                     575                      -1.6829066
                   577.5                       -1.558687
                     580                      -1.4382698
                   582.5                      -1.3225677
                     585                      -1.2123279
                   587.5                      -1.1081346
                     590                      -1.0104417
                   592.5                     -0.91957355
                     595                     -0.83574714
                   597.5                     -0.75907848
                     600                     -0.68959711
                   602.5                      -0.6272565
                     605                     -0.57194044
                   607.5                     -0.52347204
                     610                     -0.48162062
                   612.5                     -0.44610786
                     615                     -0.41661322
                   617.5                      -0.3927783
                     620                     -0.37421339
                   622.5                     -0.36050012
                     625                     -0.35119471
                   627.5                     -0.34583963
                     630                     -0.34395812
                   632.5                     -0.34506634
                     635                     -0.34867725
                   637.5                      -0.3543023
                     640                     -0.36146386
                   642.5                     -0.36969153
                     645                     -0.37853632
                   647.5                     -0.38756977
                     650                     -0.39639386
                   652.5                     -0.40464333
                     655                      -0.4119923
                   657.5                      -0.4181567
                     660                     -0.42289634
                   662.5                     -0.42601725
                     665                     -0.42737669
                   667.5                     -0.42687927
                     670                     -0.42447659
                   672.5                     -0.42016915
                     675                     -0.41399973
                   677.5                     -0.40604771
                     680                     -0.39643246
                   682.5                     -0.38530158
                     685                     -0.37282782
                   687.5                     -0.35920627
                     690                     -0.34464198
                   692.5                     -0.32935497
                     695                     -0.31356596
                   697.5                     -0.29749319
                     700                     -0.28135417
                   702.5                     -0.26535301
                     705                     -0.24968283
                   707.5                     -0.23452335
                     710                     -0.22003175
                   712.5                     -0.20634884
                     715                     -0.19359353
                   717.5                     -0.18186279
                     720                     -0.17123162
                   722.5                     -0.16175253
                     725                      -0.1534567
                   727.5                     -0.14635257
                     730                     -0.14043091
                   732.5                     -0.13566267
                     735                     -0.13200199
                   737.5                      -0.1293871
                     740                      -0.1277427
                   742.5                     -0.12698328
                     745                     -0.12701249
                   747.5                     -0.12772816
                     750                     -0.12902133
                   752.5                     -0.13078212
                     755                     -0.13289965
                   757.5                     -0.13526318
                     760                     -0.13776771
                   762.5                     -0.14031124
                     765                     -0.14280021
                   767.5                     -0.14514908
                     770                     -0.14728161
                   772.5                     -0.14913064
                     775                     -0.15064376
                   777.5                      -0.1517772
                     780                     -0.15249918
                   782.5                     -0.15279275
                     785                     -0.15264832
                   787.5                     -0.15207016
                     790                     -0.15106917
                   792.5                     -0.14967112
                     795                     -0.14790355
                   797.5                      -0.1458049
                     800                     -0.14341836
                   802.5                     -0.14078984
                     805                     -0.13797052
                   807.5                     -0.13501129
                     810                     -0.13196381
                   812.5                     -0.12887843
                     815                     -0.12580391
                   817.5                     -0.12278621
                     820                     -0.11986688
                   822.5                     -0.11708169
                     825                      -0.1144636
                   827.5                     -0.11203748
                     830                     -0.10982368
                   832.5                     -0.10783725
                     835                     -0.10608548
                   837.5                     -0.10457111
                     840                     -0.10329139
                   842.5                     -0.10223755
                     845                     -0.10139669
                   847.5                     -0.10075182
                     850                     -0.10028412
                   852.5                    -0.099970529
                     855                    -0.099786048
                   857.5                    -0.099705782
                     860                    -0.099703587
                   862.5                    -0.099754906
                     865                    -0.099833761
                   867.5                    -0.099919314
                     870                    -0.099988845
                   872.5                     -0.10002678
                     875                     -0.10001614
                   877.5                    -0.099947033
                     880                    -0.099810837
                   882.5                    -0.099603589
                     885                     -0.09932575
                   887.5                    -0.098977178
                     890                    -0.098566153
                   892.5                    -0.098100864
                     895                    -0.097593353
                   897.5                    -0.097057536
                     900                    -0.096506626
                   902.5                    -0.095959486
                     905                    -0.095433179
                   907.5                    -0.094943903
                     910                    -0.094509014
                   912.5                    -0.094143986
                     915                    -0.093862396
                   917.5                     -0.09367795
                     920                    -0.093599232
                   922.5                    -0.093635691
                     925                    -0.093789232
                   927.5                    -0.094063249
                     930                    -0.094455643
                   932.5                    -0.094961529
                     935                    -0.095572896
                   937.5                    -0.096280648
                     940                    -0.097069424
                   942.5                    -0.097924802
                     945                    -0.098828184
                   947.5                    -0.099761031
                     950                     -0.10070321
                   952.5                     -0.10163267
                     955                     -0.10252993
                   957.5                      -0.1033742
                     960                     -0.10414502
                   962.5                     -0.10482546
                     965                     -0.10539789
                   967.5                     -0.10585127
                     970                      -0.1061726
                   972.5                     -0.10635447
                     975                     -0.10639427
                   977.5                     -0.10628867
                     980                     -0.10604217
                   982.5                     -0.10566127
                     985                     -0.10515565
                   987.5                     -0.10453886
                     990                     -0.10382838
                   992.5                     -0.10304302
                     995                     -0.10220463
                   997.5                      -0.1013386
                    1000                     -0.10046955
                  1002.5                    -0.099624202
                    1005                     -0.09882958
                  1007.5                    -0.098112206
                    1010                    -0.097499497
                  1012.5                    -0.097015286
                    1015                    -0.096682879
                  1017.5                    -0.096522709
                    1020                    -0.096551689
                  1022.5                    -0.096785426
                    1025                    -0.097235808
                  1027.5                    -0.097907618
                    1030                     -0.09880496
                  1032.5                    -0.099926206
                    1035                     -0.10126616
                  1037.5                      -0.1028142
                    1040                     -0.10455698
                  1042.5                     -0.10647708
                    1045                     -0.10855322
                  1047.5                     -0.11076095
                    1050                     -0.11307344
                  1052.5                     -0.11546025
                    1055                     -0.11789121
                  1057.5                     -0.12033677
                    1060                     -0.12276131
                  1062.5                     -0.12513526
                    1065                     -0.12742536
                  1067.5                     -0.12960561
                    1070                     -0.13164592
                  1072.5                      -0.1335237
                    1075                     -0.13521759
                  1077.5                     -0.13671075
                    1080                     -0.13799173
                  1082.5                     -0.13904931
                    1085                     -0.13988202
                  1087.5                     -0.14049234
                    1090                     -0.14088395
                  1092.5                     -0.14107201
                    1095                      -0.1410697
                  1097.5                     -0.14089797
                    1100                     -0.14058352
                  1102.5                     -0.14014989
                    1105                     -0.13963353
                  1107.5                     -0.13906525
                    1110                     -0.13848173
                  1112.5                     -0.13791823
                    1115                     -0.13741441
                  1117.5                     -0.13700374
                    1120                     -0.13672613
                  1122.5                     -0.13661288
                    1125                      -0.1366976
                  1127.5                     -0.13700741
                    1130                     -0.13756933
                  1132.5                     -0.13840419
                    1135                     -0.13952762
                  1137.5                      -0.1409528
                    1140                     -0.14268772
                  1142.5                     -0.14473048
                    1145                     -0.14707996
                  1147.5                     -0.14972724
                    1150                     -0.15265738
                  1152.5                     -0.15585103
                    1155                     -0.15928684
                  1157.5                      -0.1629334
                    1160                     -0.16676209
                  1162.5                     -0.17073618
                    1165                     -0.17482142
                  1167.5                     -0.17897753
                    1170                     -0.18316523
                  1172.5                     -0.18734403
                    1175                     -0.19147599
                  1177.5                     -0.19552393
                    1180                     -0.19945059
                  1182.5                     -0.20322346
                    1185                     -0.20681596
                  1187.5                     -0.21020065
                    1190                     -0.21335995
                  1192.5                      -0.2162774
                    1195                     -0.21894447
                  1197.5                     -0.22135758
                    1200                     -0.22352116
                  1202.5                     -0.22544297
                    1205                     -0.22713813
                  1207.5                     -0.22862721
                    1210                     -0.22993586
                  1212.5                     -0.23109523
                    1215                     -0.23214094
                  1217.5                     -0.23311122
                    1220                     -0.23404794
                  1222.5                     -0.23499532
                    1225                     -0.23600075
                  1227.5                     -0.23711114
                    1230                     -0.23836971
                  1232.5                     -0.23982345
                    1235                     -0.24151652
                  1237.5                     -0.24348799
                    1240                     -0.24577673
                  1242.5                     -0.24841546
                    1245                     -0.25143234
                  1247.5                     -0.25485124
                    1250                     -0.25868915
                  1252.5                     -0.26295979
                    1255                     -0.26766713
                  1257.5                     -0.27281344
                    1260                     -0.27838841
                  1262.5                     -0.28438113
                    1265                     -0.29077233
                  1267.5                     -0.29753905
                    1270                      -0.3046506
                  1272.5                     -0.31207428
                    1275                     -0.31977223
                  1277.5                     -0.32770445
                    1280                     -0.33582531
                  1282.5                     -0.34409395
                    1285                     -0.35246167
                  1287.5                     -0.36088759
                    1290                     -0.36932525
                  1292.5                     -0.37773726
                    1295                     -0.38608208
                  1297.5                     -0.39432843
                    1300                     -0.40244784
                  1302.5                     -0.41041511
                    1305                     -0.41821357
                  1307.5                     -0.42583512
                    1310                     -0.43327321
                  1312.5                     -0.44053407
                    1315                     -0.44762935
                  1317.5                     -0.45457671
                    1320                      -0.4614038
                  1322.5                     -0.46814332
                    1325                     -0.47483536
                  1327.5                     -0.48152796
                    1330                     -0.48826865
                  1332.5                     -0.49511636
                    1335                     -0.50212943
                  1337.5                     -0.50937327
                    1340                     -0.51690875
                  1342.5                     -0.52480297
                    1345                     -0.53312217
                  1347.5                     -0.54193002
                    1350                     -0.55128859
                  1352.5                     -0.56125915
                    1355                     -0.57189635
                  1357.5                     -0.58325137
                    1360                     -0.59537029
                  1362.5                     -0.60829419
                    1365                     -0.62205642
                  1367.5                     -0.63668459
                    1370                     -0.65219943
                  1372.5                     -0.66861296
                    1375                     -0.68593394
                  1377.5                     -0.70415907
                    1380                     -0.72328327
                  1382.5                     -0.74329072
                    1385                     -0.76416468
                  1387.5                     -0.78588118
                    1390                     -0.80840827
                  1392.5                     -0.83171625
                    1395                     -0.85577068
                  1397.5                     -0.88053365
                    1400                     -0.90596923
                  1402.5                     -0.93204174
                    1405                     -0.95871595
                  1407.5                     -0.98596134
                    1410                      -1.0137479
                  1412.5                      -1.0420554
                    1415                      -1.0708659
                  1417.5                      -1.1001684
                    1420                      -1.1299635
                  1422.5                      -1.1602554
                    1425                      -1.1910589
                  1427.5                      -1.2223989
                    1430                      -1.2543074
                  1432.5                      -1.2868288
                    1435                      -1.3200115
                  1437.5                      -1.3539188
                    1440                      -1.3886172
                  1442.5                      -1.4241806
                    1445                       -1.460691
                  1447.5                      -1.4982358
                    1450                      -1.5369024
                  1452.5                      -1.5767819
                    1455                      -1.6179688
                  1457.5                      -1.6605513
                    1460                      -1.7046187
                  1462.5                      -1.7502525
                    1465                      -1.7975285
                  1467.5                      -1.8465128
                    1470                      -1.8972601
                  1472.5                       -1.949813
                    1475                      -2.0041959
                  1477.5                      -2.0604198
                    1480                      -2.1184712
                  1482.5                      -2.1783172
                    1485                      -2.2399026
                  1487.5                      -2.3031441
                    1490                      -2.3679331
                  1492.5                      -2.4341287
                    1495                      -2.5015653
                  1497.5                      -2.5700388
                    1500                       -2.639319
                  1502.5                      -2.7091396
                    1505                       -2.779202
                  1507.5                       -2.849177
                    1510                       -2.918706
                  1512.5                      -2.9873963
                    1515                      -3.0548365
                  1517.5                      -3.1205887
                    1520                      -3.1841968
                  1522.5                      -3.2451948
                    1525                      -3.3031107
                  1527.5                       -3.357473
                    1530                      -3.4078189
                  1532.5                      -3.4537016
                    1535                      -3.4947044
                  1537.5                      -3.5304412
                    1540                      -3.5605732
                  1542.5                      -3.5848052
                    1545                      -3.6029086
                  1547.5                      -3.6147105
                    1550                      -3.6201115
                  1552.5                      -3.6190798
                    1555                      -3.6116505
                  1557.5                      -3.5979354
                    1560                      -3.5781062
                  1562.5                       -3.552401
                    1565                      -3.5211091
                  1567.5                      -3.4845733
                    1570                      -3.4431754
                  1572.5                      -3.3973271
                    1575                      -3.3474644
                  1577.5                      -3.2940422
                    1580                      -3.2375185
                  1582.5                      -3.1783512
                    1585                      -3.1169915
                  1587.5                      -3.0538777
                    1590                      -2.9894306
                  1592.5                      -2.9240447
                    1595                      -2.8580929
                  1597.5                       -2.791918
                    1600                      -2.7258321
                  1602.5                      -2.6601207
                    1605                       -2.595032
                  1607.5                       -2.530788
                    1610                      -2.4675796
                  1612.5                      -2.4055655
                    1615                      -2.3448805
                  1617.5                      -2.2856295
                    1620                      -2.2278938
                  1622.5                      -2.1717323
                    1625                      -2.1171819
                  1627.5                      -2.0642619
                    1630                      -2.0129709
                  1632.5                      -1.9632963
                    1635                      -1.9152125
                  1637.5                      -1.8686779
                    1640                      -1.8236475
                  1642.5                      -1.7800678
                    1645                      -1.7378758
                  1647.5                      -1.6970108
                    1650                      -1.6574051
                  1652.5                      -1.6189919
                    1655                      -1.5817056
                  1657.5                      -1.5454824
                    1660                      -1.5102597
                  1662.5                       -1.475979
                    1665                      -1.4425858
                  1667.5                      -1.4100376
                    1670                      -1.3782857
                  1672.5                      -1.3472965
                    1675                      -1.3170379
                  1677.5                      -1.2874855
                    1680                      -1.2586217
                  1682.5                      -1.2304301
                    1685                      -1.2029059
                  1687.5                      -1.1760438
                    1690                      -1.1498451
                  1692.5                      -1.1243135
                    1695                       -1.099458
                  1697.5                      -1.0752851
                    1700                      -1.0518078
                  1702.5                      -1.0290377
                    1705                      -1.0069854
                  1707.5                     -0.98566261
                    1710                     -0.96507676
                  1712.5                     -0.94523803
                    1715                      -0.9261497
                  1717.5                     -0.90781527
                    1720                     -0.89023285
                  1722.5                     -0.87339866
                    1725                     -0.85730267
                  1727.5                     -0.84193537
                    1730                     -0.82727853
                  1732.5                     -0.81331212
                    1735                     -0.80001416
                  1737.5                     -0.78735727
                    1740                     -0.77531148
                  1742.5                     -0.76384443
                    1745                     -0.75291951
                  1747.5                     -0.74250162
                    1750                     -0.73255281
                  1752.5                      -0.7230329
                    1755                     -0.71390548
                  1757.5                     -0.70512984
                    1760                      -0.6966697
                  1762.5                     -0.68848806
                    1765                     -0.68055389
                  1767.5                     -0.67283362
                    1770                     -0.66529893
                  1772.5                     -0.65792712
                    1775                     -0.65069468
                  1777.5                     -0.64358551
                    1780                     -0.63658647
                  1782.5                      -0.6296871
                    1785                     -0.62288339
                  1787.5                     -0.61617409
                    1790                     -0.60956061
                  1792.5                     -0.60304884
                    1795                     -0.59664819
                  1797.5                     -0.59037194
                    1800                     -0.58423078
                  1802.5                     -0.57824333
                    1805                      -0.5724273
                  1807.5                     -0.56679928
                    1810                     -0.56137859
                  1812.5                      -0.5561823
                    1815                     -0.55122856
                  1817.5                     -0.54653515
                    1820                     -0.54211378
                  1822.5                     -0.53797858
                    1825                     -0.53413759
                  1827.5                     -0.53060079
                    1830                     -0.52737054
                  1832.5                     -0.52444774
                    1835                     -0.52183198
                  1837.5                     -0.51951571
                    1840                       -0.517491
                  1842.5                     -0.51574791
                    1845                     -0.51427092
                  1847.5                     -0.51304218
                    1850                     -0.51204473
                  1852.5                     -0.51125686
                    1855                      -0.5106574
                  1857.5                     -0.51022142
                    1860                     -0.50992826
                  1862.5                     -0.50975172
                    1865                     -0.50967245
                  1867.5                     -0.50966714
                    1870                     -0.50971515
                  1872.5                     -0.50980279
                    1875                     -0.50991049
                  1877.5                     -0.51002897
                    1880                     -0.51014811
                  1882.5                     -0.51026358
                    1885                     -0.51037318
                  1887.5                     -0.51047789
                    1890                     -0.51058497
                  1892.5                     -0.51070234
                    1895                     -0.51084397
                  1897.5                     -0.51102506
                    1900                     -0.51126426
                  1902.5                     -0.51158481
                    1905                     -0.51201091
                  1907.5                     -0.51256485
                    1910                     -0.51327629
                  1912.5                     -0.51417109
                    1915                     -0.51527803
                  1917.5                     -0.51662391
                    1920                     -0.51823245
                  1922.5                     -0.52012926
                    1925                     -0.52233812
                  1927.5                     -0.52487473
                    1930                     -0.52775722
                  1932.5                     -0.53099968
                    1935                     -0.53460968
                  1937.5                     -0.53859484
                    1940                     -0.54295379
                  1942.5                     -0.54768562
                    1945                     -0.55278442
                  1947.5                     -0.55823835
                    1950                     -0.56403372
                  1952.5                     -0.57015462
                    1955                     -0.57657819
                  1957.5                     -0.58328287
                    1960                     -0.59024555
                  1962.5                     -0.59743767
                    1965                     -0.60483446
                  1967.5                     -0.61240889
                    1970                     -0.62013444
                  1972.5                      -0.6279881
                    1975                     -0.63594723
                  1977.5                     -0.64399238
                    1980                     -0.65210828
                  1982.5                     -0.66028525
                    1985                     -0.66851355
                  1987.5                     -0.67679347
                    1990                     -0.68513019
                  1992.5                     -0.69353075
                    1995                     -0.70201554
                  1997.5                     -0.71060391
                    2000                     -0.71932503
                  2002.5                     -0.72821265
                    2005                     -0.73730818
                  2007.5                     -0.74665446
                    2010                     -0.75630373
                  2012.5                     -0.76630721
                    2015                     -0.77672446
                  2017.5                     -0.78761524
                    2020                      -0.7990397
                  2022.5                     -0.81106359
                    2025                     -0.82374753
                  2027.5                     -0.83715525
                    2030                     -0.85135107
                  2032.5                     -0.86638979
                    2035                     -0.88233092
                  2037.5                     -0.89922553
                    2040                     -0.91712188
                  2042.5                     -0.93606383
                    2045                     -0.95609154
                  2047.5                     -0.97723649
                    2050                     -0.99952609
                  2052.5                      -1.0229833
                    2055                      -1.0476244
                  2057.5                      -1.0734605
                    2060                      -1.1004976
                  2062.5                      -1.1287404
                    2065                      -1.1581844
                  2067.5                      -1.1888269
                    2070                      -1.2206645
                  2072.5                      -1.2536875
                    2075                      -1.2878948
                  2077.5                      -1.3232796
                    2080                      -1.3598453
                  2082.5                      -1.3975953
                    2085                      -1.4365431
                  2087.5                      -1.4767076
                    2090                      -1.5181215
                  2092.5                      -1.5608246
                    2095                      -1.6048711
                  2097.5                      -1.6503304
                    2100                      -1.6972857
                  2102.5                       -1.745839
                    2105                      -1.7961077
                  2107.5                      -1.8482307
                    2110                      -1.9023644
                  2112.5                       -1.958686
                    2115                      -2.0173908
                  2117.5                         -2.0787
                    2120                      -2.1428493
                  2122.5                      -2.2100987
                    2125                      -2.2807278
                  2127.5                      -2.3550363
                    2130                      -2.4333433
                  2132.5                      -2.5159867
                    2135                      -2.6033245
                  2137.5                      -2.6957333
                    2140                      -2.7936057
                  2142.5                      -2.8973524
                    2145                      -3.0074025
                  2147.5                      -3.1242031
                    2150                      -3.2482148
                  2152.5                      -3.3799185
                    2155                      -3.5198099
                  2157.5                      -3.6684031
                    2160                      -3.8262293
                  2162.5                      -3.9938379
                    2165                      -4.1717955
                  2167.5                      -4.3606862
                    2170                      -4.5611132
                  2172.5                       -4.773696
                    2175                      -4.9990701
                  2177.5                      -5.2378846
                    2180                      -5.4907964
                  2182.5                      -5.7584651
                    2185                      -6.0415448
                  2187.5                      -6.3406669
                    2190                      -6.6564205
                  2192.5                      -6.9893242
                    2195                      -7.3397815
                  2197.5                      -7.7080202
                    2200                      -8.0940126
                  2202.5                      -8.4973566
                    2205                       -8.917121
                  2207.5                      -9.3516367
                    2210                      -9.7982096
                  2212.5                      -10.252787
                    2215                      -10.709531
                  2217.5                      -11.160381
                    2220                      -11.594649
                  2222.5                      -11.998857
                    2225                      -12.357013
                  2227.5                      -12.651633
                    2230                      -12.865666
                  2232.5                      -12.985155
                    2235                      -13.001953
                  2237.5                      -12.915554
                    2240                        -12.7332
                  2242.5                      -12.468252
                    2245                       -12.13752
                  2247.5                      -11.758549
                    2250                      -11.347585
                  2252.5                      -10.918441
                    2255                      -10.482146
                  2257.5                      -10.047061
                    2260                      -9.6192689
                  2262.5                      -9.2030153
                    2265                      -8.8011237
                  2267.5                      -8.4153677
                    2270                       -8.046742
                  2272.5                      -7.6956895
                    2275                        -7.36226
                  2277.5                      -7.0462342
                    2280                      -6.7472086
                  2282.5                       -6.464655
                    2285                       -6.197969
                  2287.5                      -5.9465008
                    2290                      -5.7095764
                  2292.5                      -5.4865106
                    2295                      -5.2766216
                  2297.5                      -5.0792355
                    2300                      -4.8936898
                  2302.5                      -4.7193396
                    2305                      -4.5555547
                  2307.5                      -4.4017294
                    2310                      -4.2572705
                  2312.5                      -4.1216105
                    2315                      -3.9941997
                  2317.5                      -3.8745097
                    2320                      -3.7620301
                  2322.5                      -3.6562748
                    2325                      -3.5567797
                  2327.5                      -3.4630984
                    2330                      -3.3748097
                  2332.5                      -3.2915145
                    2335                      -3.2128374
                  2337.5                      -3.1384269
                    2340                      -3.0679548
                  2342.5                      -3.0011184
                    2345                      -2.9376386
                  2347.5                      -2.8772644
                    2350                      -2.8197665
                  2352.5                      -2.7649412
                    2355                      -2.7126113
                  2357.5                      -2.6626201
                    2360                       -2.614837
                  2362.5                      -2.5691487
                    2365                      -2.5254667
                  2367.5                      -2.4837192
                    2370                      -2.4438519
                  2372.5                      -2.4058267
                    2375                      -2.3696197
                  2377.5                      -2.3352182
                    2380                      -2.3026194
                  2382.5                      -2.2718288
                    2385                      -2.2428584
                  2387.5                      -2.2157242
                    2390                      -2.1904456
                  2392.5                       -2.167044
                    2395                      -2.1455387
                  2397.5                      -2.1259504
                    2400                       -2.108295
                  2402.5                      -2.0925881
                    2405                      -2.0788399
                  2407.5                       -2.067057
                    2410                      -2.0572438
                  2412.5                      -2.0494004
                    2415                      -2.0435236
                  2417.5                      -2.0396065
                    2420                      -2.0376409
                  2422.5                       -2.037619
                    2425                      -2.0395321
                  2427.5                      -2.0433717
                    2430                       -2.049135
                  2432.5                      -2.0568191
                    2435                      -2.0664309
                  2437.5                      -2.0779828
                    2440                      -2.0914946
                  2442.5                      -2.1069964
                    2445                      -2.1245315
                  2447.5                      -2.1441522
                    2450                      -2.1659257
                  2452.5                      -2.1899346
                    2455                      -2.2162726
                  2457.5                      -2.2450523
                    2460                      -2.2763984
                  2462.5                      -2.3104513
                    2465                      -2.3473662
                  2467.5                      -2.3873126
                    2470                       -2.430471
                  2472.5                      -2.4770319
                    2475                       -2.527199
                  2477.5                      -2.5811818
                    2480                      -2.6391935
                  2482.5                      -2.7014511
                    2485                      -2.7681724
                  2487.5                        -2.83957
                    2490                      -2.9158505
                  2492.5                      -2.9972091
                    2495                      -3.0838232
                  2497.5                      -3.1758516
                    2500                      -3.2734226
                  2502.5                      -3.3766331
                    2505                      -3.4855408
                  2507.5                      -3.6001473
                    2510                      -3.7204036
                  2512.5                      -3.8461825
                    2515                      -3.9772842
                  2517.5                      -4.1134055
                    2520                       -4.254139
                  2522.5                      -4.3989532
                    2525                      -4.5471705
                  2527.5                      -4.6979609
                    2530                      -4.8503182
                  2532.5                      -5.0030466
                    2535                      -5.1547554
                  2537.5                      -5.3038447
                    2540                      -5.4485153
                  2542.5                      -5.5867806
                    2545                      -5.7164903
                  2547.5                      -5.8353752
                    2550                      -5.9411133
                  2552.5                      -6.0314005
                    2555                      -6.1040494
                  2557.5                      -6.1570915
                    2560                      -6.1888844
                  2562.5                      -6.1982039
                    2565                      -6.1843283
                  2567.5                      -6.1470836
                    2570                      -6.0868609
                  2572.5                      -6.0045888
                    2575                      -5.9016861
                  2577.5                       -5.779967
                    2580                      -5.6415518
                  2582.5                      -5.4887546
                    2585                      -5.3239808
                  2587.5                       -5.149645
                    2590                      -4.9680829
                  2592.5                      -4.7815038
                    2595                      -4.5919472
                  2597.5                       -4.401261
                    2600                      -4.2110859
                  2602.5                      -4.0228611
                    2605                      -3.8378246
                  2607.5                      -3.6570267
                    2610                      -3.4813459
                  2612.5                      -3.3115035
                    2615                      -3.1480784
                  2617.5                      -2.9915203
                    2620                      -2.8421711
                  2622.5                      -2.7002728
                    2625                      -2.5659783
                  2627.5                       -2.439364
                    2630                      -2.3204397
                  2632.5                      -2.2091551
                    2635                      -2.1054054
                  2637.5                      -2.0090428
                    2640                      -1.9198713
                  2642.5                      -1.8376597
                    2645                      -1.7621449
                  2647.5                      -1.6930314
                    2650                       -1.629994
                  2652.5                      -1.5726908
                    2655                      -1.5207502
                  2657.5                      -1.4737877
                    2660                      -1.4314038
                  2662.5                      -1.3931826
                    2665                      -1.3587064
                  2667.5                      -1.3275476
                    2670                      -1.2992794
                  2672.5                      -1.2734806
                    2675                      -1.2497336
                  2677.5                      -1.2276366
                    2680                      -1.2068034
                  2682.5                      -1.1868693
                    2685                      -1.1674948
                  2687.5                      -1.1483724
                    2690                      -1.1292241
                  2692.5                      -1.1098115
                    2695                      -1.0899378
                  2697.5                      -1.0694461
                    2700                      -1.0482218
                  2702.5                      -1.0261922
                    2705                      -1.0033305
                  2707.5                     -0.97964879
                    2710                      -0.9551983
                  2712.5                     -0.93006764
                    2715                     -0.90437384
                  2717.5                      -0.8782665
                    2720                     -0.85191661
                  2722.5                     -0.82551131
                    2725                     -0.79925282
                  2727.5                     -0.77335571
                    2730                     -0.74803002
                  2732.5                     -0.72348594
                    2735                      -0.6999339
                  2737.5                     -0.67756428
                    2740                     -0.65655958
                  2742.5                     -0.63708175
                    2745                     -0.61927022
                  2747.5                     -0.60324458
                    2750                     -0.58909658
                  2752.5                     -0.57689009
                    2755                     -0.56666231
                  2757.5                     -0.55841942
                    2760                     -0.55213889
                  2762.5                     -0.54776994
                    2765                     -0.54523003
                  2767.5                     -0.54441287
                    2770                     -0.54518171
                  2772.5                     -0.54738087
                    2775                     -0.55082651
                  2777.5                     -0.55532051
                    2780                     -0.56064717
                  2782.5                     -0.56657784
                    2785                     -0.57287558
                  2787.5                     -0.57929786
                    2790                     -0.58560621
                  2792.5                     -0.59156404
                    2795                     -0.59694329
                  2797.5                     -0.60153277
                    2800                     -0.60513781
                  2802.5                      -0.6075874
                    2805                     -0.60873721
                  2807.5                     -0.60847186
                    2810                     -0.60670888
                  2812.5                     -0.60339976
                    2815                     -0.59853209
                  2817.5                     -0.59212678
                    2820                      -0.5842421
                  2822.5                      -0.5749685
                    2825                     -0.56442899
                  2827.5                     -0.55277324
                    2830                     -0.54017715
                  2832.5                     -0.52683841
                    2835                      -0.5129689
                  2837.5                     -0.49879489
                    2840                     -0.48454847
                  2842.5                     -0.47046458
                    2845                     -0.45677723
                  2847.5                     -0.44371152
                    2850                     -0.43148393
                  2852.5                     -0.42029428
                    2855                     -0.41032547
                  2857.5                     -0.40173733
                    2860                     -0.39466721
                  2862.5                     -0.38922517
                    2865                     -0.38549112
                  2867.5                     -0.38351848
                    2870                     -0.38332708
                  2872.5                      -0.3849062
                    2875                     -0.38821442
                  2877.5                     -0.39317808
                    2880                     -0.39969377
                  2882.5                     -0.40763044
                    2885                     -0.41682806
                  2887.5                     -0.42710351
                    2890                     -0.43825219
                  2892.5                     -0.45005015
                    2895                     -0.46225898
                  2897.5                     -0.47462972
                    2900                     -0.48690827
                  2902.5                     -0.49884018
                    2905                     -0.51017329
                  2907.5                     -0.52066776
                    2910                     -0.53009567
                  2912.5                      -0.5382511
                    2915                     -0.54495309
                  2917.5                     -0.55004787
                    2920                     -0.55341675
                  2922.5                     -0.55497824
                    2925                     -0.55468466
                  2927.5                     -0.55253186
                    2930                     -0.54855608
                  2932.5                     -0.54283301
                    2935                     -0.53547354
                  2937.5                     -0.52662666
                    2940                     -0.51647401
                  2942.5                      -0.5052247
                    2945                      -0.4931099
                  2947.5                     -0.48038412
                    2950                     -0.46730769
                  2952.5                     -0.45415916
                    2955                     -0.44120678
                  2957.5                     -0.42872672
                    2960                     -0.41698376
                  2962.5                      -0.4062252
                    2965                     -0.39668859
                  2967.5                     -0.38858524
                    2970                     -0.38209975
                  2972.5                     -0.37739274
                    2975                      -0.3745928
                  2977.5                     -0.37379138
                    2980                      -0.3750521
                  2982.5                     -0.37839578
                    2985                     -0.38380951
                  2987.5                     -0.39124233
                    2990                     -0.40060665
                  2992.5                     -0.41178148
                    2995                     -0.42460653
                  2997.5                     -0.43889074
                    3000                     -0.45441544

