        Frequency / MHz                S1,1/abs,dB
----------------------------------------------------------------------
                     500                    -0.015425563
                   502.5                     -0.02463567
                     505                    -0.034156056
                   507.5                    -0.043952361
                     510                    -0.053993536
                   512.5                    -0.064245693
                     515                    -0.074674835
                   517.5                    -0.085247458
                     520                    -0.095928943
                   522.5                     -0.10668654
                     525                     -0.11748686
                   527.5                      -0.1282951
                     530                     -0.13907978
                   532.5                     -0.14980815
                     535                     -0.16044743
                   537.5                     -0.17096927
                     540                      -0.1813424
                   542.5                      -0.1915384
                     545                     -0.20152859
                   547.5                     -0.21128965
                     550                     -0.22079452
                   552.5                     -0.23001985
                     555                     -0.23894686
                   557.5                     -0.24755274
                     560                     -0.25582166
                   562.5                      -0.2637348
                     565                     -0.27127823
                   567.5                     -0.27844238
                     570                     -0.28521331
                   572.5                     -0.29158594
                     575                     -0.29755171
                   577.5                     -0.30310565
                     580                     -0.30824872
                   582.5                     -0.31297785
                     585                     -0.31729668
                   587.5                     -0.32120878
                     590                     -0.32471835
                   592.5                     -0.32783443
                     595                     -0.33056662
                   597.5                     -0.33292628
                     600                     -0.33492541
                   602.5                     -0.33657966
                     605                     -0.33790388
                   607.5                     -0.33891688
                     610                     -0.33963841
                   612.5                     -0.34008682
                     615                     -0.34028214
                   617.5                     -0.34024962
                     620                     -0.34001109
                   622.5                     -0.33958977
                     625                       -0.339012
                   627.5                     -0.33830079
                     630                     -0.33748386
                   632.5                     -0.33658655
                     635                     -0.33563323
                   637.5                     -0.33465259
                     640                     -0.33366942
                   642.5                     -0.33271228
                     645                     -0.33180408
                   647.5                     -0.33097238
                     650                     -0.33024289
                   652.5                     -0.32963902
                     655                      -0.3291874
                   657.5                     -0.32890912
                     660                     -0.32882898
                   662.5                     -0.32896959
                     665                      -0.3293518
                   667.5                     -0.32999573
                     670                     -0.33092149
                   672.5                     -0.33214839
                     675                     -0.33369201
                   677.5                      -0.3355723
                     680                     -0.33780119
                   682.5                     -0.34039428
                     685                     -0.34336443
                   687.5                      -0.3467225
                     690                     -0.35048099
                   692.5                     -0.35464705
                     695                     -0.35923039
                   697.5                     -0.36423514
                     700                     -0.36966917
                   702.5                     -0.37553452
                     705                     -0.38183495
                   707.5                     -0.38857136
                     710                     -0.39574186
                   712.5                     -0.40334738
                     715                     -0.41138326
                   717.5                     -0.41984501
                     720                     -0.42872968
                   722.5                     -0.43802812
                     725                     -0.44773262
                   727.5                     -0.45783369
                     730                     -0.46832123
                   732.5                     -0.47918259
                     735                     -0.49040455
                   737.5                     -0.50197292
                     740                      -0.5138712
                   742.5                     -0.52608327
                     745                     -0.53859119
                   747.5                     -0.55137646
                     750                     -0.56441825
                   752.5                     -0.57769595
                     755                     -0.59118702
                   757.5                     -0.60487078
                     760                     -0.61872154
                   762.5                     -0.63271481
                     765                     -0.64682613
                   767.5                     -0.66102921
                     770                     -0.67529914
                   772.5                     -0.68960708
                     775                     -0.70392507
                   777.5                     -0.71822821
                     780                     -0.73248462
                   782.5                     -0.74666924
                     785                     -0.76075238
                   787.5                     -0.77470513
                     790                     -0.78849968
                   792.5                     -0.80210582
                     795                     -0.81549676
                   797.5                     -0.82864464
                     800                     -0.84152159
                   802.5                     -0.85409925
                     805                      -0.8663527
                   807.5                     -0.87825611
                     810                     -0.88978294
                   812.5                     -0.90090988
                     815                      -0.9116137
                   817.5                     -0.92187138
                     820                     -0.93166042
                   822.5                     -0.94096327
                     825                     -0.94975894
                   827.5                     -0.95803032
                     830                     -0.96576188
                   832.5                     -0.97293908
                     835                     -0.97954794
                   837.5                     -0.98557615
                     840                     -0.99101447
                   842.5                     -0.99585449
                     845                      -1.0000881
                   847.5                       -1.003711
                     850                        -1.00672
                   852.5                      -1.0091132
                     855                      -1.0108892
                   857.5                      -1.0120519
                     860                      -1.0126019
                   862.5                      -1.0125461
                     865                      -1.0118897
                   867.5                       -1.010642
                     870                      -1.0088118
                   872.5                      -1.0064102
                     875                      -1.0034502
                   877.5                     -0.99994584
                     880                      -0.9959117
                   882.5                     -0.99136419
                     885                     -0.98632209
                   887.5                     -0.98080266
                     890                     -0.97482596
                   892.5                      -0.9684136
                     895                     -0.96158661
                   897.5                     -0.95436523
                     900                     -0.94677455
                   902.5                     -0.93883631
                     905                     -0.93057686
                   907.5                     -0.92201591
                     910                     -0.91318205
                   912.5                     -0.90409788
                     915                     -0.89478862
                   917.5                     -0.88527959
                     920                      -0.8755932
                   922.5                     -0.86575589
                     925                      -0.8557904
                   927.5                     -0.84572339
                     930                     -0.83557575
                   932.5                     -0.82537023
                     935                     -0.81513297
                   937.5                     -0.80488255
                     940                     -0.79463977
                   942.5                     -0.78442904
                     945                     -0.77426856
                   947.5                     -0.76417605
                     950                     -0.75417028
                   952.5                     -0.74427081
                     955                     -0.73449371
                   957.5                      -0.7248519
                     960                     -0.71536226
                   962.5                     -0.70603825
                     965                     -0.69689299
                   967.5                     -0.68793606
                     970                     -0.67918062
                   972.5                      -0.6706349
                     975                     -0.66230781
                   977.5                     -0.65420717
                     980                     -0.64633833
                   982.5                     -0.63870778
                     985                     -0.63131803
                   987.5                     -0.62417614
                     990                     -0.61728052
                   992.5                     -0.61063333
                     995                     -0.60423651
                   997.5                     -0.59808628
                    1000                      -0.5921848
                  1002.5                     -0.58652782
                    1005                     -0.58111063
                  1007.5                     -0.57593123
                    1010                     -0.57098261
                  1012.5                     -0.56625861
                    1015                     -0.56175363
                  1017.5                     -0.55746087
                    1020                     -0.55337055
                  1022.5                     -0.54947543
                    1025                     -0.54576435
                  1027.5                     -0.54222968
                    1030                     -0.53885888
                  1032.5                     -0.53564123
                    1035                     -0.53256758
                  1037.5                     -0.52962544
                    1040                     -0.52680259
                  1042.5                     -0.52408543
                    1045                     -0.52146503
                  1047.5                     -0.51892658
                    1050                     -0.51645724
                  1052.5                     -0.51404711
                    1055                     -0.51168111
                  1057.5                     -0.50934662
                    1060                     -0.50703328
                  1062.5                     -0.50472847
                    1065                     -0.50242055
                  1067.5                     -0.50009618
                    1070                      -0.4977462
                  1072.5                     -0.49535956
                    1075                     -0.49292413
                  1077.5                     -0.49043326
                    1080                     -0.48787567
                  1082.5                     -0.48524247
                    1085                     -0.48252541
                  1087.5                     -0.47971876
                    1090                     -0.47681438
                  1092.5                     -0.47380483
                    1095                     -0.47068917
                  1097.5                     -0.46745827
                    1100                     -0.46410937
                  1102.5                     -0.46064132
                    1105                     -0.45704962
                  1107.5                     -0.45333462
                    1110                     -0.44949329
                  1112.5                     -0.44552996
                    1115                      -0.4414389
                  1117.5                     -0.43722809
                    1120                      -0.4328978
                  1122.5                      -0.4284498
                    1125                      -0.4238882
                  1127.5                     -0.41921903
                    1130                     -0.41444798
                  1132.5                     -0.40958023
                    1135                     -0.40462177
                  1137.5                     -0.39957942
                    1140                     -0.39446352
                  1142.5                     -0.38927913
                    1145                      -0.3840361
                  1147.5                     -0.37874378
                    1150                     -0.37341187
                  1152.5                     -0.36805066
                    1155                     -0.36266588
                  1157.5                     -0.35727353
                    1160                      -0.3518802
                  1162.5                     -0.34649853
                    1165                     -0.34113783
                  1167.5                     -0.33581007
                    1170                     -0.33052397
                  1172.5                     -0.32529204
                    1175                     -0.32012304
                  1177.5                      -0.3150288
                    1180                     -0.31001677
                  1182.5                     -0.30509924
                    1185                     -0.30028579
                  1187.5                     -0.29558355
                    1190                     -0.29100129
                  1192.5                     -0.28654884
                    1195                     -0.28223336
                  1197.5                     -0.27806255
                    1200                     -0.27404301
                  1202.5                     -0.27018001
                    1205                      -0.2664808
                  1207.5                     -0.26294964
                    1210                     -0.25959176
                  1212.5                     -0.25640911
                    1215                     -0.25340611
                  1217.5                     -0.25058538
                    1220                     -0.24794919
                  1222.5                     -0.24549729
                    1225                     -0.24323032
                  1227.5                     -0.24114978
                    1230                     -0.23925396
                  1232.5                     -0.23754066
                    1235                     -0.23600719
                  1237.5                      -0.2346509
                    1240                     -0.23346878
                  1242.5                     -0.23245673
                    1245                     -0.23160996
                  1247.5                     -0.23092259
                    1250                     -0.23038883
                  1252.5                     -0.23000122
                    1255                      -0.2297546
                  1257.5                     -0.22963983
                    1260                     -0.22964894
                  1262.5                     -0.22977475
                    1265                     -0.23000734
                  1267.5                     -0.23033822
                    1270                     -0.23075839
                  1272.5                     -0.23125624
                    1275                     -0.23182397
                  1277.5                     -0.23245039
                    1280                     -0.23312476
                  1282.5                     -0.23383978
                    1285                     -0.23458064
                  1287.5                     -0.23534129
                    1290                      -0.2361085
                  1292.5                     -0.23687391
                    1295                     -0.23762713
                  1297.5                     -0.23835747
                    1300                     -0.23905671
                  1302.5                     -0.23971487
                    1305                     -0.24032333
                  1307.5                     -0.24087369
                    1310                     -0.24135785
                  1312.5                     -0.24176845
                    1315                     -0.24209674
                  1317.5                     -0.24233838
                    1320                     -0.24248657
                  1322.5                     -0.24253446
                    1325                     -0.24247915
                  1327.5                     -0.24231494
                    1330                     -0.24204031
                  1332.5                     -0.24164935
                    1335                     -0.24114353
                  1337.5                     -0.24051797
                    1340                      -0.2397738
                  1342.5                     -0.23890937
                    1345                     -0.23792664
                  1347.5                     -0.23682672
                    1350                     -0.23561249
                  1352.5                     -0.23428333
                    1355                     -0.23284587
                  1357.5                     -0.23130199
                    1360                     -0.22965714
                  1362.5                     -0.22791661
                    1365                     -0.22608513
                  1367.5                     -0.22416932
                    1370                     -0.22217658
                  1372.5                     -0.22011243
                    1375                     -0.21798643
                  1377.5                     -0.21580541
                    1380                     -0.21357705
                  1382.5                     -0.21131242
                    1385                     -0.20901729
                  1387.5                     -0.20670189
                    1390                     -0.20437682
                  1392.5                     -0.20204839
                    1395                     -0.19972809
                  1397.5                     -0.19742571
                    1400                     -0.19514943
                  1402.5                     -0.19290841
                    1405                     -0.19071323
                  1407.5                     -0.18857159
                    1410                     -0.18649212
                  1412.5                     -0.18448374
                    1415                     -0.18255485
                  1417.5                     -0.18071283
                    1420                     -0.17896663
                  1422.5                     -0.17732143
                    1425                     -0.17578551
                  1427.5                      -0.1743622
                    1430                     -0.17306129
                  1432.5                     -0.17188567
                    1435                     -0.17083977
                  1437.5                     -0.16992684
                    1440                     -0.16915304
                  1442.5                     -0.16851885
                    1445                     -0.16802716
                  1447.5                      -0.1676799
                    1450                     -0.16747669
                  1452.5                     -0.16741871
                    1455                     -0.16750639
                  1457.5                     -0.16773618
                    1460                     -0.16810937
                  1462.5                     -0.16862162
                    1465                     -0.16927054
                  1467.5                     -0.17005239
                    1470                     -0.17096312
                  1472.5                     -0.17199871
                    1475                     -0.17315253
                  1477.5                      -0.1744195
                    1480                     -0.17579331
                  1482.5                     -0.17726704
                    1485                     -0.17883336
                  1487.5                     -0.18048492
                    1490                     -0.18221328
                  1492.5                     -0.18401055
                    1495                     -0.18586827
                  1497.5                     -0.18777632
                    1500                     -0.18972725
                  1502.5                     -0.19171068
                    1505                     -0.19371668
                  1507.5                     -0.19573803
                    1510                     -0.19776353
                  1512.5                     -0.19978402
                    1515                     -0.20179093
                  1517.5                     -0.20377389
                    1520                     -0.20572551
                  1522.5                     -0.20763539
                    1525                     -0.20949552
                  1527.5                     -0.21129784
                    1530                     -0.21303496
                  1532.5                     -0.21469868
                    1535                       -0.216282
                  1537.5                     -0.21777814
                    1540                     -0.21918335
                  1542.5                     -0.22048919
                    1545                     -0.22169183
                  1547.5                     -0.22278881
                    1550                     -0.22377276
                  1552.5                     -0.22464509
                    1555                     -0.22539977
                  1557.5                     -0.22603772
                    1560                     -0.22655747
                  1562.5                     -0.22695678
                    1565                     -0.22723878
                  1567.5                     -0.22740426
                    1570                     -0.22745349
                  1572.5                     -0.22739129
                    1575                     -0.22722041
                  1577.5                     -0.22694471
                    1580                     -0.22656726
                  1582.5                     -0.22609603
                    1585                     -0.22553501
                  1587.5                     -0.22489196
                    1590                     -0.22417271
                  1592.5                     -0.22338641
                    1595                     -0.22253831
                  1597.5                      -0.2216408
                    1600                     -0.22069911
                  1602.5                     -0.21972305
                    1605                     -0.21872452
                  1607.5                     -0.21770996
                    1610                     -0.21669079
                  1612.5                     -0.21567753
                    1615                     -0.21467955
                  1617.5                     -0.21370647
                    1620                     -0.21277133
                  1622.5                     -0.21187996
                    1625                     -0.21104557
                  1627.5                     -0.21027589
                    1630                     -0.20958194
                  1632.5                     -0.20897428
                    1635                     -0.20845963
                  1637.5                      -0.2080467
                    1640                      -0.2077449
                  1642.5                     -0.20756215
                    1645                     -0.20750594
                  1647.5                     -0.20758179
                    1650                      -0.2077982
                  1652.5                     -0.20816034
                    1655                     -0.20867182
                  1657.5                     -0.20933959
                    1660                     -0.21016523
                  1662.5                      -0.2111536
                    1665                     -0.21230713
                  1667.5                     -0.21362698
                    1670                     -0.21511407
                  1672.5                     -0.21676885
                    1675                     -0.21859211
                  1677.5                     -0.22058128
                    1680                     -0.22273562
                  1682.5                     -0.22505066
                    1685                     -0.22752663
                  1687.5                     -0.23015531
                    1690                     -0.23293546
                  1692.5                     -0.23586002
                    1695                     -0.23892346
                  1697.5                      -0.2421195
                    1700                        -0.24544
                  1702.5                     -0.24887769
                    1705                      -0.2524242
                  1707.5                     -0.25607224
                    1710                     -0.25981083
                  1712.5                     -0.26363144
                    1715                     -0.26752325
                  1717.5                      -0.2714772
                    1720                     -0.27548201
                  1722.5                      -0.2795279
                    1725                     -0.28360265
                  1727.5                     -0.28769724
                    1730                     -0.29179996
                  1732.5                     -0.29589951
                    1735                     -0.29998647
                  1737.5                     -0.30404925
                    1740                      -0.3080786
                  1742.5                     -0.31206413
                    1745                      -0.3159964
                  1747.5                     -0.31986539
                    1750                     -0.32366358
                  1752.5                     -0.32738127
                    1755                     -0.33101123
                  1757.5                     -0.33454671
                    1760                     -0.33798181
                  1762.5                     -0.34130999
                    1765                     -0.34452701
                  1767.5                     -0.34762801
                    1770                     -0.35060919
                  1772.5                     -0.35346846
                    1775                     -0.35620477
                  1777.5                     -0.35881757
                    1780                     -0.36130709
                  1782.5                     -0.36367308
                    1785                     -0.36591884
                  1787.5                     -0.36804692
                    1790                     -0.37006067
                  1792.5                     -0.37196699
                    1795                      -0.3737691
                  1797.5                     -0.37547424
                    1800                     -0.37709138
                  1802.5                     -0.37862596
                    1805                     -0.38009016
                  1807.5                     -0.38149285
                    1810                     -0.38284314
                  1812.5                     -0.38415424
                    1815                     -0.38543692
                  1817.5                     -0.38670437
                    1820                      -0.3879692
                  1822.5                     -0.38924601
                    1825                     -0.39054591
                  1827.5                     -0.39188636
                    1830                     -0.39327974
                  1832.5                     -0.39474106
                    1835                     -0.39628564
                  1837.5                     -0.39792863
                    1840                     -0.39968383
                  1842.5                     -0.40156866
                    1845                     -0.40359537
                  1847.5                     -0.40577793
                    1850                     -0.40813499
                  1852.5                     -0.41067617
                    1855                     -0.41341657
                  1857.5                     -0.41637074
                    1860                      -0.4195485
                  1862.5                     -0.42296543
                    1865                     -0.42662985
                  1867.5                     -0.43055552
                    1870                      -0.4347501
                  1872.5                     -0.43922465
                    1875                      -0.4439872
                  1877.5                     -0.44904616
                    1880                     -0.45440832
                  1882.5                     -0.46007898
                    1885                     -0.46606321
                  1887.5                     -0.47236608
                    1890                     -0.47899123
                  1892.5                     -0.48593894
                    1895                     -0.49321144
                  1897.5                     -0.50081031
                    1900                     -0.50873283
                  1902.5                     -0.51697716
                    1905                     -0.52554192
                  1907.5                     -0.53442312
                    1910                     -0.54361546
                  1912.5                     -0.55311472
                    1915                     -0.56291183
                  1917.5                     -0.57300218
                    1920                     -0.58337707
                  1922.5                     -0.59402535
                    1925                     -0.60493975
                  1927.5                     -0.61611003
                    1930                     -0.62752367
                  1932.5                     -0.63917028
                    1935                     -0.65103745
                  1937.5                     -0.66311297
                    1940                     -0.67538454
                  1942.5                     -0.68783798
                    1945                     -0.70046061
                  1947.5                     -0.71324023
                    1950                     -0.72616213
                  1952.5                     -0.73921472
                    1955                     -0.75238332
                  1957.5                      -0.7656578
                    1960                     -0.77902376
                  1962.5                     -0.79246935
                    1965                     -0.80598507
                  1967.5                     -0.81955985
                    1970                     -0.83318333
                  1972.5                     -0.84684815
                    1975                     -0.86054579
                  1977.5                     -0.87426862
                    1980                     -0.88801287
                  1982.5                     -0.90177342
                    1985                     -0.91554787
                  1987.5                     -0.92933422
                    1990                     -0.94313312
                  1992.5                     -0.95694497
                    1995                     -0.97077427
                  1997.5                     -0.98462506
                    2000                     -0.99850425
                  2002.5                      -1.0124204
                    2005                      -1.0263843
                  2007.5                      -1.0404059
                    2010                      -1.0545006
                  2012.5                      -1.0686843
                    2015                      -1.0829733
                  2017.5                       -1.097387
                    2020                      -1.1119473
                  2022.5                      -1.1266762
                    2025                      -1.1415997
                  2027.5                      -1.1567417
                    2030                      -1.1721317
                  2032.5                      -1.1877976
                    2035                      -1.2037738
                  2037.5                       -1.220089
                    2040                      -1.2367783
                  2042.5                      -1.2538771
                    2045                       -1.271422
                  2047.5                      -1.2894505
                    2050                      -1.3080002
                  2052.5                      -1.3271108
                    2055                      -1.3468221
                  2057.5                      -1.3671752
                    2060                      -1.3882117
                  2062.5                      -1.4099739
                    2065                      -1.4325031
                  2067.5                      -1.4558426
                    2070                      -1.4800345
                  2072.5                      -1.5051211
                    2075                      -1.5311477
                  2077.5                      -1.5581531
                    2080                      -1.5861817
                  2082.5                      -1.6152748
                    2085                      -1.6454732
                  2087.5                      -1.6768175
                    2090                      -1.7093462
                  2092.5                      -1.7430996
                    2095                      -1.7781141
                  2097.5                       -1.814426
                    2100                      -1.8520716
                  2102.5                      -1.8910833
                    2105                      -1.9314926
                  2107.5                      -1.9733304
                    2110                      -2.0166245
                  2112.5                       -2.061401
                    2115                      -2.1076842
                  2117.5                      -2.1554962
                    2120                      -2.2048541
                  2122.5                       -2.255775
                    2125                      -2.3082716
                  2127.5                      -2.3623554
                    2130                      -2.4180312
                  2132.5                      -2.4753022
                    2135                      -2.5341679
                  2137.5                      -2.5946225
                    2140                      -2.6566573
                  2142.5                       -2.720257
                    2145                      -2.7854029
                  2147.5                      -2.8520701
                    2150                      -2.9202283
                  2152.5                      -2.9898419
                    2155                      -3.0608677
                  2157.5                      -3.1332563
                    2160                      -3.2069503
                  2162.5                      -3.2818876
                    2165                      -3.3579954
                  2167.5                      -3.4351921
                    2170                      -3.5133908
                  2172.5                      -3.5924923
                    2175                      -3.6723904
                  2177.5                      -3.7529676
                    2180                      -3.8340972
                  2182.5                      -3.9156394
                    2185                      -3.9974502
                  2187.5                      -4.0793669
                    2190                      -4.1612239
                  2192.5                      -4.2428389
                    2195                      -4.3240211
                  2197.5                      -4.4045713
                    2200                      -4.4842784
                  2202.5                      -4.5629213
                    2205                       -4.640274
                  2207.5                      -4.7160981
                    2210                      -4.7901512
                  2212.5                      -4.8621891
                    2215                      -4.9319591
                  2217.5                      -4.9992108
                    2220                      -5.0636879
                  2222.5                       -5.125144
                    2225                      -5.1833347
                  2227.5                      -5.2380209
                    2230                      -5.2889748
                  2232.5                      -5.3359828
                    2235                      -5.3788438
                  2237.5                       -5.417374
                    2240                      -5.4514124
                  2242.5                      -5.4808167
                    2245                      -5.5054732
                  2247.5                      -5.5252911
                    2250                      -5.5402044
                  2252.5                      -5.5501832
                    2255                      -5.5552186
                  2257.5                      -5.5553345
                    2260                      -5.5505846
                  2262.5                      -5.5410448
                    2265                      -5.5268237
                  2267.5                      -5.5080526
                    2270                      -5.4848868
                  2272.5                      -5.4575015
                    2275                       -5.426091
                  2277.5                      -5.3908684
                    2280                      -5.3520566
                  2282.5                      -5.3098915
                    2285                      -5.2646186
                  2287.5                      -5.2164884
                    2290                      -5.1657549
                  2292.5                      -5.1126718
                    2295                      -5.0574969
                  2297.5                      -5.0004789
                    2300                      -4.9418669
                  2302.5                      -4.8819025
                    2305                      -4.8208209
                  2307.5                       -4.758846
                    2310                       -4.696199
                  2312.5                      -4.6330829
                    2315                      -4.5696996
                  2317.5                      -4.5062313
                    2320                      -4.4428563
                  2322.5                      -4.3797392
                    2325                       -4.317035
                  2327.5                      -4.2548828
                    2330                      -4.1934163
                  2332.5                      -4.1327603
                    2335                      -4.0730198
                  2337.5                      -4.0143006
                    2340                      -3.9566956
                  2342.5                      -3.9002824
                    2345                      -3.8451374
                  2347.5                      -3.7913259
                    2350                      -3.7389048
                  2352.5                        -3.68792
                    2355                      -3.6384182
                  2357.5                      -3.5904305
                    2360                      -3.5439825
                  2362.5                      -3.4991028
                    2365                      -3.4558013
                  2367.5                      -3.4140877
                    2370                      -3.3739696
                  2372.5                      -3.3354453
                    2375                      -3.2985085
                  2377.5                      -3.2631495
                    2380                       -3.229354
                  2382.5                      -3.1971015
                    2385                      -3.1663724
                  2387.5                      -3.1371392
                    2390                      -3.1093748
                  2392.5                      -3.0830436
                    2395                      -3.0581133
                  2397.5                      -3.0345434
                    2400                       -3.012294
                  2402.5                      -2.9913222
                    2405                      -2.9715844
                  2407.5                      -2.9530317
                    2410                      -2.9356157
                  2412.5                      -2.9192858
                    2415                      -2.9039914
                  2417.5                      -2.8896786
                    2420                      -2.8762953
                  2422.5                      -2.8637844
                    2425                       -2.852094
                  2427.5                       -2.841168
                    2430                      -2.8309503
                  2432.5                      -2.8213864
                    2435                      -2.8124225
                  2437.5                      -2.8040031
                    2440                       -2.796078
                  2442.5                      -2.7885908
                    2445                      -2.7814939
                  2447.5                      -2.7747373
                    2450                      -2.7682716
                  2452.5                      -2.7620533
                    2455                      -2.7560392
                  2457.5                      -2.7501862
                    2460                      -2.7444556
                  2462.5                      -2.7388139
                    2465                      -2.7332254
                  2467.5                      -2.7276615
                    2470                      -2.7220934
                  2472.5                      -2.7164983
                    2475                      -2.7108547
                  2477.5                      -2.7051479
                    2480                      -2.6993619
                  2482.5                      -2.6934878
                    2485                      -2.6875174
                  2487.5                      -2.6814495
                    2490                      -2.6752842
                  2492.5                       -2.669024
                    2495                      -2.6626778
                  2497.5                      -2.6562546
                    2500                      -2.6497685
                  2502.5                      -2.6432385
                    2505                      -2.6366814
                  2507.5                      -2.6301207
                    2510                      -2.6235822
                  2512.5                      -2.6170948
                    2515                      -2.6106878
                  2517.5                      -2.6043915
                    2520                      -2.5982425
                  2522.5                       -2.592276
                    2525                      -2.5865289
                  2527.5                      -2.5810406
                    2530                      -2.5758495
                  2532.5                       -2.570997
                    2535                      -2.5665243
                  2537.5                      -2.5624725
                    2540                      -2.5588847
                  2542.5                      -2.5558011
                    2545                      -2.5532643
                  2547.5                      -2.5513165
                    2550                      -2.5499975
                  2552.5                      -2.5493476
                    2555                      -2.5494065
                  2557.5                      -2.5502127
                    2560                      -2.5518026
                  2562.5                      -2.5542119
                    2565                      -2.5574776
                  2567.5                      -2.5616295
                    2570                      -2.5667007
                  2572.5                      -2.5727213
                    2575                      -2.5797173
                  2577.5                       -2.587715
                    2580                      -2.5967399
                  2582.5                      -2.6068122
                    2585                      -2.6179528
                  2587.5                      -2.6301781
                    2590                      -2.6435037
                  2592.5                      -2.6579442
                    2595                      -2.6735091
                  2597.5                      -2.6902094
                    2600                      -2.7080484
                  2602.5                      -2.7270318
                    2605                      -2.7471625
                  2607.5                      -2.7684391
                    2610                      -2.7908596
                  2612.5                       -2.814421
                    2615                      -2.8391134
                  2617.5                      -2.8649306
                    2620                       -2.891861
                  2622.5                      -2.9198932
                    2625                      -2.9490097
                  2627.5                      -2.9791971
                    2630                       -3.010436
                  2632.5                      -3.0427087
                    2635                      -3.0759919
                  2637.5                      -3.1102647
                    2640                      -3.1455023
                  2642.5                      -3.1816844
                    2645                      -3.2187809
                  2647.5                      -3.2567678
                    2650                      -3.2956195
                  2652.5                      -3.3353067
                    2655                      -3.3758063
                  2657.5                      -3.4170882
                    2660                      -3.4591282
                  2662.5                      -3.5018984
                    2665                       -3.545376
                  2667.5                      -3.5895343
                    2670                      -3.6343551
                  2672.5                      -3.6798115
                    2675                      -3.7258867
                  2677.5                      -3.7725628
                    2680                      -3.8198273
                  2682.5                      -3.8676641
                    2685                      -3.9160666
                  2687.5                      -3.9650235
                    2690                      -4.0145365
                  2692.5                      -4.0646022
                    2695                      -4.1152264
                  2697.5                      -4.1664156
                    2700                      -4.2181807
                  2702.5                      -4.2705403
                    2705                      -4.3235139
                  2707.5                      -4.3771256
                    2710                      -4.4314073
                  2712.5                      -4.4863926
                    2715                      -4.5421223
                  2717.5                      -4.5986383
                    2720                      -4.6559937
                  2722.5                      -4.7142422
                    2725                      -4.7734429
                  2727.5                      -4.8336625
                    2730                      -4.8949708
                  2732.5                      -4.9574433
                    2735                      -5.0211598
                  2737.5                      -5.0862064
                    2740                      -5.1526709
                  2742.5                      -5.2206527
                    2745                      -5.2902478
                  2747.5                      -5.3615643
                    2750                      -5.4347066
                  2752.5                      -5.5097928
                    2755                      -5.5869379
                  2757.5                      -5.6662659
                    2760                      -5.7479016
                  2762.5                      -5.8319773
                    2765                      -5.9186262
                  2767.5                      -6.0079862
                    2770                      -6.1002023
                  2772.5                      -6.1954175
                    2775                      -6.2937841
                  2777.5                      -6.3954536
                    2780                      -6.5005845
                  2782.5                      -6.6093364
                    2785                      -6.7218732
                  2787.5                      -6.8383627
                    2790                      -6.9589737
                  2792.5                       -7.083879
                    2795                      -7.2132558
                  2797.5                        -7.34728
                    2800                      -7.4861335
                  2802.5                      -7.6299967
                    2805                      -7.7790516
                  2807.5                      -7.9334816
                    2810                      -8.0934663
                  2812.5                      -8.2591853
                    2815                      -8.4308138
                  2817.5                      -8.6085199
                    2820                       -8.792464
                  2822.5                      -8.9827947
                    2825                      -9.1796431
                  2827.5                      -9.3831224
                    2830                      -9.5933153
                  2832.5                      -9.8102706
                    2835                      -10.033996
                  2837.5                      -10.264438
                    2840                      -10.501476
                  2842.5                      -10.744905
                    2845                      -10.994407
                  2847.5                      -11.249536
                    2850                      -11.509684
                  2852.5                      -11.774049
                    2855                      -12.041595
                  2857.5                      -12.311012
                    2860                      -12.580669
                  2862.5                      -12.848572
                    2865                      -13.112317
                  2867.5                      -13.369067
                    2870                       -13.61553
                  2872.5                      -13.847988
                    2875                      -14.062347
                  2877.5                      -14.254251
                    2880                      -14.419258
                  2882.5                      -14.553064
                    2885                      -14.651783
                  2887.5                      -14.712237
                    2890                      -14.732226
                  2892.5                      -14.710731
                    2895                       -14.64801
                  2897.5                      -14.545578
                    2900                      -14.406065
                  2902.5                      -14.232973
                    2905                      -14.030406
                  2907.5                      -13.802768
                    2910                      -13.554513
                  2912.5                      -13.289924
                    2915                      -13.012982
                  2917.5                       -12.72726
                    2920                      -12.435892
                  2922.5                       -12.14156
                    2925                      -11.846524
                  2927.5                      -11.552649
                    2930                      -11.261454
                  2932.5                      -10.974156
                    2935                      -10.691711
                  2937.5                      -10.414862
                    2940                      -10.144168
                  2942.5                      -9.8800389
                    2945                      -9.6227652
                  2947.5                       -9.372535
                    2950                      -9.1294587
                  2952.5                      -8.8935809
                    2955                       -8.664896
                  2957.5                      -8.4433573
                    2960                      -8.2288863
                  2962.5                      -8.0213809
                    2965                       -7.820717
                  2967.5                      -7.6267561
                    2970                      -7.4393528
                  2972.5                      -7.2583476
                    2975                      -7.0835804
                  2977.5                      -6.9148835
                    2980                      -6.7520891
                  2982.5                      -6.5950253
                    2985                      -6.4435214
                  2987.5                      -6.2974066
                    2990                      -6.1565095
                  2992.5                      -6.0206614
                    2995                      -5.8896924
                  2997.5                      -5.7634362
                    3000                      -5.6417249

