        Frequency / MHz                S1,1/abs,dB
----------------------------------------------------------------------
                     500                     -0.13230722
                   502.5                     -0.13488935
                     505                     -0.13748068
                   507.5                     -0.14008198
                     510                     -0.14269005
                   512.5                     -0.14530377
                     515                     -0.14792409
                   517.5                     -0.15054974
                     520                     -0.15317877
                   522.5                     -0.15580998
                     525                     -0.15844239
                   527.5                     -0.16107763
                     530                     -0.16371147
                   532.5                     -0.16634521
                     535                     -0.16897731
                   537.5                     -0.17160696
                     540                     -0.17423506
                   542.5                     -0.17685891
                     545                     -0.17947878
                   547.5                     -0.18209413
                     550                     -0.18470407
                   552.5                     -0.18730889
                     555                     -0.18990806
                   557.5                     -0.19250046
                     560                     -0.19508651
                   562.5                     -0.19766473
                     565                     -0.20023464
                   567.5                     -0.20279781
                     570                     -0.20535184
                   572.5                     -0.20789791
                     575                      -0.2104362
                   577.5                     -0.21296436
                     580                     -0.21548342
                   582.5                     -0.21799325
                     585                     -0.22049333
                   587.5                     -0.22298458
                     590                     -0.22546471
                   592.5                     -0.22793664
                     595                       -0.230398
                   597.5                      -0.2328492
                     600                     -0.23529053
                   602.5                     -0.23772243
                     605                     -0.24014295
                   607.5                      -0.2425545
                     610                     -0.24495555
                   612.5                     -0.24734635
                     615                       -0.249728
                   617.5                     -0.25209857
                     620                     -0.25445916
                   622.5                     -0.25681031
                     625                     -0.25915074
                   627.5                       -0.261481
                     630                     -0.26380204
                   632.5                     -0.26611359
                     635                     -0.26841399
                   637.5                     -0.27070501
                     640                     -0.27298618
                   642.5                     -0.27525805
                     645                     -0.27751923
                   647.5                     -0.27977262
                     650                     -0.28201529
                   652.5                     -0.28424893
                     655                     -0.28647187
                   657.5                     -0.28868553
                     660                     -0.29088992
                   662.5                     -0.29308492
                     665                     -0.29527065
                   667.5                      -0.2974465
                     670                     -0.29961315
                   672.5                     -0.30177049
                     675                     -0.30391859
                   677.5                      -0.3060566
                     680                     -0.30818583
                   682.5                     -0.31030481
                     685                     -0.31241392
                   687.5                     -0.31451396
                     690                     -0.31660349
                   692.5                     -0.31868425
                     695                      -0.3207543
                   697.5                     -0.32281416
                     700                     -0.32486425
                   702.5                     -0.32690386
                     705                     -0.32893396
                   707.5                     -0.33095286
                     710                     -0.33296121
                   712.5                      -0.3349588
                     715                       -0.336945
                   717.5                     -0.33892084
                     720                     -0.34088463
                   722.5                     -0.34283631
                     725                     -0.34477711
                   727.5                     -0.34670564
                     730                     -0.34862073
                   732.5                     -0.35052429
                     735                     -0.35241475
                   737.5                     -0.35429143
                     740                     -0.35615394
                   742.5                     -0.35800324
                     745                     -0.35983838
                   747.5                     -0.36165868
                     750                     -0.36346419
                   752.5                     -0.36525356
                     755                     -0.36702885
                   757.5                     -0.36878634
                     760                     -0.37052728
                   762.5                     -0.37225198
                     765                     -0.37395916
                   767.5                     -0.37564659
                     770                     -0.37731686
                   772.5                     -0.37896832
                     775                     -0.38059918
                   777.5                     -0.38221149
                     780                     -0.38380294
                   782.5                     -0.38537312
                     785                     -0.38692165
                   787.5                     -0.38844839
                     790                     -0.38995213
                   792.5                     -0.39143293
                     795                     -0.39288998
                   797.5                     -0.39432243
                     800                      -0.3957307
                   802.5                     -0.39711378
                     805                     -0.39847024
                   807.5                     -0.39979949
                     810                     -0.40110248
                   812.5                     -0.40237759
                     815                     -0.40362493
                   817.5                     -0.40484301
                     820                     -0.40603251
                   822.5                     -0.40719155
                     825                     -0.40832128
                   827.5                     -0.40941854
                     830                     -0.41048577
                   832.5                     -0.41152121
                     835                     -0.41252358
                   837.5                     -0.41349314
                     840                     -0.41443118
                   842.5                     -0.41533403
                     845                     -0.41620529
                   847.5                     -0.41703951
                     850                     -0.41784027
                   852.5                     -0.41860724
                     855                     -0.41933799
                   857.5                     -0.42003291
                     860                     -0.42069248
                   862.5                     -0.42131639
                     865                     -0.42190401
                   867.5                     -0.42245672
                     870                     -0.42297164
                   872.5                     -0.42345007
                     875                     -0.42389282
                   877.5                     -0.42429903
                     880                     -0.42466857
                   882.5                     -0.42500305
                     885                     -0.42529918
                   887.5                     -0.42556129
                     890                      -0.4257864
                   892.5                     -0.42597622
                     895                     -0.42612949
                   897.5                     -0.42625031
                     900                     -0.42633426
                   902.5                     -0.42638463
                     905                     -0.42640041
                   907.5                     -0.42638405
                     910                     -0.42633447
                   912.5                     -0.42625203
                     915                     -0.42613714
                   917.5                     -0.42599192
                     920                     -0.42581555
                   922.5                     -0.42560985
                     925                      -0.4253745
                   927.5                      -0.4251107
                     930                     -0.42481924
                   932.5                     -0.42450109
                     935                     -0.42415589
                   937.5                     -0.42378506
                     940                     -0.42339186
                   942.5                     -0.42297362
                     945                     -0.42253351
                   947.5                     -0.42207154
                     950                     -0.42158907
                   952.5                     -0.42108739
                     955                     -0.42056637
                   957.5                       -0.420028
                     960                     -0.41947386
                   962.5                     -0.41890247
                     965                     -0.41831771
                   967.5                        -0.41772
                     970                     -0.41710932
                   972.5                     -0.41648721
                     975                     -0.41585516
                   977.5                     -0.41521337
                     980                     -0.41456259
                   982.5                       -0.413906
                     985                     -0.41324208
                   987.5                     -0.41257355
                     990                     -0.41190092
                   992.5                     -0.41122454
                     995                     -0.41054605
                   997.5                     -0.40986661
                    1000                     -0.40918622
                  1002.5                     -0.40850512
                    1005                     -0.40782733
                  1007.5                     -0.40715076
                    1010                     -0.40647714
                  1012.5                     -0.40580737
                    1015                     -0.40514153
                  1017.5                     -0.40448136
                    1020                     -0.40382608
                  1022.5                     -0.40317696
                    1025                     -0.40253542
                  1027.5                     -0.40190144
                    1030                     -0.40127444
                  1032.5                      -0.4006564
                    1035                     -0.40004815
                  1037.5                     -0.39944811
                    1040                     -0.39885709
                  1042.5                     -0.39827648
                    1045                     -0.39770551
                  1047.5                     -0.39714441
                    1050                     -0.39659349
                  1052.5                      -0.3960529
                    1055                     -0.39552382
                  1057.5                      -0.3950037
                    1060                     -0.39449497
                  1062.5                     -0.39399628
                    1065                     -0.39350732
                  1067.5                      -0.3930281
                    1070                     -0.39255981
                  1072.5                         -0.3921
                    1075                     -0.39164952
                  1077.5                     -0.39120791
                    1080                      -0.3907751
                  1082.5                     -0.39035043
                    1085                     -0.38993323
                  1087.5                     -0.38952279
                    1090                     -0.38911959
                  1092.5                     -0.38872224
                    1095                     -0.38833119
                  1097.5                     -0.38794514
                    1100                     -0.38756171
                  1102.5                      -0.3871834
                    1105                     -0.38680793
                  1107.5                     -0.38643524
                    1110                      -0.3860644
                  1112.5                      -0.3856945
                    1115                      -0.3853254
                  1117.5                     -0.38495564
                    1120                     -0.38458574
                  1122.5                     -0.38421352
                    1125                     -0.38384021
                  1127.5                     -0.38346259
                    1130                      -0.3830822
                  1132.5                     -0.38269669
                    1135                     -0.38230694
                  1137.5                      -0.3819109
                    1140                     -0.38150936
                  1142.5                     -0.38110059
                    1145                     -0.38068513
                  1147.5                     -0.38026071
                    1150                     -0.37982798
                  1152.5                     -0.37938726
                    1155                     -0.37893547
                  1157.5                     -0.37847524
                    1160                     -0.37800315
                  1162.5                     -0.37752137
                    1165                     -0.37702828
                  1167.5                     -0.37652395
                    1170                     -0.37600709
                  1172.5                     -0.37547915
                    1175                     -0.37493927
                  1177.5                     -0.37438632
                    1180                     -0.37382168
                  1182.5                     -0.37324483
                    1185                     -0.37265436
                  1187.5                     -0.37205248
                    1190                     -0.37143818
                  1192.5                     -0.37081154
                    1195                     -0.37017308
                  1197.5                     -0.36952164
                    1200                     -0.36886043
                  1202.5                     -0.36818697
                    1205                     -0.36750281
                  1207.5                     -0.36680768
                    1210                     -0.36610249
                  1212.5                     -0.36538702
                    1215                     -0.36466254
                  1217.5                      -0.3639305
                    1220                     -0.36318868
                  1222.5                      -0.3624402
                    1225                     -0.36168464
                  1227.5                     -0.36092303
                    1230                     -0.36015587
                  1232.5                     -0.35938344
                    1235                     -0.35860687
                  1237.5                     -0.35782793
                    1240                     -0.35704595
                  1242.5                     -0.35626154
                    1245                     -0.35547705
                  1247.5                     -0.35469162
                    1250                     -0.35390783
                  1252.5                     -0.35312568
                    1255                     -0.35234593
                  1257.5                     -0.35156986
                    1260                     -0.35079734
                  1262.5                     -0.35003006
                    1265                     -0.34926811
                  1267.5                     -0.34851347
                    1270                     -0.34776647
                  1272.5                     -0.34702851
                    1275                     -0.34629883
                  1277.5                     -0.34557969
                    1280                     -0.34487178
                  1282.5                     -0.34417481
                    1285                     -0.34349106
                  1287.5                     -0.34281957
                    1290                     -0.34216228
                  1292.5                     -0.34151854
                    1295                      -0.3408893
                  1297.5                     -0.34027644
                    1300                     -0.33967931
                  1302.5                     -0.33909883
                    1305                     -0.33853619
                  1307.5                     -0.33799008
                    1310                     -0.33746193
                  1312.5                     -0.33695175
                    1315                     -0.33645932
                  1317.5                     -0.33598686
                    1320                     -0.33553231
                  1322.5                     -0.33509656
                    1325                     -0.33467999
                  1327.5                     -0.33428278
                    1330                     -0.33390447
                  1332.5                     -0.33354552
                    1335                     -0.33320529
                  1337.5                      -0.3328831
                    1340                      -0.3325803
                  1342.5                     -0.33229629
                    1345                     -0.33202972
                  1347.5                     -0.33178018
                    1350                     -0.33154959
                  1352.5                     -0.33133463
                    1355                     -0.33113663
                  1357.5                     -0.33095411
                    1360                     -0.33078778
                  1362.5                     -0.33063632
                    1365                     -0.33049831
                  1367.5                     -0.33037491
                    1370                     -0.33026336
                  1372.5                     -0.33016465
                    1375                     -0.33007753
                  1377.5                     -0.33000048
                    1380                      -0.3299339
                  1382.5                     -0.32987602
                    1385                      -0.3298274
                  1387.5                     -0.32978572
                    1390                     -0.32975108
                  1392.5                     -0.32972161
                    1395                     -0.32969765
                  1397.5                     -0.32967773
                    1400                     -0.32966111
                  1402.5                     -0.32964554
                    1405                     -0.32963434
                  1407.5                     -0.32962129
                    1410                     -0.32961087
                  1412.5                     -0.32959806
                    1415                     -0.32958284
                  1417.5                     -0.32956761
                    1420                     -0.32954636
                  1422.5                     -0.32952411
                    1425                     -0.32949539
                  1427.5                     -0.32946292
                    1430                       -0.329424
                  1432.5                     -0.32937801
                    1435                      -0.3293267
                  1437.5                     -0.32926786
                    1440                     -0.32919887
                  1442.5                     -0.32912494
                    1445                      -0.3290408
                  1447.5                     -0.32894747
                    1450                     -0.32884491
                  1452.5                     -0.32873235
                    1455                     -0.32861202
                  1457.5                     -0.32848044
                    1460                     -0.32834025
                  1462.5                     -0.32818936
                    1465                     -0.32802916
                  1467.5                     -0.32785765
                    1470                     -0.32767906
                  1472.5                     -0.32749025
                    1475                     -0.32729091
                  1477.5                     -0.32708625
                    1480                     -0.32687059
                  1482.5                     -0.32664751
                    1485                      -0.3264183
                  1487.5                     -0.32618033
                    1490                     -0.32593854
                  1492.5                     -0.32568822
                    1495                     -0.32543509
                  1497.5                     -0.32517682
                    1500                      -0.3249137
                  1502.5                     -0.32465075
                    1505                     -0.32438419
                  1507.5                     -0.32411563
                    1510                     -0.32384739
                  1512.5                     -0.32358021
                    1515                     -0.32331681
                  1517.5                     -0.32305266
                    1520                     -0.32279462
                  1522.5                     -0.32254003
                    1525                     -0.32229181
                  1527.5                     -0.32205212
                    1530                     -0.32181717
                  1532.5                     -0.32159286
                    1535                     -0.32137984
                  1537.5                     -0.32117556
                    1540                     -0.32098479
                  1542.5                     -0.32080836
                    1545                     -0.32064486
                  1547.5                     -0.32049669
                    1550                     -0.32036495
                  1552.5                     -0.32025092
                    1555                     -0.32015375
                  1557.5                     -0.32007821
                    1560                      -0.3200215
                  1562.5                     -0.31998646
                    1565                     -0.31997151
                  1567.5                      -0.3199821
                    1570                      -0.3200132
                  1572.5                     -0.32007108
                    1575                      -0.3201526
                  1577.5                     -0.32026099
                    1580                     -0.32039458
                  1582.5                     -0.32055599
                    1585                     -0.32074274
                  1587.5                     -0.32095851
                    1590                     -0.32120207
                  1592.5                     -0.32147209
                    1595                      -0.3217735
                  1597.5                     -0.32210237
                    1600                     -0.32245865
                  1602.5                      -0.3228464
                    1605                     -0.32326207
                  1607.5                     -0.32370517
                    1610                     -0.32417802
                  1612.5                     -0.32468114
                    1615                     -0.32521053
                  1617.5                     -0.32576956
                    1620                     -0.32635552
                  1622.5                     -0.32696897
                    1625                      -0.3276074
                  1627.5                     -0.32827516
                    1630                     -0.32896726
                  1632.5                     -0.32968415
                    1635                      -0.3304267
                  1637.5                     -0.33119098
                    1640                     -0.33197988
                  1642.5                     -0.33279078
                    1645                     -0.33362435
                  1647.5                     -0.33447622
                    1650                     -0.33535009
                  1652.5                      -0.3362409
                    1655                     -0.33714889
                  1657.5                     -0.33807605
                    1660                     -0.33901615
                  1662.5                      -0.3399736
                    1665                     -0.34094374
                  1667.5                     -0.34192508
                    1670                     -0.34292097
                  1672.5                     -0.34392637
                    1675                     -0.34494111
                  1677.5                     -0.34596421
                    1680                     -0.34699686
                  1682.5                     -0.34803462
                    1685                     -0.34907952
                  1687.5                     -0.35012904
                    1690                     -0.35118243
                  1692.5                     -0.35223728
                    1695                     -0.35329617
                  1697.5                     -0.35435832
                    1700                     -0.35541875
                  1702.5                     -0.35648083
                    1705                     -0.35754264
                  1707.5                     -0.35860393
                    1710                     -0.35966427
                  1712.5                     -0.36072107
                    1715                     -0.36177734
                  1717.5                     -0.36283197
                    1720                     -0.36388216
                  1722.5                     -0.36493122
                    1725                     -0.36597818
                  1727.5                     -0.36702046
                    1730                     -0.36806176
                  1732.5                     -0.36910137
                    1735                     -0.37013736
                  1737.5                     -0.37117368
                    1740                     -0.37220763
                  1742.5                     -0.37324104
                    1745                     -0.37427491
                  1747.5                     -0.37530966
                    1750                     -0.37634626
                  1752.5                     -0.37738677
                    1755                     -0.37842862
                  1757.5                     -0.37947561
                    1760                     -0.38052861
                  1762.5                     -0.38158921
                    1765                      -0.3826589
                  1767.5                     -0.38373706
                    1770                     -0.38482669
                  1772.5                     -0.38592951
                    1775                     -0.38704548
                  1777.5                     -0.38817945
                    1780                     -0.38933134
                  1782.5                     -0.39050199
                    1785                     -0.39169425
                  1787.5                     -0.39291028
                    1790                     -0.39415165
                  1792.5                     -0.39542015
                    1795                     -0.39671809
                  1797.5                     -0.39804699
                    1800                     -0.39941058
                  1802.5                     -0.40080901
                    1805                     -0.40224697
                  1807.5                     -0.40372292
                    1810                     -0.40524152
                  1812.5                     -0.40680569
                    1815                      -0.4084157
                  1817.5                     -0.41007264
                    1820                     -0.41178182
                  1822.5                     -0.41354357
                    1825                     -0.41536059
                  1827.5                     -0.41723452
                    1830                      -0.4191667
                  1832.5                     -0.42116019
                    1835                     -0.42321804
                  1837.5                     -0.42533888
                    1840                     -0.42752748
                  1842.5                     -0.42978319
                    1845                     -0.43211026
                  1847.5                     -0.43450911
                    1850                     -0.43698105
                  1852.5                     -0.43952754
                    1855                     -0.44215064
                  1857.5                     -0.44485239
                    1860                     -0.44763262
                  1862.5                     -0.45049214
                    1865                     -0.45343424
                  1867.5                     -0.45645875
                    1870                     -0.45956606
                  1872.5                     -0.46275679
                    1875                     -0.46603287
                  1877.5                       -0.469395
                    1880                     -0.47284294
                  1882.5                     -0.47637651
                    1885                     -0.47999816
                  1887.5                      -0.4837066
                    1890                     -0.48750351
                  1892.5                      -0.4913874
                    1895                     -0.49535889
                  1897.5                     -0.49941804
                    1900                     -0.50356468
                  1902.5                     -0.50779766
                    1905                     -0.51212011
                  1907.5                     -0.51652834
                    1910                     -0.52102174
                  1912.5                     -0.52560123
                    1915                     -0.53026805
                  1917.5                     -0.53501897
                    1920                     -0.53985412
                  1922.5                     -0.54477289
                    1925                     -0.54977508
                  1927.5                     -0.55486108
                    1930                       -0.560027
                  1932.5                      -0.5652753
                    1935                     -0.57060536
                  1937.5                     -0.57601504
                    1940                     -0.58150423
                  1942.5                     -0.58707145
                    1945                     -0.59271871
                  1947.5                     -0.59844425
                    1950                     -0.60424601
                  1952.5                     -0.61012682
                    1955                     -0.61608388
                  1957.5                     -0.62211831
                    1960                     -0.62823139
                  1962.5                     -0.63441996
                    1965                     -0.64068759
                  1967.5                     -0.64703138
                    1970                     -0.65345549
                  1972.5                     -0.65995834
                    1975                     -0.66654074
                  1977.5                     -0.67320327
                    1980                     -0.67994999
                  1982.5                     -0.68677902
                    1985                     -0.69369311
                  1987.5                     -0.70069582
                    1990                     -0.70778731
                  1992.5                     -0.71496878
                    1995                     -0.72224589
                  1997.5                     -0.72961931
                    2000                     -0.73709123
                  2002.5                     -0.74466748
                    2005                      -0.7523509
                  2007.5                     -0.76014289
                    2010                     -0.76805003
                  2012.5                     -0.77607532
                    2015                     -0.78422514
                  2017.5                     -0.79250266
                    2020                     -0.80091406
                  2022.5                     -0.80946388
                    2025                     -0.81815917
                  2027.5                     -0.82700561
                    2030                      -0.8360082
                  2032.5                     -0.84517582
                    2035                     -0.85451474
                  2037.5                     -0.86403049
                    2040                      -0.8737332
                  2042.5                     -0.88362965
                    2045                     -0.89372713
                  2047.5                     -0.90403593
                    2050                     -0.91456133
                  2052.5                     -0.92531636
                    2055                     -0.93630702
                  2057.5                     -0.94754417
                    2060                     -0.95903619
                  2062.5                     -0.97079544
                    2065                     -0.98283101
                  2067.5                      -0.9951513
                    2070                      -1.0077685
                  2072.5                      -1.0206932
                    2075                      -1.0339348
                  2077.5                      -1.0475071
                    2080                      -1.0614194
                  2082.5                      -1.0756832
                    2085                      -1.0903113
                  2087.5                      -1.1053133
                    2090                       -1.120701
                  2092.5                       -1.136488
                    2095                       -1.152684
                  2097.5                      -1.1693017
                    2100                      -1.1863533
                  2102.5                      -1.2038495
                    2105                      -1.2218034
                  2107.5                      -1.2402257
                    2110                      -1.2591303
                  2112.5                       -1.278526
                    2115                      -1.2984257
                  2117.5                      -1.3188419
                    2120                      -1.3397839
                  2122.5                      -1.3612648
                    2125                      -1.3832936
                  2127.5                      -1.4058828
                    2130                      -1.4290424
                  2132.5                      -1.4527826
                    2135                      -1.4771144
                  2137.5                      -1.5020455
                    2140                      -1.5275852
                  2142.5                      -1.5537466
                    2145                      -1.5805341
                  2147.5                      -1.6079572
                    2150                      -1.6360238
                  2152.5                      -1.6647408
                    2155                      -1.6941165
                  2157.5                      -1.7241544
                    2160                       -1.754862
                  2162.5                      -1.7862444
                    2165                      -1.8183057
                  2167.5                      -1.8510487
                    2170                      -1.8844768
                  2172.5                      -1.9185924
                    2175                      -1.9533962
                  2177.5                      -1.9888882
                    2180                      -2.0250691
                  2182.5                      -2.0619377
                    2185                      -2.0994899
                  2187.5                       -2.137723
                    2190                       -2.176632
                  2192.5                      -2.2162111
                    2195                      -2.2564545
                  2197.5                       -2.297352
                    2200                       -2.338895
                  2202.5                      -2.3810716
                    2205                      -2.4238704
                  2207.5                       -2.467275
                    2210                      -2.5112729
                  2212.5                      -2.5558446
                    2215                      -2.6009712
                  2217.5                      -2.6466329
                    2220                      -2.6928058
                  2222.5                      -2.7394667
                    2225                      -2.7865872
                  2227.5                      -2.8341391
                    2230                      -2.8820935
                  2232.5                      -2.9304153
                    2235                      -2.9790707
                  2237.5                      -3.0280207
                    2240                      -3.0772263
                  2242.5                      -3.1266478
                    2245                      -3.1762371
                  2247.5                       -3.225948
                    2250                      -3.2757321
                  2252.5                      -3.3255366
                    2255                      -3.3753076
                  2257.5                      -3.4249875
                    2260                       -3.474516
                  2262.5                      -3.5238332
                    2265                      -3.5728737
                  2267.5                      -3.6215703
                    2270                      -3.6698542
                  2272.5                      -3.7176545
                    2275                       -3.764899
                  2277.5                      -3.8115095
                    2280                      -3.8574107
                  2282.5                      -3.9025247
                    2285                      -3.9467714
                  2287.5                      -3.9900688
                    2290                      -4.0323337
                  2292.5                      -4.0734857
                    2295                      -4.1134391
                  2297.5                      -4.1521149
                    2300                      -4.1894253
                  2302.5                      -4.2252902
                    2305                      -4.2596295
                  2307.5                      -4.2923623
                    2310                      -4.3234111
                  2312.5                      -4.3527005
                    2315                      -4.3801566
                  2317.5                      -4.4057103
                    2320                       -4.429294
                  2322.5                      -4.4508479
                    2325                      -4.4703119
                  2327.5                      -4.4876336
                    2330                      -4.5027638
                  2332.5                        -4.51566
                    2335                      -4.5262862
                  2337.5                      -4.5346099
                    2340                      -4.5406067
                  2342.5                      -4.5442584
                    2345                      -4.5455532
                  2347.5                      -4.5444849
                    2350                      -4.5410564
                  2352.5                      -4.5352738
                    2355                      -4.5271558
                  2357.5                      -4.5167189
                    2360                       -4.503993
                  2362.5                      -4.4890132
                    2365                      -4.4718198
                  2367.5                       -4.452456
                    2370                      -4.4309753
                  2372.5                      -4.4074316
                    2375                      -4.3818866
                  2377.5                      -4.3544071
                    2380                      -4.3250629
                  2382.5                      -4.2939228
                    2385                      -4.2610655
                  2387.5                      -4.2265684
                    2390                      -4.1905116
                  2392.5                      -4.1529784
                    2395                      -4.1140531
                  2397.5                      -4.0738187
                    2400                      -4.0323625
                  2402.5                      -3.9897681
                    2405                      -3.9461245
                  2407.5                      -3.9015115
                    2410                      -3.8560195
                  2412.5                       -3.809728
                    2415                      -3.7627206
                  2417.5                      -3.7150792
                    2420                      -3.6668816
                  2422.5                      -3.6182066
                    2425                      -3.5691268
                  2427.5                      -3.5197183
                    2430                      -3.4700501
                  2432.5                      -3.4201907
                    2435                      -3.3702079
                  2437.5                      -3.3201642
                    2440                      -3.2701191
                  2442.5                      -3.2201349
                    2445                      -3.1702654
                  2447.5                      -3.1205629
                    2450                      -3.0710787
                  2452.5                      -3.0218617
                    2455                       -2.972957
                  2457.5                      -2.9244066
                    2460                      -2.8762531
                  2462.5                       -2.828532
                    2465                      -2.7812821
                  2467.5                      -2.7345335
                    2470                      -2.6883177
                  2472.5                      -2.6426668
                    2475                      -2.5976031
                  2477.5                      -2.5531513
                    2480                      -2.5093373
                  2482.5                      -2.4661791
                    2485                      -2.4236947
                  2487.5                      -2.3819008
                    2490                      -2.3408132
                  2492.5                      -2.3004433
                    2495                      -2.2608025
                  2497.5                      -2.2219014
                    2500                      -2.1837479
                  2502.5                      -2.1463497
                    2505                      -2.1097089
                  2507.5                      -2.0738305
                    2510                      -2.0387171
                  2512.5                      -2.0043687
                    2515                      -1.9707862
                  2517.5                      -1.9379667
                    2520                      -1.9059089
                  2522.5                      -1.8746078
                    2525                      -1.8440581
                  2527.5                      -1.8142569
                    2530                      -1.7851949
                  2532.5                      -1.7568645
                    2535                       -1.729256
                  2537.5                      -1.7023635
                    2540                       -1.676173
                  2542.5                       -1.650674
                    2545                      -1.6258555
                  2547.5                      -1.6017063
                    2550                      -1.5782103
                  2552.5                      -1.5553556
                    2555                      -1.5331286
                  2557.5                      -1.5115122
                    2560                      -1.4904912
                  2562.5                      -1.4700517
                    2565                      -1.4501751
                  2567.5                      -1.4308487
                    2570                      -1.4120499
                  2572.5                      -1.3937663
                    2575                      -1.3759792
                  2577.5                       -1.358669
                    2580                       -1.341819
                  2582.5                      -1.3254109
                    2585                      -1.3094286
                  2587.5                      -1.2938501
                    2590                      -1.2786595
                  2592.5                      -1.2638381
                    2595                      -1.2493679
                  2597.5                      -1.2352306
                    2600                      -1.2214081
                  2602.5                      -1.2078806
                    2605                      -1.1946351
                  2607.5                      -1.1816493
                    2610                      -1.1689089
                  2612.5                      -1.1563967
                    2615                      -1.1440966
                  2617.5                      -1.1319914
                    2620                       -1.120066
                  2622.5                      -1.1083048
                    2625                      -1.0966942
                  2627.5                      -1.0852192
                    2630                      -1.0738654
                  2632.5                      -1.0626207
                    2635                      -1.0514729
                  2637.5                      -1.0404104
                    2640                      -1.0294202
                  2642.5                       -1.018492
                    2645                      -1.0076178
                  2647.5                     -0.99678785
                    2650                     -0.98599296
                  2652.5                     -0.97522589
                    2655                     -0.96447872
                  2657.5                     -0.95374579
                    2660                     -0.94302306
                  2662.5                     -0.93230359
                    2665                     -0.92158521
                  2667.5                     -0.91086414
                    2670                     -0.90013661
                  2672.5                     -0.88940285
                    2675                     -0.87866131
                  2677.5                     -0.86791082
                    2680                     -0.85715411
                  2682.5                     -0.84638921
                    2685                     -0.83562018
                  2687.5                      -0.8248472
                    2690                     -0.81407602
                  2692.5                     -0.80330993
                    2695                     -0.79255079
                  2697.5                      -0.7818062
                    2700                     -0.77107964
                  2702.5                      -0.7603786
                    2705                     -0.74970762
                  2707.5                     -0.73907506
                    2710                     -0.72848487
                  2712.5                     -0.71794851
                    2715                     -0.70747249
                  2717.5                     -0.69706187
                    2720                     -0.68672932
                  2722.5                     -0.67647982
                    2725                     -0.66632531
                  2727.5                     -0.65626966
                    2730                     -0.64632685
                  2732.5                     -0.63650285
                    2735                     -0.62680602
                  2737.5                     -0.61724647
                    2740                     -0.60783324
                  2742.5                     -0.59857513
                    2745                     -0.58947885
                  2747.5                     -0.58055391
                    2750                     -0.57180904
                  2752.5                      -0.5632509
                    2755                     -0.55488721
                  2757.5                     -0.54672677
                    2760                      -0.5387746
                  2762.5                     -0.53103902
                    2765                     -0.52352446
                  2767.5                     -0.51623774
                    2770                     -0.50918455
                  2772.5                     -0.50236997
                    2775                     -0.49579593
                  2777.5                     -0.48946904
                    2780                      -0.4833912
                  2782.5                     -0.47756527
                    2785                     -0.47199458
                  2787.5                     -0.46667985
                    2790                     -0.46162252
                  2792.5                     -0.45682235
                    2795                     -0.45228038
                  2797.5                     -0.44799456
                    2800                     -0.44396352
                  2802.5                     -0.44018651
                    2805                     -0.43666015
                  2807.5                     -0.43338116
                    2810                     -0.43034565
                  2812.5                     -0.42754868
                    2815                       -0.424986
                  2817.5                     -0.42265171
                    2820                     -0.42053989
                  2822.5                     -0.41864207
                    2825                     -0.41695105
                  2827.5                     -0.41546078
                    2830                     -0.41416118
                  2832.5                     -0.41304274
                    2835                     -0.41209597
                  2837.5                     -0.41131269
                    2840                     -0.41067974
                  2842.5                     -0.41018806
                    2845                     -0.40982488
                  2847.5                     -0.40957931
                    2850                       -0.409439
                  2852.5                     -0.40939194
                    2855                     -0.40942542
                  2857.5                      -0.4095274
                    2860                     -0.40968244
                  2862.5                     -0.40987995
                    2865                     -0.41010611
                  2867.5                     -0.41034632
                    2870                      -0.4105888
                  2872.5                     -0.41081876
                    2875                     -0.41102416
                  2877.5                     -0.41119135
                    2880                     -0.41130724
                  2882.5                     -0.41135939
                    2885                     -0.41133599
                  2887.5                     -0.41122309
                    2890                     -0.41100957
                  2892.5                     -0.41068458
                    2895                      -0.4102378
                  2897.5                     -0.40965595
                    2900                     -0.40893157
                  2902.5                     -0.40805484
                    2905                     -0.40701552
                  2907.5                     -0.40580777
                    2910                     -0.40442318
                  2912.5                     -0.40285344
                    2915                     -0.40109493
                  2917.5                     -0.39914108
                    2920                     -0.39698724
                  2922.5                     -0.39462999
                    2925                     -0.39206779
                  2927.5                      -0.3892972
                    2930                     -0.38631877
                  2932.5                     -0.38313007
                    2935                     -0.37973481
                  2937.5                     -0.37613342
                    2940                     -0.37232798
                  2942.5                     -0.36832207
                    2945                     -0.36412081
                  2947.5                     -0.35972835
                    2950                     -0.35515155
                  2952.5                     -0.35039794
                    2955                     -0.34547486
                  2957.5                     -0.34039048
                    2960                     -0.33515399
                  2962.5                     -0.32977628
                    2965                     -0.32426669
                  2967.5                     -0.31863909
                    2970                     -0.31290249
                  2972.5                     -0.30707262
                    2975                     -0.30116099
                  2977.5                     -0.29518146
                    2980                     -0.28914777
                  2982.5                     -0.28307489
                    2985                     -0.27697821
                  2987.5                     -0.27087156
                    2990                     -0.26477314
                  2992.5                     -0.25869499
                    2995                      -0.2526549
                  2997.5                       -0.246668
                    3000                     -0.24075048

