        Frequency / MHz                S1,1/abs,dB
----------------------------------------------------------------------
                     500                    -0.015110401
                   502.5                   -0.0040168676
                     505                   5.3252056e-07
                   507.5                     -0.00305741
                     510                    -0.012474326
                   512.5                    -0.026930119
                     515                    -0.044644005
                   517.5                    -0.063571222
                     520                    -0.081616391
                   522.5                    -0.096863273
                     525                     -0.10777127
                   527.5                     -0.11333569
                     530                      -0.1131872
                   532.5                     -0.10760626
                     535                    -0.097459917
                   537.5                    -0.084073538
                     540                    -0.069061069
                   542.5                    -0.054123677
                     545                    -0.040868313
                   547.5                    -0.030634846
                     550                    -0.024377323
                   552.5                    -0.022584094
                     555                    -0.025250805
                   557.5                    -0.031903116
                     560                     -0.04165867
                   562.5                    -0.053334424
                     565                    -0.065577313
                   567.5                    -0.077015064
                     570                    -0.086409747
                   572.5                    -0.092786112
                     575                    -0.095542605
                   577.5                    -0.094503313
                     580                    -0.089935388
                   582.5                    -0.082489778
                     585                    -0.073125029
                   587.5                    -0.062980921
                     590                    -0.053243324
                   592.5                    -0.045011163
                     595                    -0.039184008
                   597.5                    -0.036366495
                     600                    -0.036815974
                   602.5                    -0.040426457
                     605                    -0.046747824
                   607.5                    -0.055039691
                     610                    -0.064351825
                   612.5                    -0.073641264
                     615                    -0.081878936
                   617.5                    -0.088169714
                     620                    -0.091853102
                   622.5                    -0.092576686
                     625                    -0.090333485
                   627.5                    -0.085456844
                     630                    -0.078577644
                   632.5                    -0.070545907
                     635                    -0.062327805
                   637.5                    -0.054900173
                     640                    -0.049137016
                   642.5                    -0.045718126
                     645                    -0.045059053
                   647.5                    -0.047267513
                     650                    -0.052138399
                   652.5                    -0.059171229
                     655                     -0.06762857
                   657.5                    -0.076613221
                     660                    -0.085168478
                   662.5                     -0.09237828
                     665                    -0.097479056
                   667.5                    -0.099942073
                     670                    -0.099533379
                   672.5                    -0.096348848
                     675                    -0.090795887
                   677.5                    -0.083551079
                     680                    -0.075481731
                   682.5                     -0.06754769
                     685                    -0.060698244
                   687.5                     -0.05576434
                     690                    -0.053379453
                   692.5                    -0.053901485
                     695                    -0.057385205
                   697.5                    -0.063569903
                     700                    -0.071900457
                   702.5                    -0.081589161
                     705                    -0.091690213
                   707.5                     -0.10120359
                     710                     -0.10917511
                   712.5                      -0.1148111
                     715                     -0.11756683
                   717.5                     -0.11720958
                     720                     -0.11385008
                   722.5                     -0.10793451
                     725                      -0.1001963
                   727.5                     -0.09157555
                     730                    -0.083118721
                   732.5                    -0.075869677
                     735                    -0.070754926
                   737.5                    -0.068490249
                     740                    -0.069509743
                   742.5                    -0.073911339
                     745                    -0.081452539
                   747.5                    -0.091559378
                     750                      -0.1033842
                   752.5                      -0.1158879
                     755                     -0.12793969
                   757.5                     -0.13843715
                     760                     -0.14642478
                   762.5                     -0.15120669
                     765                     -0.15241989
                   767.5                     -0.15009458
                     770                     -0.14464523
                   772.5                     -0.13683512
                     775                     -0.12770201
                   777.5                     -0.11843739
                     780                     -0.11027371
                   782.5                     -0.10435621
                     785                     -0.10162238
                   787.5                     -0.10271198
                     790                     -0.10789738
                   792.5                     -0.11705761
                     795                     -0.12967445
                   797.5                     -0.14487818
                     800                     -0.16152406
                   802.5                     -0.17829884
                     805                     -0.19385162
                   807.5                     -0.20693855
                     810                     -0.21655645
                   812.5                     -0.22206294
                     815                     -0.22325822
                   817.5                     -0.22042033
                     820                     -0.21428138
                   822.5                     -0.20596083
                     825                     -0.19685293
                   827.5                     -0.18848566
                     830                     -0.18236564
                   832.5                     -0.17983824
                     835                     -0.18195235
                   837.5                     -0.18936066
                     840                        -0.20225
                   842.5                     -0.22032106
                     845                     -0.24279626
                   847.5                     -0.26848362
                     850                     -0.29587696
                   852.5                     -0.32329372
                     855                      -0.3490427
                   857.5                     -0.37161003
                     860                      -0.3898286
                   862.5                     -0.40302934
                     865                     -0.41114226
                   867.5                     -0.41473341
                     870                     -0.41496603
                   872.5                     -0.41350577
                     875                      -0.4123674
                   877.5                     -0.41373496
                     880                     -0.41976344
                   882.5                     -0.43239812
                     885                     -0.45320661
                   887.5                     -0.48326012
                     890                      -0.5230399
                   892.5                     -0.57239993
                     895                     -0.63057255
                   897.5                     -0.69623109
                     900                      -0.7676079
                   902.5                     -0.84266788
                     905                     -0.91933409
                   907.5                     -0.99575173
                     910                      -1.0705717
                   912.5                      -1.1432001
                     915                      -1.2140157
                   917.5                      -1.2844934
                     920                      -1.3572245
                   922.5                      -1.4358551
                     925                      -1.5249201
                   927.5                       -1.629642
                     930                       -1.755709
                   932.5                      -1.9090482
                     935                      -2.0956389
                   937.5                      -2.3213421
                     940                      -2.5917445
                   942.5                      -2.9119737
                     945                       -3.286446
                   947.5                      -3.7184479
                     950                      -4.2094243
                   952.5                      -4.7577696
                     955                      -5.3568375
                   957.5                      -5.9918812
                     960                      -6.6358374
                   962.5                       -7.244968
                     965                      -7.7575881
                   967.5                      -8.1020482
                     970                       -8.218264
                   972.5                      -8.0847574
                     975                      -7.7301044
                   977.5                      -7.2177554
                     980                       -6.618636
                   982.5                      -5.9916119
                     985                      -5.3773648
                   987.5                      -4.8005005
                     990                      -4.2740193
                   992.5                      -3.8033912
                     995                      -3.3894414
                   997.5                      -3.0302118
                    1000                       -2.722096
                  1002.5                      -2.4605113
                    1005                      -2.2403047
                  1007.5                       -2.056009
                    1010                      -1.9020428
                  1012.5                      -1.7728558
                    1015                      -1.6631032
                  1017.5                      -1.5678142
                    1020                      -1.4825496
                  1022.5                      -1.4035761
                    1025                      -1.3279815
                  1027.5                      -1.2537487
                    1030                      -1.1797631
                  1032.5                      -1.1057405
                    1035                      -1.0321103
                  1037.5                     -0.95982188
                    1040                     -0.89014991
                  1042.5                      -0.8244887
                    1045                     -0.76416663
                  1047.5                     -0.71028761
                    1050                     -0.66362928
                  1052.5                     -0.62455966
                    1055                     -0.59302083
                  1057.5                     -0.56852953
                    1060                     -0.55022563
                  1062.5                     -0.53695101
                    1065                     -0.52733776
                  1067.5                     -0.51992155
                    1070                     -0.51326967
                  1072.5                     -0.50608796
                    1075                     -0.49732757
                  1077.5                     -0.48625679
                    1080                     -0.47251562
                  1082.5                     -0.45611136
                    1085                     -0.43739801
                  1087.5                     -0.41700715
                    1090                     -0.39577167
                  1092.5                       -0.374622
                    1095                     -0.35448777
                  1097.5                     -0.33620712
                    1100                     -0.32045669
                  1102.5                     -0.30768841
                    1105                      -0.2981046
                  1107.5                     -0.29165216
                    1110                     -0.28803088
                  1112.5                     -0.28674021
                    1115                     -0.28712297
                  1117.5                     -0.28843222
                    1120                     -0.28990374
                  1122.5                     -0.29082155
                    1125                     -0.29058445
                  1127.5                     -0.28875177
                    1130                     -0.28508243
                  1132.5                     -0.27954459
                    1135                     -0.27230508
                  1137.5                     -0.26370343
                    1140                     -0.25421342
                  1142.5                     -0.24438509
                    1145                      -0.2347912
                  1147.5                     -0.22597004
                    1150                     -0.21838003
                  1152.5                      -0.2123586
                    1155                     -0.20809982
                  1157.5                     -0.20564497
                    1160                     -0.20488036
                  1162.5                     -0.20555881
                    1165                     -0.20733071
                  1167.5                     -0.20976591
                    1170                     -0.21241157
                  1172.5                      -0.2148208
                    1175                     -0.21660056
                  1177.5                     -0.21743934
                    1180                     -0.21713418
                  1182.5                     -0.21560502
                    1185                     -0.21289204
                  1187.5                     -0.20915444
                    1190                     -0.20463678
                  1192.5                     -0.19965978
                    1195                     -0.19457233
                  1197.5                     -0.18972933
                    1200                     -0.18545578
                  1202.5                     -0.18202144
                    1205                     -0.17961879
                  1207.5                     -0.17835053
                    1210                     -0.17822916
                  1212.5                     -0.17917162
                    1215                     -0.18101267
                  1217.5                     -0.18352845
                    1220                     -0.18644852
                  1222.5                       -0.189481
                    1225                     -0.19234341
                  1227.5                     -0.19477934
                    1230                     -0.19658132
                  1232.5                     -0.19760875
                    1235                     -0.19779233
                  1237.5                     -0.19714493
                    1240                     -0.19575045
                  1242.5                     -0.19376277
                    1245                     -0.19138619
                  1247.5                      -0.1888599
                    1250                     -0.18643762
                  1252.5                     -0.18436858
                    1255                     -0.18287478
                  1257.5                     -0.18213831
                    1260                      -0.1822836
                  1262.5                     -0.18337002
                    1265                     -0.18538807
                  1267.5                      -0.1882591
                    1270                     -0.19184232
                  1272.5                     -0.19594328
                    1275                     -0.20033202
                  1277.5                      -0.2047594
                    1280                      -0.2089769
                  1282.5                      -0.2127576
                    1285                     -0.21591524
                  1287.5                     -0.21832158
                    1290                     -0.21991884
                  1292.5                     -0.22072567
                    1295                     -0.22084014
                  1297.5                     -0.22043155
                    1300                     -0.21972977
                  1302.5                     -0.21901084
                    1305                     -0.21856541
                  1307.5                     -0.21869092
                    1310                     -0.21964954
                  1312.5                     -0.22165792
                    1315                     -0.22485652
                  1317.5                      -0.2293087
                    1320                     -0.23497789
                  1322.5                     -0.24173666
                    1325                      -0.2493708
                  1327.5                     -0.25759605
                    1330                      -0.2660817
                  1332.5                     -0.27447734
                    1335                     -0.28244561
                  1337.5                     -0.28969853
                    1340                     -0.29602389
                  1342.5                     -0.30131265
                    1345                     -0.30557661
                  1347.5                     -0.30895485
                    1350                     -0.31170575
                  1352.5                     -0.31419043
                    1355                     -0.31685145
                  1357.5                     -0.32017227
                    1360                      -0.3246297
                  1362.5                     -0.33066913
                    1365                     -0.33864367
                  1367.5                     -0.34879722
                    1370                     -0.36122902
                  1372.5                     -0.37588668
                    1375                      -0.3925587
                  1377.5                     -0.41089839
                    1380                     -0.43044848
                  1382.5                     -0.45068169
                    1385                     -0.47105766
                  1387.5                     -0.49107534
                    1390                     -0.51033848
                  1392.5                     -0.52860577
                    1395                     -0.54583457
                  1397.5                     -0.56220891
                    1400                     -0.57813788
                  1402.5                      -0.5942541
                    1405                     -0.61136448
                  1407.5                     -0.63040172
                    1410                     -0.65235974
                  1412.5                     -0.67822121
                    1415                     -0.70888398
                  1417.5                     -0.74510072
                    1420                     -0.78742249
                  1422.5                     -0.83616489
                    1425                     -0.89140119
                  1427.5                      -0.9529682
                    1430                      -1.0205056
                  1432.5                      -1.0935291
                    1435                      -1.1715139
                  1437.5                       -1.254021
                    1440                      -1.3408162
                  1442.5                      -1.4320108
                    1445                      -1.5281914
                  1447.5                      -1.6305278
                    1450                      -1.7408595
                  1452.5                       -1.861743
                    1455                      -1.9964717
                  1457.5                       -2.149067
                    1460                      -2.3242522
                  1462.5                      -2.5274311
                    1465                      -2.7646849
                  1467.5                      -3.0428086
                    1470                      -3.3693964
                  1472.5                      -3.7530204
                    1475                      -4.2035191
                  1477.5                      -4.7324418
                    1480                      -5.3537266
                  1482.5                      -6.0847171
                    1485                      -6.9477337
                  1487.5                      -7.9725104
                    1490                      -9.2000189
                  1492.5                      -10.688364
                    1495                      -12.520337
                  1497.5                      -14.802091
                    1500                      -17.568589
                  1502.5                      -20.117268
                    1505                      -19.977652
                  1507.5                      -17.344012
                    1510                      -14.613917
                  1512.5                      -12.376797
                    1515                      -10.581222
                  1517.5                      -9.1219563
                    1520                      -7.9184574
                  1522.5                      -6.9142744
                    1525                      -6.0695129
                  1527.5                      -5.3551208
                    1530                      -4.7491905
                  1532.5                       -4.234595
                    1535                      -3.7974887
                  1537.5                      -3.4263008
                    1540                      -3.1110976
                  1542.5                      -2.8431492
                    1545                      -2.6146657
                  1547.5                      -2.4186546
                    1550                      -2.2488456
                  1552.5                      -2.0996958
                    1555                      -1.9664144
                  1557.5                      -1.8450173
                    1560                      -1.7323531
                  1562.5                      -1.6261227
                    1565                      -1.5248412
                  1567.5                      -1.4277672
                    1570                      -1.3347809
                  1572.5                      -1.2462356
                    1575                      -1.1627878
                  1577.5                      -1.0852357
                    1580                      -1.0143584
                  1582.5                     -0.95078103
                    1585                     -0.89489052
                  1587.5                     -0.84675687
                    1590                     -0.80610857
                  1592.5                     -0.77233988
                    1595                     -0.74454657
                  1597.5                     -0.72158326
                    1600                     -0.70215416
                  1602.5                     -0.68491164
                    1605                     -0.66855831
                  1607.5                     -0.65195442
                    1610                     -0.63420441
                  1612.5                     -0.61472289
                    1615                     -0.59326213
                  1617.5                     -0.56992874
                    1620                     -0.54512574
                  1622.5                     -0.51951041
                    1625                     -0.49389785
                  1627.5                     -0.46916947
                    1630                     -0.44617558
                  1632.5                     -0.42565519
                    1635                     -0.40815532
                  1637.5                     -0.39398968
                    1640                     -0.38320697
                  1642.5                     -0.37559688
                    1645                     -0.37070732
                  1647.5                     -0.36788971
                    1650                     -0.36636609
                  1652.5                     -0.36529877
                    1655                     -0.36386714
                  1657.5                     -0.36135518
                    1660                      -0.3572034
                  1662.5                     -0.35107499
                    1665                     -0.34287159
                  1667.5                     -0.33273992
                    1670                     -0.32104972
                  1672.5                      -0.3083435
                    1675                     -0.29528165
                  1677.5                     -0.28256686
                    1680                     -0.27087158
                  1682.5                     -0.26077657
                    1685                     -0.25271165
                  1687.5                     -0.24692087
                    1690                     -0.24343853
                  1692.5                     -0.24209471
                    1695                     -0.24252699
                  1697.5                      -0.2442282
                    1700                      -0.2465883
                  1702.5                     -0.24895704
                    1705                     -0.25071065
                  1707.5                     -0.25131151
                    1710                     -0.25035749
                  1712.5                      -0.2476273
                    1715                     -0.24308977
                  1717.5                     -0.23691353
                    1720                     -0.22943949
                  1722.5                     -0.22114076
                    1725                     -0.21257597
                  1727.5                     -0.20432723
                    1730                     -0.19694427
                  1732.5                      -0.1908884
                    1735                     -0.18648943
                  1737.5                     -0.18391656
                    1740                     -0.18316384
                  1742.5                     -0.18405441
                    1745                     -0.18625571
                  1747.5                     -0.18932074
                    1750                     -0.19272544
                  1752.5                     -0.19593005
                    1755                     -0.19842055
                  1757.5                      -0.1997724
                    1760                     -0.19968439
                  1762.5                     -0.19801272
                    1765                     -0.19478168
                  1767.5                     -0.19017652
                    1770                     -0.18452507
                  1772.5                     -0.17826056
                    1775                     -0.17187653
                  1777.5                     -0.16587492
                    1780                     -0.16071613
                  1782.5                     -0.15677298
                    1785                     -0.15429865
                  1787.5                     -0.15339866
                    1790                     -0.15402719
                  1792.5                     -0.15598913
                    1795                     -0.15896201
                  1797.5                     -0.16253324
                    1800                     -0.16623377
                  1802.5                     -0.16959101
                    1805                     -0.17217027
                  1807.5                      -0.1736318
                    1810                     -0.17374618
                  1812.5                     -0.17243003
                    1815                     -0.16975195
                  1817.5                     -0.16591451
                    1820                     -0.16124521
                  1822.5                     -0.15614877
                    1825                     -0.15107418
                  1827.5                     -0.14646359
                    1830                     -0.14271101
                  1832.5                     -0.14012013
                    1835                     -0.13887816
                  1837.5                     -0.13904194
                    1840                     -0.14052389
                  1842.5                     -0.14311326
                    1845                     -0.14648853
                  1847.5                     -0.15025526
                    1850                     -0.15398302
                  1852.5                      -0.1572527
                    1855                     -0.15969261
                  1857.5                     -0.16102141
                    1860                     -0.16107547
                  1862.5                     -0.15982161
                    1865                     -0.15736472
                  1867.5                     -0.15392953
                    1870                     -0.14984205
                  1872.5                     -0.14549009
                    1875                     -0.14129162
                  1877.5                     -0.13763768
                    1880                      -0.1348721
                  1882.5                     -0.13323837
                    1885                     -0.13287469
                  1887.5                     -0.13378515
                    1890                     -0.13585444
                  1892.5                     -0.13884701
                    1895                     -0.14244118
                  1897.5                     -0.14625746
                    1900                     -0.14989484
                  1902.5                     -0.15297394
                    1905                      -0.1551749
                  1907.5                     -0.15627275
                    1910                     -0.15615404
                  1912.5                     -0.15483106
                    1915                     -0.15244279
                  1917.5                      -0.1492355
                    1920                     -0.14553537
                  1922.5                     -0.14172238
                    1925                     -0.13818003
                  1927.5                     -0.13526654
                    1930                      -0.1332765
                  1932.5                     -0.13240293
                    1935                     -0.13273615
                  1937.5                     -0.13424033
                    1940                     -0.13676428
                  1942.5                     -0.14005649
                    1945                     -0.14378764
                  1947.5                      -0.1475893
                    1950                     -0.15108414
                  1952.5                     -0.15392945
                    1955                     -0.15585109
                  1957.5                       -0.156669
                    1960                     -0.15631719
                  1962.5                     -0.15485282
                    1965                     -0.15244344
                  1967.5                     -0.14935211
                    1970                     -0.14591615
                  1972.5                      -0.1424994
                    1975                      -0.1394631
                  1977.5                      -0.1371339
                    1980                     -0.13575692
                  1982.5                     -0.13548893
                    1985                     -0.13637057
                  1987.5                     -0.13832724
                    1990                     -0.14117576
                  1992.5                     -0.14464771
                    1995                     -0.14840779
                  1997.5                     -0.15209343
                    2000                     -0.15535237
                  2002.5                     -0.15787419
                    2005                     -0.15942429
                  2007.5                     -0.15986823
                    2010                       -0.159186
                  2012.5                      -0.1574717
                    2015                     -0.15492357
                  2017.5                     -0.15182737
                    2020                     -0.14851932
                  2022.5                     -0.14535927
                    2025                     -0.14268721
                  2027.5                     -0.14079351
                    2030                     -0.13988971
                  2032.5                     -0.14008731
                    2035                     -0.14138197
                  2037.5                      -0.1436654
                    2040                     -0.14672269
                  2042.5                     -0.15026769
                    2045                     -0.15396045
                  2047.5                     -0.15744487
                    2050                     -0.16039045
                  2052.5                      -0.1625166
                    2055                     -0.16362952
                  2057.5                     -0.16363781
                    2060                     -0.16256297
                  2062.5                     -0.16053901
                    2065                     -0.15779347
                  2067.5                     -0.15462808
                    2070                     -0.15138613
                  2072.5                     -0.14841625
                    2075                     -0.14604001
                  2077.5                     -0.14451698
                    2080                     -0.14401771
                  2082.5                     -0.14461149
                    2085                     -0.14625568
                  2087.5                      -0.1488027
                    2090                     -0.15200935
                  2092.5                     -0.15557026
                    2095                     -0.15913969
                  2097.5                     -0.16237173
                    2100                     -0.16495424
                  2102.5                     -0.16663818
                    2105                     -0.16726985
                  2107.5                     -0.16679962
                    2110                     -0.16529143
                  2112.5                      -0.1629149
                    2115                     -0.15992753
                  2117.5                     -0.15664789
                    2120                     -0.15342445
                  2122.5                     -0.15059801
                    2125                     -0.14846609
                  2127.5                     -0.14725774
                    2130                     -0.14710597
                  2132.5                     -0.14803681
                    2135                     -0.14996851
                  2137.5                     -0.15271422
                    2140                     -0.15600631
                  2142.5                     -0.15951934
                    2145                     -0.16290514
                  2147.5                     -0.16582508
                    2150                     -0.16798874
                  2152.5                     -0.16918184
                    2155                     -0.16928769
                  2157.5                     -0.16830164
                    2160                     -0.16632925
                  2162.5                     -0.16357835
                    2165                     -0.16033392
                  2167.5                     -0.15693212
                    2170                      -0.1537231
                  2172.5                     -0.15103828
                    2175                     -0.14915401
                  2177.5                      -0.1482654
                    2180                     -0.14846679
                  2182.5                     -0.14974192
                    2185                      -0.1519658
                  2187.5                     -0.15491714
                    2190                     -0.15829886
                  2192.5                     -0.16177069
                    2195                     -0.16497924
                  2197.5                     -0.16759756
                    2200                     -0.16935894
                  2202.5                     -0.17008106
                    2205                     -0.16969044
                  2207.5                     -0.16822226
                    2210                     -0.16583155
                  2212.5                     -0.16275564
                    2215                     -0.15931129
                  2217.5                     -0.15584929
                    2220                     -0.15272169
                  2222.5                     -0.15024641
                    2225                     -0.14867544
                  2227.5                      -0.1481694
                    2230                     -0.14878206
                  2232.5                     -0.15045041
                    2235                     -0.15300944
                  2237.5                     -0.15619997
                    2240                     -0.15969551
                  2242.5                     -0.16314262
                    2245                     -0.16618388
                  2247.5                     -0.16850671
                    2250                     -0.16986708
                  2252.5                     -0.17012239
                    2255                     -0.16924057
                  2257.5                     -0.16730384
                    2260                     -0.16450732
                  2262.5                      -0.1611319
                    2265                      -0.1575175
                  2267.5                      -0.1540286
                    2270                     -0.15101836
                  2272.5                     -0.14879077
                    2275                     -0.14757066
                  2277.5                     -0.14748031
                    2280                      -0.1485288
                  2282.5                     -0.15061182
                    2285                     -0.15351391
                  2287.5                     -0.15694379
                    2290                     -0.16054558
                  2292.5                     -0.16395151
                    2295                      -0.1668042
                  2297.5                     -0.16880819
                    2300                     -0.16974974
                  2302.5                     -0.16952153
                    2305                     -0.16814138
                  2307.5                      -0.1657392
                    2310                     -0.16255696
                  2312.5                      -0.1589097
                    2315                     -0.15516781
                  2317.5                     -0.15170713
                    2320                     -0.14887822
                  2322.5                     -0.14696723
                    2325                     -0.14616831
                  2327.5                     -0.14656289
                    2330                     -0.14811356
                  2332.5                      -0.1506649
                    2335                     -0.15395971
                  2337.5                     -0.15766282
                    2340                     -0.16139612
                  2342.5                     -0.16477504
                    2345                     -0.16744962
                  2347.5                     -0.16913996
                    2350                     -0.16966496
                  2352.5                     -0.16896321
                    2355                     -0.16709912
                  2357.5                     -0.16425703
                    2360                      -0.1607244
                  2362.5                     -0.15685624
                    2365                     -0.15304847
                  2367.5                     -0.14968379
                    2370                     -0.14711157
                  2372.5                     -0.14559345
                    2375                     -0.14528998
                  2377.5                     -0.14623481
                    2380                     -0.14834319
                  2382.5                      -0.1514034
                    2385                     -0.15511049
                  2387.5                     -0.15909252
                    2390                     -0.16294114
                  2392.5                     -0.16626428
                    2395                     -0.16871681
                  2397.5                      -0.1700419
                    2400                     -0.17009768
                  2402.5                     -0.16887215
                    2405                     -0.16648353
                  2407.5                     -0.16317215
                    2410                     -0.15927449
                  2412.5                     -0.15518466
                    2415                     -0.15132422
                  2417.5                     -0.14808659
                    2420                     -0.14580652
                  2422.5                     -0.14472342
                    2425                     -0.14495545
                  2427.5                     -0.14648727
                    2430                     -0.14917629
                  2432.5                      -0.1527556
                    2435                     -0.15686989
                  2437.5                     -0.16110593
                    2440                     -0.16503115
                  2442.5                     -0.16824446
                    2445                     -0.17041254
                  2447.5                     -0.17130967
                    2450                     -0.17083606
                  2452.5                     -0.16903397
                    2455                     -0.16608625
                  2457.5                     -0.16229081
                    2460                     -0.15803461
                  2462.5                     -0.15375509
                    2465                     -0.14989485
                  2467.5                      -0.1468539
                    2470                     -0.14494916
                  2472.5                     -0.14439092
                    2475                     -0.14524942
                  2477.5                     -0.14745154
                    2480                     -0.15078978
                  2482.5                     -0.15494142
                    2485                     -0.15949311
                  2487.5                     -0.16399069
                    2490                     -0.16798024
                  2492.5                     -0.17105203
                    2495                     -0.17289327
                  2497.5                     -0.17331118
                    2500                     -0.17225945
                  2502.5                     -0.16984345
                    2505                     -0.16631046
                  2507.5                     -0.16202466
                    2510                     -0.15742724
                  2512.5                     -0.15299684
                    2515                      -0.1491947
                  2517.5                     -0.14642281
                    2520                     -0.14497812
                  2522.5                     -0.14502927
                    2525                     -0.14658951
                  2527.5                     -0.14952602
                    2530                     -0.15356036
                  2532.5                     -0.15829862
                    2535                     -0.16327516
                  2537.5                     -0.16799291
                    2540                     -0.17197428
                  2542.5                     -0.17481346
                    2545                     -0.17621947
                  2547.5                     -0.17604311
                    2550                     -0.17430298
                  2552.5                     -0.17117437
                    2555                     -0.16697805
                  2557.5                     -0.16215016
                    2560                     -0.15718963
                  2562.5                     -0.15261569
                    2565                     -0.14890616
                  2567.5                     -0.14645907
                    2570                     -0.14554396
                  2572.5                      -0.1462809
                    2575                     -0.14861884
                  2577.5                     -0.15234903
                    2580                     -0.15711438
                  2582.5                       -0.162455
                    2585                     -0.16783906
                  2587.5                     -0.17273064
                    2590                     -0.17663406
                  2592.5                     -0.17915039
                    2595                     -0.18001961
                  2597.5                     -0.17915199
                    2600                     -0.17663476
                  2602.5                     -0.17272599
                    2605                     -0.16783231
                  2607.5                     -0.16246267
                    2610                     -0.15717733
                  2612.5                     -0.15253376
                    2615                     -0.14902771
                  2617.5                     -0.14704076
                    2620                     -0.14680522
                  2622.5                     -0.14838292
                    2625                      -0.1516453
                  2627.5                     -0.15629901
                    2630                     -0.16190087
                  2632.5                     -0.16791109
                    2635                     -0.17373533
                  2637.5                     -0.17879623
                    2640                     -0.18258206
                  2642.5                     -0.18471112
                    2645                     -0.18496897
                  2647.5                     -0.18332805
                    2650                     -0.17996578
                  2652.5                     -0.17523415
                    2655                      -0.1696295
                  2657.5                     -0.16374586
                    2660                      -0.1582039
                  2662.5                     -0.15360079
                    2665                     -0.15043797
                  2667.5                     -0.14907885
                    2670                     -0.14970643
                  2672.5                     -0.15230592
                    2675                     -0.15666389
                  2677.5                     -0.16238763
                    2680                     -0.16893783
                  2682.5                     -0.17568866
                    2685                     -0.18197972
                  2687.5                     -0.18719443
                    2690                     -0.19081363
                  2692.5                      -0.1924812
                    2695                     -0.19204016
                  2697.5                     -0.18954953
                    2700                     -0.18528414
                  2702.5                     -0.17970427
                    2705                     -0.17341521
                  2707.5                     -0.16709317
                    2710                     -0.16142875
                  2712.5                     -0.15705205
                    2715                     -0.15446528
                  2717.5                     -0.15400087
                    2720                     -0.15577756
                  2722.5                     -0.15969297
                    2725                     -0.16542824
                  2727.5                      -0.1724799
                    2730                     -0.18020004
                  2732.5                     -0.18786735
                    2735                     -0.19475418
                  2737.5                     -0.20020321
                    2740                     -0.20369929
                  2742.5                     -0.20492382
                    2745                     -0.20379183
                  2747.5                     -0.20046663
                    2750                     -0.19534105
                  2752.5                     -0.18899633
                    2755                     -0.18215359
                  2757.5                     -0.17558635
                    2760                     -0.17005059
                  2762.5                     -0.16620356
                    2765                     -0.16454344
                  2767.5                     -0.16535123
                    2770                     -0.16866854
                  2772.5                     -0.17428348
                    2775                     -0.18175487
                  2777.5                     -0.19044656
                    2780                     -0.19958974
                  2782.5                       -0.208358
                    2785                     -0.21595002
                  2787.5                     -0.22167721
                    2790                     -0.22503246
                  2792.5                     -0.22575428
                    2795                     -0.22385042
                  2797.5                     -0.21960701
                    2800                     -0.21355508
                  2802.5                     -0.20642324
                    2805                     -0.19905764
                  2807.5                     -0.19233633
                    2810                     -0.18708204
                  2812.5                      -0.1839782
                    2815                     -0.18350162
                  2817.5                     -0.18587115
                    2820                      -0.1910242
                  2822.5                     -0.19862385
                    2825                     -0.20807998
                  2827.5                     -0.21860633
                    2830                      -0.2292956
                  2832.5                     -0.23920853
                    2835                     -0.24747005
                  2837.5                     -0.25336381
                    2840                     -0.25640982
                  2842.5                     -0.25641916
                    2845                     -0.25352227
                  2847.5                     -0.24815662
                    2850                     -0.24102056
                  2852.5                     -0.23300784
                    2855                     -0.22510999
                  2857.5                     -0.21831722
                    2860                     -0.21352272
                  2862.5                     -0.21142539
                    2865                     -0.21246783
                  2867.5                     -0.21678662
                    2870                     -0.22419622
                  2872.5                     -0.23420197
                    2875                     -0.24604414
                  2877.5                     -0.25876152
                    2880                     -0.27129147
                  2882.5                     -0.28257247
                    2885                      -0.2916528
                  2887.5                     -0.29779609
                    2890                     -0.30056838
                  2892.5                     -0.29988253
                    2895                     -0.29602004
                  2897.5                     -0.28959987
                    2900                     -0.28152028
                  2902.5                     -0.27286236
                    2905                     -0.26478435
                  2907.5                      -0.2583994
                    2910                     -0.25466674
                  2912.5                     -0.25429711
                    2915                     -0.25768226
                  2917.5                     -0.26485507
                    2920                     -0.27547801
                  2922.5                     -0.28887366
                    2925                     -0.30407773
                  2927.5                     -0.31993256
                    2930                     -0.33519647
                  2932.5                     -0.34867013
                    2935                     -0.35932439
                  2937.5                     -0.36641441
                    2940                     -0.36956547
                  2942.5                     -0.36882342
                    2945                     -0.36465352
                  2947.5                     -0.35789899
                    2950                     -0.34968833
                  2952.5                     -0.34132868
                    2955                     -0.33416451
                  2957.5                      -0.3294483
                    2960                     -0.32821742
                  2962.5                     -0.33119061
                    2965                     -0.33870041
                  2967.5                     -0.35065908
                    2970                     -0.36655552
                  2972.5                     -0.38549888
                    2975                     -0.40629625
                  2977.5                     -0.42756111
                    2980                     -0.44784812
                  2982.5                     -0.46580806
                    2985                     -0.48032535
                  2987.5                      -0.4906514
                    2990                     -0.49649595
                  2992.5                     -0.49806806
                    2995                     -0.49606212
                  2997.5                     -0.49159042
                    3000                     -0.48607205

