        Frequency / MHz                S1,1/abs,dB
----------------------------------------------------------------------
                     500                     -0.12882203
                   502.5                     -0.14642026
                     505                     -0.16390144
                   507.5                     -0.18119352
                     510                     -0.19822778
                   512.5                     -0.21493411
                     515                     -0.23124893
                   517.5                     -0.24710448
                     520                     -0.26244076
                   522.5                     -0.27719534
                     525                     -0.29131468
                   527.5                     -0.30474474
                     530                     -0.31743599
                   532.5                     -0.32934461
                     535                     -0.34042705
                   537.5                     -0.35065007
                     540                     -0.35998211
                   542.5                     -0.36839678
                     545                     -0.37587325
                   547.5                     -0.38239664
                     550                     -0.38795741
                   552.5                     -0.39255188
                     555                     -0.39617894
                   557.5                      -0.3988484
                     560                     -0.40057161
                   562.5                     -0.40136591
                     565                     -0.40125621
                   567.5                     -0.40026854
                     570                     -0.39843619
                   572.5                     -0.39579872
                     575                     -0.39239702
                   577.5                     -0.38827715
                     580                     -0.38348831
                   582.5                     -0.37808548
                     585                     -0.37212351
                   587.5                     -0.36566244
                     590                     -0.35876253
                   592.5                     -0.35148898
                     595                     -0.34390439
                   597.5                     -0.33607831
                     600                     -0.32807631
                   602.5                     -0.31996486
                     605                     -0.31181477
                   607.5                     -0.30369265
                     610                      -0.2956669
                   612.5                     -0.28780371
                     615                     -0.28016953
                   617.5                     -0.27282889
                     620                     -0.26584632
                   622.5                      -0.2592816
                     625                     -0.25319511
                   627.5                     -0.24764555
                     630                      -0.2426877
                   632.5                     -0.23837363
                     635                     -0.23475479
                   637.5                     -0.23187826
                     640                     -0.22978913
                   642.5                     -0.22852924
                     645                     -0.22813625
                   647.5                     -0.22864721
                     650                     -0.23009528
                   652.5                     -0.23250698
                     655                     -0.23591035
                   657.5                     -0.24032627
                     660                     -0.24577447
                   662.5                      -0.2522714
                     665                     -0.25982651
                   667.5                     -0.26845184
                     670                     -0.27814802
                   672.5                     -0.28891933
                     675                     -0.30076258
                   677.5                     -0.31367177
                     680                     -0.32763572
                   682.5                     -0.34264497
                     685                     -0.35867864
                   687.5                     -0.37571763
                     690                     -0.39373749
                   692.5                     -0.41271081
                     695                     -0.43260551
                   697.5                     -0.45338784
                     700                     -0.47501732
                   702.5                     -0.49745221
                     705                     -0.52064726
                   707.5                     -0.54455484
                     710                     -0.56912101
                   712.5                      -0.5942895
                     715                     -0.62000273
                   717.5                       -0.646199
                     720                     -0.67281261
                   722.5                     -0.69977769
                     725                     -0.72702323
                   727.5                     -0.75447636
                     730                     -0.78206395
                   732.5                     -0.80970807
                     735                     -0.83733144
                   737.5                      -0.8648531
                     740                     -0.89219301
                   742.5                     -0.91927029
                     745                     -0.94600066
                   747.5                     -0.97230339
                     750                     -0.99809582
                   752.5                      -1.0232977
                     755                      -1.0478245
                   757.5                      -1.0716009
                     760                      -1.0945489
                   762.5                      -1.1165924
                     765                      -1.1376591
                   767.5                      -1.1576802
                     770                      -1.1765905
                   772.5                      -1.1943261
                     775                      -1.2108316
                   777.5                       -1.226052
                     780                      -1.2399414
                   782.5                      -1.2524561
                     785                      -1.2635597
                   787.5                      -1.2732203
                     790                       -1.281413
                   792.5                      -1.2881178
                     795                      -1.2933235
                   797.5                      -1.2970229
                     800                      -1.2992163
                   802.5                      -1.2999097
                     805                      -1.2991147
                   807.5                      -1.2968512
                     810                      -1.2931424
                   812.5                      -1.2880183
                     815                      -1.2815166
                   817.5                      -1.2736767
                     820                      -1.2645423
                   822.5                       -1.254165
                     825                      -1.2425978
                   827.5                      -1.2299014
                     830                      -1.2161322
                   832.5                      -1.2013563
                     835                       -1.185638
                   837.5                      -1.1690487
                     840                      -1.1516567
                   842.5                      -1.1335327
                     845                      -1.1147489
                   847.5                      -1.0953764
                     850                      -1.0754878
                   852.5                      -1.0551553
                     855                      -1.0344518
                   857.5                      -1.0134458
                     860                     -0.99220545
                   862.5                     -0.97080049
                     865                     -0.94929464
                   867.5                     -0.92775284
                     870                     -0.90623694
                   872.5                     -0.88480811
                     875                     -0.86351862
                   877.5                     -0.84242726
                     880                     -0.82158344
                   882.5                     -0.80103532
                     885                     -0.78083072
                   887.5                     -0.76101021
                     890                     -0.74161458
                   892.5                     -0.72268198
                     895                     -0.70424483
                   897.5                     -0.68633306
                     900                      -0.6689763
                   902.5                     -0.65219774
                     905                     -0.63601938
                   907.5                     -0.62046027
                     910                     -0.60553601
                   912.5                     -0.59125766
                     915                     -0.57763772
                   917.5                     -0.56468288
                     920                     -0.55239585
                   922.5                     -0.54078043
                     925                     -0.52983547
                   927.5                     -0.51955716
                     930                     -0.50994026
                   932.5                      -0.5009782
                     935                     -0.49265862
                   937.5                     -0.48497024
                     940                     -0.47790061
                   942.5                     -0.47142998
                     945                     -0.46554326
                   947.5                     -0.46021928
                     950                     -0.45543835
                   952.5                     -0.45117472
                     955                     -0.44740643
                   957.5                     -0.44410972
                     960                     -0.44125314
                   962.5                     -0.43881212
                     965                     -0.43675686
                   967.5                     -0.43505931
                     970                     -0.43368948
                   972.5                     -0.43261572
                     975                     -0.43180677
                   977.5                     -0.43123394
                     980                     -0.43086168
                   982.5                     -0.43066409
                     985                     -0.43060468
                   987.5                     -0.43065579
                     990                     -0.43078837
                   992.5                       -0.430968
                     995                       -0.431168
                   997.5                     -0.43136089
                    1000                     -0.43151702
                  1002.5                     -0.43160981
                    1005                     -0.43161614
                  1007.5                     -0.43150895
                    1010                      -0.4312656
                  1012.5                     -0.43086773
                    1015                     -0.43029264
                  1017.5                     -0.42952122
                    1020                     -0.42853904
                  1022.5                       -0.427329
                    1025                     -0.42587911
                  1027.5                     -0.42417683
                    1030                     -0.42221186
                  1032.5                     -0.41997811
                    1035                      -0.4174688
                  1037.5                     -0.41467949
                    1040                     -0.41160887
                  1042.5                     -0.40825586
                    1045                     -0.40461896
                  1047.5                     -0.40070517
                    1050                     -0.39651764
                  1052.5                     -0.39206337
                    1055                     -0.38734703
                  1057.5                     -0.38238368
                    1060                     -0.37717826
                  1062.5                      -0.3717467
                    1065                     -0.36610218
                  1067.5                     -0.36025783
                    1070                     -0.35422949
                  1072.5                     -0.34803489
                    1075                     -0.34169168
                  1077.5                     -0.33521618
                    1080                     -0.32862691
                  1082.5                     -0.32194685
                    1085                     -0.31519217
                  1087.5                     -0.30838285
                    1090                     -0.30154121
                  1092.5                     -0.29468624
                    1095                     -0.28783947
                  1097.5                     -0.28101888
                    1100                     -0.27424432
                  1102.5                     -0.26753805
                    1105                     -0.26091802
                  1107.5                     -0.25439982
                    1110                     -0.24800538
                  1112.5                     -0.24175121
                    1115                     -0.23565203
                  1117.5                     -0.22972549
                    1120                     -0.22398598
                  1122.5                     -0.21844847
                    1125                     -0.21312385
                  1127.5                      -0.2080268
                    1130                     -0.20316612
                  1132.5                     -0.19855302
                    1135                     -0.19419535
                  1137.5                     -0.19010124
                    1140                     -0.18627676
                  1142.5                     -0.18272794
                    1145                     -0.17945904
                  1147.5                     -0.17647059
                    1150                     -0.17376737
                  1152.5                     -0.17134777
                    1155                     -0.16921214
                  1157.5                     -0.16735843
                    1160                     -0.16578344
                  1162.5                      -0.1644829
                    1165                     -0.16345285
                  1167.5                     -0.16268559
                    1170                     -0.16217444
                  1172.5                     -0.16191087
                    1175                     -0.16188636
                  1177.5                     -0.16209068
                    1180                     -0.16251223
                  1182.5                     -0.16314089
                    1185                       -0.163963
                  1187.5                     -0.16496626
                    1190                     -0.16613691
                  1192.5                     -0.16746041
                    1195                      -0.1689225
                  1197.5                     -0.17050841
                    1200                     -0.17220233
                  1202.5                     -0.17398946
                    1205                     -0.17585354
                  1207.5                     -0.17777919
                    1210                     -0.17974967
                  1212.5                     -0.18175019
                    1215                     -0.18376473
                  1217.5                     -0.18577738
                    1220                     -0.18777437
                  1222.5                     -0.18973943
                    1225                     -0.19165824
                  1227.5                     -0.19351661
                    1230                     -0.19530321
                  1232.5                       -0.197003
                    1235                     -0.19860512
                  1237.5                     -0.20009613
                    1240                     -0.20146803
                  1242.5                     -0.20270964
                    1245                     -0.20381356
                  1247.5                     -0.20476816
                    1250                     -0.20556879
                  1252.5                      -0.2062092
                    1255                     -0.20668473
                  1257.5                      -0.2069897
                    1260                     -0.20712118
                  1262.5                     -0.20707794
                    1265                     -0.20685804
                  1267.5                     -0.20646117
                    1270                     -0.20588969
                  1272.5                     -0.20514537
                    1275                     -0.20422887
                  1277.5                     -0.20314541
                    1280                     -0.20189902
                  1282.5                     -0.20049667
                    1285                     -0.19894445
                  1287.5                      -0.1972483
                    1290                     -0.19541888
                  1292.5                     -0.19346144
                    1295                     -0.19138705
                  1297.5                     -0.18920782
                    1300                     -0.18693009
                  1302.5                     -0.18456844
                    1305                     -0.18213188
                  1307.5                     -0.17963314
                    1310                     -0.17708466
                  1312.5                     -0.17449786
                    1315                     -0.17188488
                  1317.5                     -0.16926041
                    1320                     -0.16663496
                  1322.5                     -0.16402025
                    1325                     -0.16143185
                  1327.5                     -0.15887865
                    1330                     -0.15637354
                  1332.5                     -0.15392917
                    1335                     -0.15155703
                  1337.5                     -0.14926754
                    1340                     -0.14707144
                  1342.5                     -0.14497828
                    1345                     -0.14299745
                  1347.5                     -0.14113926
                    1350                     -0.13941234
                  1352.5                     -0.13782122
                    1355                     -0.13637632
                  1357.5                     -0.13508207
                    1360                     -0.13394503
                  1362.5                     -0.13296914
                    1365                     -0.13215991
                  1367.5                     -0.13151837
                    1370                     -0.13104942
                  1372.5                     -0.13075245
                    1375                     -0.13063079
                  1377.5                      -0.1306827
                    1380                     -0.13090678
                  1382.5                     -0.13130438
                    1385                     -0.13187128
                  1387.5                     -0.13260436
                    1390                     -0.13350077
                  1392.5                     -0.13455413
                    1395                     -0.13576031
                  1397.5                     -0.13711361
                    1400                     -0.13860622
                  1402.5                     -0.14023339
                    1405                     -0.14198619
                  1407.5                     -0.14385615
                    1410                       -0.145835
                  1412.5                     -0.14791178
                    1415                     -0.15007899
                  1417.5                     -0.15232668
                    1420                      -0.1546424
                  1422.5                      -0.1570186
                    1425                      -0.1594431
                  1427.5                     -0.16190518
                    1430                     -0.16439346
                  1432.5                     -0.16689807
                    1435                      -0.1694067
                  1437.5                     -0.17190957
                    1440                     -0.17439624
                  1442.5                     -0.17685555
                    1445                     -0.17927732
                  1447.5                     -0.18165171
                    1450                     -0.18396935
                  1452.5                     -0.18622055
                    1455                     -0.18839666
                  1457.5                     -0.19048954
                    1460                     -0.19249103
                  1462.5                     -0.19439447
                    1465                     -0.19619296
                  1467.5                     -0.19788097
                    1470                     -0.19945293
                  1472.5                     -0.20090341
                    1475                     -0.20223033
                  1477.5                     -0.20342972
                    1480                     -0.20449864
                  1482.5                     -0.20543639
                    1485                     -0.20624244
                  1487.5                     -0.20691519
                    1490                     -0.20745676
                  1492.5                     -0.20786877
                    1495                       -0.208153
                  1497.5                     -0.20831305
                    1500                     -0.20835161
                  1502.5                     -0.20827387
                    1505                     -0.20808605
                  1507.5                      -0.2077925
                    1510                     -0.20740036
                  1512.5                     -0.20691648
                    1515                     -0.20634858
                  1517.5                     -0.20570503
                    1520                     -0.20499404
                  1522.5                     -0.20422483
                    1525                     -0.20340706
                  1527.5                     -0.20254909
                    1530                     -0.20166314
                  1532.5                     -0.20075886
                    1535                     -0.19984471
                  1537.5                     -0.19893425
                    1540                     -0.19803532
                  1542.5                     -0.19716007
                    1545                     -0.19631908
                  1547.5                      -0.1955234
                    1550                     -0.19478149
                  1552.5                     -0.19410457
                    1555                     -0.19350326
                  1557.5                      -0.1929864
                    1560                     -0.19256415
                  1562.5                     -0.19224445
                    1565                       -0.192036
                  1567.5                     -0.19194707
                    1570                     -0.19198497
                  1572.5                     -0.19215795
                    1575                     -0.19247032
                  1577.5                      -0.1929303
                    1580                      -0.1935424
                  1582.5                      -0.1943092
                    1585                     -0.19523814
                  1587.5                      -0.1963292
                    1590                     -0.19758774
                  1592.5                      -0.1990144
                    1595                     -0.20061002
                  1597.5                       -0.202375
                    1600                     -0.20431044
                  1602.5                     -0.20641492
                    1605                     -0.20868453
                  1607.5                     -0.21112039
                    1610                     -0.21371669
                  1612.5                     -0.21647165
                    1615                     -0.21937947
                  1617.5                     -0.22243569
                    1620                      -0.2256345
                  1622.5                     -0.22897061
                    1625                     -0.23243547
                  1627.5                     -0.23602291
                    1630                      -0.2397261
                  1632.5                     -0.24353605
                    1635                     -0.24744183
                  1637.5                     -0.25143835
                    1640                     -0.25551445
                  1642.5                     -0.25966065
                    1645                     -0.26386657
                  1647.5                     -0.26812348
                    1650                     -0.27242116
                  1652.5                      -0.2767495
                    1655                     -0.28109692
                  1657.5                     -0.28545567
                    1660                     -0.28981467
                  1662.5                     -0.29416453
                    1665                     -0.29849563
                  1667.5                     -0.30279778
                    1670                     -0.30706269
                  1672.5                      -0.3112814
                    1675                     -0.31544717
                  1677.5                     -0.31955022
                    1680                     -0.32358326
                  1682.5                     -0.32754167
                    1685                     -0.33141799
                  1687.5                     -0.33520853
                    1690                     -0.33890633
                  1692.5                     -0.34250661
                    1695                     -0.34600884
                  1697.5                     -0.34940957
                    1700                     -0.35270616
                  1702.5                     -0.35589808
                    1705                     -0.35898672
                  1707.5                     -0.36197006
                    1710                     -0.36485077
                  1712.5                      -0.3676321
                    1715                     -0.37031626
                  1717.5                     -0.37290856
                    1720                     -0.37541111
                  1722.5                     -0.37783274
                    1725                     -0.38017691
                  1727.5                     -0.38245325
                    1730                     -0.38466841
                  1732.5                     -0.38682993
                    1735                     -0.38894904
                  1737.5                     -0.39103536
                    1740                     -0.39309873
                  1742.5                     -0.39514895
                    1745                     -0.39719764
                  1747.5                     -0.39925966
                    1750                     -0.40134306
                  1752.5                     -0.40346332
                    1755                     -0.40563223
                  1757.5                     -0.40786329
                    1760                     -0.41016959
                  1762.5                     -0.41256453
                    1765                     -0.41506109
                  1767.5                     -0.41767189
                    1770                     -0.42041321
                  1772.5                     -0.42329542
                    1775                     -0.42633348
                  1777.5                     -0.42953808
                    1780                      -0.4329242
                  1782.5                     -0.43650248
                    1785                     -0.44028659
                  1787.5                     -0.44428502
                    1790                     -0.44851205
                  1792.5                      -0.4529759
                    1795                      -0.4576869
                  1797.5                     -0.46265501
                    1800                     -0.46788887
                  1802.5                     -0.47339627
                    1805                      -0.4791844
                  1807.5                     -0.48526007
                    1810                     -0.49162901
                  1812.5                     -0.49829701
                    1815                       -0.505268
                  1817.5                     -0.51254585
                    1820                     -0.52013336
                  1822.5                     -0.52803058
                    1825                     -0.53624188
                  1827.5                     -0.54476608
                    1830                     -0.55360295
                  1832.5                     -0.56275099
                    1835                     -0.57220771
                  1837.5                     -0.58197217
                    1840                      -0.5920407
                  1842.5                     -0.60240689
                    1845                     -0.61306836
                  1847.5                     -0.62401821
                    1850                     -0.63525065
                  1852.5                     -0.64676033
                    1855                     -0.65853883
                  1857.5                     -0.67057734
                    1860                     -0.68286945
                  1862.5                     -0.69540714
                    1865                     -0.70817992
                  1867.5                     -0.72118057
                    1870                     -0.73439805
                  1872.5                     -0.74782399
                    1875                     -0.76144889
                  1877.5                     -0.77526432
                    1880                     -0.78925923
                  1882.5                     -0.80342473
                    1885                     -0.81775316
                  1887.5                     -0.83223434
                    1890                     -0.84686093
                  1892.5                     -0.86162574
                    1895                     -0.87651861
                  1897.5                     -0.89153624
                    1900                     -0.90667221
                  1902.5                     -0.92191881
                    1905                     -0.93727373
                  1907.5                     -0.95273258
                    1910                     -0.96829344
                  1912.5                     -0.98395329
                    1915                     -0.99971438
                  1917.5                      -1.0155743
                    1920                      -1.0315363
                  1922.5                      -1.0476041
                    1925                      -1.0637808
                  1927.5                      -1.0800709
                    1930                      -1.0964844
                  1932.5                      -1.1130272
                    1935                      -1.1297105
                  1937.5                      -1.1465437
                    1940                      -1.1635408
                  1942.5                      -1.1807153
                    1945                      -1.1980819
                  1947.5                      -1.2156574
                    1950                      -1.2334609
                  1952.5                      -1.2515109
                    1955                      -1.2698273
                  1957.5                      -1.2884325
                    1960                       -1.307351
                  1962.5                      -1.3266058
                    1965                       -1.346223
                  1967.5                      -1.3662293
                    1970                       -1.386653
                  1972.5                      -1.4075214
                    1975                      -1.4288646
                  1977.5                      -1.4507129
                    1980                      -1.4730982
                  1982.5                      -1.4960506
                    1985                      -1.5196043
                  1987.5                      -1.5437912
                    1990                      -1.5686448
                  1992.5                      -1.5941975
                    1995                      -1.6204853
                  1997.5                      -1.6475402
                    2000                      -1.6753964
                  2002.5                      -1.7040883
                    2005                      -1.7336493
                  2007.5                      -1.7641124
                    2010                      -1.7955112
                  2012.5                      -1.8278774
                    2015                      -1.8612431
                  2017.5                      -1.8956408
                    2020                      -1.9310985
                  2022.5                      -1.9676464
                    2025                      -2.0053129
                  2027.5                      -2.0441237
                    2030                      -2.0841055
                  2032.5                      -2.1252824
                    2035                      -2.1676771
                  2037.5                      -2.2113087
                    2040                      -2.2561981
                  2042.5                      -2.3023612
                    2045                      -2.3498122
                  2047.5                      -2.3985634
                    2050                      -2.4486234
                  2052.5                      -2.5000001
                    2055                      -2.5526959
                  2057.5                      -2.6067127
                    2060                      -2.6620458
                  2062.5                      -2.7186898
                    2065                      -2.7766347
                  2067.5                      -2.8358656
                    2070                      -2.8963637
                  2072.5                      -2.9581043
                    2075                      -3.0210609
                  2077.5                      -3.0851988
                    2080                      -3.1504797
                  2082.5                      -3.2168579
                    2085                      -3.2842838
                  2087.5                      -3.3526998
                    2090                      -3.4220418
                  2092.5                      -3.4922389
                    2095                      -3.5632123
                  2097.5                      -3.6348778
                    2100                      -3.7071403
                  2102.5                      -3.7798988
                    2105                      -3.8530428
                  2107.5                       -3.926453
                    2110                      -4.0000027
                  2112.5                      -4.0735564
                    2115                      -4.1469679
                  2117.5                      -4.2200852
                    2120                      -4.2927441
                  2122.5                      -4.3647733
                    2125                      -4.4359951
                  2127.5                      -4.5062237
                    2130                      -4.5752615
                  2132.5                      -4.6429118
                    2135                      -4.7089691
                  2137.5                      -4.7732194
                    2140                      -4.8354516
                  2142.5                      -4.8954499
                    2145                      -4.9529973
                  2147.5                      -5.0078792
                    2150                      -5.0598806
                  2152.5                       -5.108797
                    2155                      -5.1544232
                  2157.5                      -5.1965709
                    2160                      -5.2350541
                  2162.5                      -5.2697044
                    2165                      -5.3003676
                  2167.5                      -5.3269043
                    2170                      -5.3491954
                  2172.5                      -5.3671394
                    2175                      -5.3806582
                  2177.5                       -5.389693
                    2180                      -5.3942106
                  2182.5                      -5.3942031
                    2185                      -5.3896788
                  2187.5                      -5.3806768
                    2190                       -5.367255
                  2192.5                      -5.3494973
                    2195                      -5.3275053
                  2197.5                      -5.3014029
                    2200                      -5.2713292
                  2202.5                       -5.237443
                    2205                      -5.1999173
                  2207.5                      -5.1589352
                    2210                      -5.1146924
                  2212.5                      -5.0673959
                    2215                      -5.0172524
                  2217.5                      -4.9644792
                    2220                      -4.9092955
                  2222.5                      -4.8519208
                    2225                      -4.7925724
                  2227.5                      -4.7314675
                    2230                      -4.6688191
                  2232.5                      -4.6048362
                    2235                      -4.5397235
                  2237.5                       -4.473675
                    2240                      -4.4068821
                  2242.5                      -4.3395248
                    2245                      -4.2717798
                  2247.5                      -4.2038098
                    2250                      -4.1357702
                  2252.5                       -4.067812
                    2255                      -4.0000696
                  2257.5                       -3.932674
                    2260                      -3.8657477
                  2262.5                      -3.7994012
                    2265                      -3.7337378
                  2267.5                      -3.6688525
                    2270                      -3.6048352
                  2272.5                      -3.5417616
                    2275                      -3.4797073
                  2277.5                       -3.418733
                    2280                      -3.3589002
                  2282.5                      -3.3002588
                    2285                      -3.2428561
                  2287.5                      -3.1867283
                    2290                      -3.1319098
                  2292.5                      -3.0784297
                    2295                      -3.0263102
                  2297.5                      -2.9755683
                    2300                      -2.9262182
                  2302.5                      -2.8782698
                    2305                      -2.8317273
                  2307.5                      -2.7865917
                    2310                      -2.7428617
                  2312.5                      -2.7005298
                    2315                      -2.6595868
                  2317.5                      -2.6200214
                    2320                      -2.5818171
                  2322.5                      -2.5449581
                    2325                      -2.5094201
                  2327.5                      -2.4751849
                    2330                      -2.4422257
                  2332.5                      -2.4105139
                    2335                       -2.380024
                  2337.5                      -2.3507227
                    2340                      -2.3225776
                  2342.5                      -2.2955573
                    2345                      -2.2696249
                  2347.5                       -2.244745
                    2350                      -2.2208805
                  2352.5                      -2.1979941
                    2355                      -2.1760455
                  2357.5                      -2.1549963
                    2360                      -2.1348069
                  2362.5                      -2.1154366
                    2365                      -2.0968452
                  2367.5                      -2.0789918
                    2370                      -2.0618381
                  2372.5                       -2.045341
                    2375                      -2.0294638
                  2377.5                      -2.0141647
                    2380                      -1.9994056
                  2382.5                      -1.9851516
                    2385                      -1.9713609
                  2387.5                      -1.9580015
                    2390                       -1.945036
                  2392.5                      -1.9324317
                    2395                      -1.9201566
                  2397.5                      -1.9081796
                    2400                      -1.8964719
                  2402.5                      -1.8850063
                    2405                      -1.8737557
                  2407.5                       -1.862698
                    2410                      -1.8518082
                  2412.5                      -1.8410699
                    2415                      -1.8304629
                  2417.5                      -1.8199712
                    2420                      -1.8095824
                  2422.5                       -1.799283
                    2425                      -1.7890651
                  2427.5                      -1.7789215
                    2430                      -1.7688451
                  2432.5                      -1.7588347
                    2435                      -1.7488877
                  2437.5                      -1.7390079
                    2440                      -1.7291964
                  2442.5                      -1.7194595
                    2445                      -1.7098015
                  2447.5                      -1.7002353
                    2450                      -1.6907691
                  2452.5                      -1.6814161
                    2455                       -1.672189
                  2457.5                      -1.6631044
                    2460                      -1.6541791
                  2462.5                      -1.6454305
                    2465                      -1.6368785
                  2467.5                      -1.6285415
                    2470                      -1.6204423
                  2472.5                      -1.6126012
                    2475                      -1.6050426
                  2477.5                      -1.5977873
                    2480                      -1.5908599
                  2482.5                       -1.584283
                    2485                      -1.5780818
                  2487.5                      -1.5722787
                    2490                      -1.5668977
                  2492.5                       -1.561963
                    2495                      -1.5574975
                  2497.5                       -1.553524
                    2500                      -1.5500633
                  2502.5                      -1.5471383
                    2505                      -1.5447698
                  2507.5                      -1.5429779
                    2510                      -1.5417814
                  2512.5                      -1.5411993
                    2515                      -1.5412489
                  2517.5                      -1.5419436
                    2520                      -1.5433033
                  2522.5                      -1.5453361
                    2525                       -1.548059
                  2527.5                      -1.5514796
                    2530                      -1.5556105
                  2532.5                      -1.5604588
                    2535                       -1.566031
                  2537.5                      -1.5723326
                    2540                      -1.5793682
                  2542.5                      -1.5871401
                    2545                      -1.5956491
                  2547.5                      -1.6048959
                    2550                      -1.6148764
                  2552.5                      -1.6255893
                    2555                       -1.637029
                  2557.5                      -1.6491894
                    2560                      -1.6620622
                  2562.5                       -1.675639
                    2565                      -1.6899114
                  2567.5                      -1.7048662
                    2570                      -1.7204886
                  2572.5                      -1.7367689
                    2575                       -1.753689
                  2577.5                      -1.7712355
                    2580                      -1.7893911
                  2582.5                       -1.808137
                    2585                      -1.8274554
                  2587.5                      -1.8473286
                    2590                      -1.8677361
                  2592.5                       -1.888657
                    2595                      -1.9100751
                  2597.5                      -1.9319657
                    2600                      -1.9543107
                  2602.5                      -1.9770902
                    2605                      -2.0002831
                  2607.5                      -2.0238718
                    2610                       -2.047835
                  2612.5                      -2.0721552
                    2615                      -2.0968169
                  2617.5                      -2.1218005
                    2620                      -2.1470919
                  2622.5                      -2.1726776
                    2625                      -2.1985442
                  2627.5                        -2.22468
                    2630                      -2.2510763
                  2632.5                      -2.2777259
                    2635                      -2.3046209
                  2637.5                      -2.3317606
                    2640                      -2.3591415
                  2642.5                       -2.386766
                    2645                      -2.4146362
                  2647.5                      -2.4427601
                    2650                      -2.4711434
                  2652.5                      -2.4998005
                    2655                      -2.5287412
                  2657.5                      -2.5579877
                    2660                      -2.5875555
                  2662.5                      -2.6174682
                    2665                      -2.6477534
                  2667.5                      -2.6784383
                    2670                      -2.7095532
                  2672.5                      -2.7411342
                    2675                      -2.7732188
                  2677.5                      -2.8058466
                    2680                      -2.8390587
                  2682.5                      -2.8729053
                    2685                       -2.907433
                  2687.5                      -2.9426939
                    2690                      -2.9787417
                  2692.5                      -3.0156326
                    2695                      -3.0534279
                  2697.5                      -3.0921882
                    2700                      -3.1319783
                  2702.5                      -3.1728656
                    2705                      -3.2149162
                  2707.5                      -3.2582041
                    2710                      -3.3028008
                  2712.5                      -3.3487827
                    2715                      -3.3962272
                  2717.5                      -3.4452122
                    2720                      -3.4958192
                  2722.5                       -3.548132
                    2725                      -3.6022351
                  2727.5                      -3.6582147
                    2730                      -3.7161592
                  2732.5                      -3.7761592
                    2735                      -3.8383072
                  2737.5                      -3.9026964
                    2740                      -3.9694217
                  2742.5                      -4.0385821
                    2745                      -4.1102758
                  2747.5                      -4.1846051
                    2750                      -4.2616724
                  2752.5                      -4.3415851
                    2755                      -4.4244482
                  2757.5                      -4.5103752
                    2760                      -4.5994763
                  2762.5                      -4.6918682
                    2765                      -4.7876696
                  2767.5                      -4.8870022
                    2770                      -4.9899891
                  2772.5                      -5.0967586
                    2775                      -5.2074445
                  2777.5                       -5.322179
                    2780                      -5.4411056
                  2782.5                      -5.5643666
                    2785                      -5.6921115
                  2787.5                      -5.8244952
                    2790                      -5.9616781
                  2792.5                      -6.1038257
                    2795                      -6.2511085
                  2797.5                      -6.4037078
                    2800                      -6.5618085
                  2802.5                      -6.7256023
                    2805                      -6.8952927
                  2807.5                      -7.0710866
                    2810                      -7.2532028
                  2812.5                      -7.4418678
                    2815                      -7.6373172
                  2817.5                      -7.8397945
                    2820                      -8.0495547
                  2822.5                      -8.2668571
                    2825                      -8.4919754
                  2827.5                      -8.7251862
                    2830                      -8.9667715
                  2832.5                      -9.2170195
                    2835                      -9.4762174
                  2837.5                      -9.7446478
                    2840                      -10.022586
                  2842.5                      -10.310288
                    2845                      -10.607982
                  2847.5                      -10.915857
                    2850                      -11.234037
                  2852.5                      -11.562566
                    2855                       -11.90137
                  2857.5                      -12.250215
                    2860                       -12.60866
                  2862.5                      -12.975986
                    2865                       -13.35111
                  2867.5                      -13.732479
                    2870                      -14.117955
                  2872.5                      -14.504659
                    2875                      -14.888816
                  2877.5                      -15.265615
                    2880                      -15.629075
                  2882.5                      -15.972003
                    2885                      -16.286098
                  2887.5                      -16.562234
                    2890                      -16.791022
                  2892.5                      -16.963603
                    2895                      -17.072637
                  2897.5                      -17.113262
                    2900                       -17.08381
                  2902.5                      -16.986067
                    2905                      -16.824993
                  2907.5                      -16.607992
                    2910                      -16.343935
                  2912.5                      -16.042198
                    2915                      -15.711853
                  2917.5                      -15.361141
                    2920                       -14.99718
                  2922.5                      -14.625876
                    2925                      -14.251975
                  2927.5                      -13.879186
                    2930                       -13.51033
                  2932.5                        -13.1475
                    2935                      -12.792201
                  2937.5                      -12.445475
                    2940                      -12.108007
                  2942.5                      -11.780208
                    2945                      -11.462278
                  2947.5                      -11.154266
                    2950                        -10.8561
                  2952.5                      -10.567633
                    2955                      -10.288653
                  2957.5                       -10.01891
                    2960                      -9.7581236
                  2962.5                      -9.5059996
                    2965                      -9.2622345
                  2967.5                      -9.0265213
                    2970                      -8.7985547
                  2972.5                      -8.5780329
                    2975                       -8.364661
                  2977.5                      -8.1581539
                    2980                      -7.9582312
                  2982.5                      -7.7646263
                    2985                      -7.5770799
                  2987.5                      -7.3953452
                    2990                      -7.2191829
                  2992.5                       -7.048365
                    2995                       -6.882674
                  2997.5                         -6.7219
                    3000                      -6.5658426

