        Frequency / MHz                S1,1/abs,dB
----------------------------------------------------------------------
                     500                   -0.0028242587
                   502.5                  -0.00090854754
                     505                   3.5970572e-08
                   507.5                  -0.00010043734
                     510                   -0.0012052077
                   512.5                   -0.0033088646
                     515                   -0.0063987314
                   517.5                    -0.010459826
                     520                    -0.015469557
                   522.5                    -0.021405884
                     525                    -0.028239199
                   527.5                    -0.035936903
                     530                    -0.044461782
                   532.5                    -0.053777216
                     535                    -0.063839949
                   537.5                    -0.074602415
                     540                    -0.086018895
                   542.5                    -0.098037071
                     545                      -0.1106069
                   547.5                     -0.12366972
                     550                     -0.13717223
                   552.5                     -0.15105486
                     555                     -0.16526143
                   557.5                     -0.17972806
                     560                     -0.19439854
                   562.5                      -0.2092122
                     565                     -0.22410783
                   567.5                     -0.23902781
                     570                     -0.25391103
                   572.5                     -0.26870304
                     575                     -0.28334738
                   577.5                     -0.29779087
                     580                      -0.3119808
                   582.5                     -0.32586954
                     585                     -0.33941112
                   587.5                     -0.35256105
                     590                     -0.36527944
                   592.5                     -0.37753224
                     595                     -0.38928502
                   597.5                     -0.40050978
                     600                     -0.41118285
                   602.5                      -0.4212849
                     605                     -0.43079773
                   607.5                     -0.43971182
                     610                     -0.44801946
                   612.5                     -0.45571913
                     615                     -0.46281194
                   617.5                     -0.46930458
                     620                     -0.47520664
                   622.5                      -0.4805333
                     625                     -0.48530362
                   627.5                     -0.48953889
                     630                     -0.49326529
                   632.5                     -0.49651177
                     635                     -0.49930907
                   637.5                     -0.50169469
                     640                      -0.5037035
                   642.5                     -0.50537584
                     645                     -0.50675292
                   647.5                     -0.50787882
                     650                      -0.5087944
                   652.5                      -0.5095482
                     655                     -0.51018416
                   657.5                     -0.51074912
                     660                     -0.51128933
                   662.5                     -0.51184913
                     665                     -0.51247616
                   667.5                     -0.51321396
                     670                      -0.5141053
                   672.5                     -0.51519376
                     675                     -0.51651991
                   677.5                     -0.51812189
                     680                     -0.52003845
                   682.5                     -0.52230342
                     685                     -0.52494896
                   687.5                     -0.52800778
                     690                     -0.53150531
                   692.5                     -0.53546792
                     695                      -0.5399178
                   697.5                     -0.54487558
                     700                     -0.55035657
                   702.5                     -0.55637478
                     705                     -0.56294127
                   707.5                     -0.57006288
                     710                     -0.57774585
                   712.5                       -0.585989
                     715                     -0.59479307
                   717.5                     -0.60415169
                     720                     -0.61405789
                   722.5                     -0.62450064
                     725                     -0.63546726
                   727.5                     -0.64693881
                     730                     -0.65889753
                   732.5                     -0.67132081
                     735                     -0.68418421
                   737.5                     -0.69745932
                     740                     -0.71111763
                   742.5                     -0.72512468
                     745                     -0.73944851
                   747.5                     -0.75405314
                     750                     -0.76889739
                   752.5                     -0.78394423
                     755                       -0.799152
                   757.5                     -0.81447648
                     760                     -0.82987655
                   762.5                     -0.84530385
                     765                     -0.86071472
                   767.5                     -0.87606524
                     770                     -0.89130709
                   772.5                       -0.906394
                     775                     -0.92128013
                   777.5                     -0.93592098
                     780                     -0.95027032
                   782.5                     -0.96428351
                     785                     -0.97791844
                   787.5                     -0.99113409
                     790                      -1.0038875
                   792.5                      -1.0161452
                     795                      -1.0278658
                   797.5                      -1.0390172
                     800                      -1.0495666
                   802.5                      -1.0594858
                     805                      -1.0687469
                   807.5                      -1.0773267
                     810                      -1.0852018
                   812.5                      -1.0923569
                     815                       -1.098773
                   817.5                      -1.1044401
                     820                      -1.1093492
                   822.5                       -1.113494
                     825                      -1.1168714
                   827.5                      -1.1194812
                     830                       -1.121327
                   832.5                      -1.1224135
                     835                      -1.1227511
                   837.5                      -1.1223501
                     840                      -1.1212258
                   842.5                      -1.1193948
                     845                      -1.1168748
                   847.5                      -1.1136877
                     850                      -1.1098562
                   852.5                       -1.105405
                     855                      -1.1003613
                   857.5                      -1.0947513
                     860                      -1.0886049
                   862.5                      -1.0819518
                     865                      -1.0748216
                   867.5                      -1.0672481
                     870                      -1.0592609
                   872.5                      -1.0508922
                     875                      -1.0421741
                   877.5                      -1.0331376
                     880                      -1.0238162
                   882.5                      -1.0142414
                     885                      -1.0044393
                   887.5                     -0.99444442
                     890                     -0.98428478
                   892.5                     -0.97398753
                     895                     -0.96357756
                   897.5                     -0.95308402
                     900                     -0.94252929
                   902.5                     -0.93193991
                     905                     -0.92133465
                   907.5                     -0.91073444
                     910                     -0.90015947
                   912.5                     -0.88962778
                     915                     -0.87915576
                   917.5                     -0.86875624
                     920                      -0.8584451
                   922.5                     -0.84823344
                     925                     -0.83813178
                   927.5                     -0.82815027
                     930                     -0.81829411
                   932.5                     -0.80857311
                     935                     -0.79899096
                   937.5                     -0.78955093
                     940                     -0.78025863
                   942.5                     -0.77111384
                     945                     -0.76211933
                   947.5                     -0.75327355
                     950                     -0.74457668
                   952.5                     -0.73602576
                     955                     -0.72762001
                   957.5                     -0.71935435
                     960                     -0.71122748
                   962.5                     -0.70323449
                     965                     -0.69537099
                   967.5                     -0.68763035
                     970                     -0.68001143
                   972.5                     -0.67250586
                     975                     -0.66510885
                   977.5                     -0.65781508
                     980                       -0.650621
                   982.5                     -0.64351798
                     985                     -0.63650401
                   987.5                     -0.62957098
                     990                     -0.62271606
                   992.5                     -0.61593464
                     995                     -0.60922248
                   997.5                     -0.60257462
                    1000                      -0.5959892
                  1002.5                     -0.58946132
                    1005                     -0.58299082
                  1007.5                     -0.57657461
                    1010                     -0.57020839
                  1012.5                     -0.56389538
                    1015                     -0.55763037
                  1017.5                     -0.55141535
                    1020                     -0.54525137
                  1022.5                     -0.53913585
                    1025                     -0.53307299
                  1027.5                     -0.52706296
                    1030                     -0.52110682
                  1032.5                      -0.5152073
                    1035                     -0.50936699
                  1037.5                     -0.50358933
                    1040                     -0.49787523
                  1042.5                     -0.49222964
                    1045                     -0.48665626
                  1047.5                      -0.4811573
                    1050                     -0.47573656
                  1052.5                     -0.47039767
                    1055                     -0.46514645
                  1057.5                     -0.45998461
                    1060                     -0.45491537
                  1062.5                     -0.44994336
                    1065                     -0.44507266
                  1067.5                     -0.44030419
                    1070                      -0.4356453
                  1072.5                      -0.4310931
                    1075                     -0.42665515
                  1077.5                     -0.42232927
                    1080                     -0.41812185
                  1082.5                     -0.41402908
                    1085                     -0.41005803
                  1087.5                     -0.40620433
                    1090                     -0.40247126
                  1092.5                     -0.39885726
                    1095                     -0.39536322
                  1097.5                     -0.39198706
                    1100                       -0.388727
                  1102.5                     -0.38558188
                    1105                      -0.3825495
                  1107.5                     -0.37962613
                    1110                     -0.37680908
                  1112.5                     -0.37409668
                    1115                     -0.37148051
                  1117.5                     -0.36895973
                    1120                     -0.36653091
                  1122.5                     -0.36418502
                    1125                     -0.36192065
                  1127.5                     -0.35972914
                    1130                     -0.35760539
                  1132.5                      -0.3555462
                    1135                     -0.35354221
                  1137.5                     -0.35158887
                    1140                     -0.34968048
                  1142.5                     -0.34780852
                    1145                     -0.34596861
                  1147.5                     -0.34415382
                    1150                     -0.34235897
                  1152.5                     -0.34057623
                    1155                     -0.33880195
                  1157.5                     -0.33702892
                    1160                     -0.33525089
                  1162.5                     -0.33346534
                    1165                     -0.33166748
                  1167.5                     -0.32984972
                    1170                     -0.32800986
                  1172.5                     -0.32614461
                    1175                     -0.32425192
                  1177.5                     -0.32232497
                    1180                     -0.32036536
                  1182.5                     -0.31836928
                    1185                     -0.31633548
                  1187.5                     -0.31426367
                    1190                     -0.31215354
                  1192.5                      -0.3100044
                    1195                     -0.30781694
                  1197.5                     -0.30559539
                    1200                     -0.30333657
                  1202.5                      -0.3010452
                    1205                     -0.29872425
                  1207.5                     -0.29637604
                    1210                     -0.29400357
                  1212.5                     -0.29161103
                    1215                     -0.28920409
                  1217.5                     -0.28678495
                    1220                     -0.28436009
                  1222.5                     -0.28193452
                    1225                     -0.27951294
                  1227.5                     -0.27710132
                    1230                     -0.27470572
                  1232.5                     -0.27233212
                    1235                     -0.26998545
                  1237.5                     -0.26767246
                    1240                     -0.26539964
                  1242.5                     -0.26317138
                    1245                     -0.26099463
                  1247.5                     -0.25887517
                    1250                     -0.25681812
                  1252.5                     -0.25482897
                    1255                      -0.2529126
                  1257.5                     -0.25107358
                    1260                     -0.24931796
                  1262.5                      -0.2476475
                    1265                     -0.24606726
                  1267.5                       -0.244581
                    1270                      -0.2431913
                  1272.5                     -0.24189884
                    1275                      -0.2407072
                  1277.5                     -0.23961843
                    1280                     -0.23863188
                  1282.5                     -0.23774933
                    1285                      -0.2369699
                  1287.5                     -0.23629323
                    1290                      -0.2357181
                  1292.5                     -0.23524243
                    1295                     -0.23486554
                  1297.5                     -0.23458243
                    1300                     -0.23439098
                  1302.5                      -0.2342885
                    1305                     -0.23426914
                  1307.5                      -0.2343289
                    1310                     -0.23446364
                  1312.5                     -0.23466755
                    1315                     -0.23493459
                  1317.5                      -0.2352586
                    1320                     -0.23563253
                  1322.5                     -0.23605205
                    1325                     -0.23650862
                  1327.5                     -0.23699539
                    1330                     -0.23750588
                  1332.5                     -0.23803255
                    1335                     -0.23856861
                  1337.5                     -0.23910536
                    1340                     -0.23963812
                  1342.5                     -0.24015801
                    1345                     -0.24065887
                  1347.5                     -0.24113327
                    1350                     -0.24157664
                  1352.5                     -0.24198122
                    1355                     -0.24234089
                  1357.5                     -0.24265009
                    1360                     -0.24290466
                  1362.5                     -0.24309971
                    1365                     -0.24323013
                  1367.5                     -0.24329383
                    1370                      -0.2432864
                  1372.5                     -0.24320525
                    1375                     -0.24304711
                  1377.5                     -0.24281271
                    1380                     -0.24250097
                  1382.5                     -0.24210898
                    1385                     -0.24163834
                  1387.5                     -0.24109052
                    1390                     -0.24046623
                  1392.5                     -0.23976797
                    1395                     -0.23899764
                  1397.5                     -0.23815802
                    1400                     -0.23725409
                  1402.5                      -0.2362885
                    1405                     -0.23526774
                  1407.5                     -0.23419525
                    1410                     -0.23307837
                  1412.5                     -0.23192084
                    1415                      -0.2307308
                  1417.5                      -0.2295146
                    1420                     -0.22827907
                  1422.5                     -0.22703021
                    1425                     -0.22577686
                  1427.5                     -0.22452705
                    1430                     -0.22328741
                  1432.5                     -0.22206473
                    1435                     -0.22086845
                  1437.5                     -0.21970522
                    1440                     -0.21858282
                  1442.5                     -0.21750857
                    1445                     -0.21648925
                  1447.5                     -0.21553223
                    1450                      -0.2146452
                  1452.5                     -0.21383316
                    1455                     -0.21310142
                  1457.5                     -0.21245812
                    1460                     -0.21190602
                  1462.5                     -0.21145037
                    1465                     -0.21109591
                  1467.5                     -0.21084628
                    1470                     -0.21070402
                  1472.5                     -0.21067244
                    1475                     -0.21075224
                  1477.5                     -0.21094554
                    1480                     -0.21125369
                  1482.5                     -0.21167521
                    1485                      -0.2122102
                  1487.5                     -0.21285826
                    1490                     -0.21361687
                  1492.5                      -0.2144837
                    1495                     -0.21545515
                  1497.5                     -0.21652823
                    1500                     -0.21769844
                  1502.5                     -0.21896069
                    1505                     -0.22031108
                  1507.5                     -0.22174259
                    1510                     -0.22324933
                  1512.5                      -0.2248247
                    1515                     -0.22646221
                  1517.5                     -0.22815233
                    1520                     -0.22989054
                  1522.5                     -0.23166663
                    1525                     -0.23347309
                  1527.5                     -0.23530194
                    1530                     -0.23714518
                  1532.5                     -0.23899347
                    1535                     -0.24083862
                  1537.5                       -0.242673
                    1540                     -0.24448697
                  1542.5                     -0.24627376
                    1545                     -0.24802554
                  1547.5                     -0.24973256
                    1550                     -0.25139012
                  1552.5                        -0.25299
                    1555                     -0.25452639
                  1557.5                     -0.25599208
                    1560                     -0.25738396
                  1562.5                     -0.25869504
                    1565                     -0.25992113
                  1567.5                     -0.26105862
                    1570                     -0.26210651
                  1572.5                     -0.26305866
                    1575                     -0.26391537
                  1577.5                     -0.26467674
                    1580                      -0.2653394
                  1582.5                     -0.26590631
                    1585                     -0.26637957
                  1587.5                     -0.26675713
                    1590                     -0.26704451
                  1592.5                     -0.26724484
                    1595                     -0.26736189
                  1597.5                     -0.26740045
                    1600                      -0.2673642
                  1602.5                     -0.26726123
                    1605                     -0.26709722
                  1607.5                     -0.26688078
                    1610                      -0.2666171
                  1612.5                     -0.26631627
                    1615                     -0.26598519
                  1617.5                     -0.26563419
                    1620                     -0.26527019
                  1622.5                     -0.26490506
                    1625                     -0.26454895
                  1627.5                     -0.26420903
                    1630                      -0.2638975
                  1632.5                     -0.26362217
                    1635                     -0.26339358
                  1637.5                     -0.26322421
                    1640                     -0.26312007
                  1642.5                     -0.26309156
                    1645                     -0.26314916
                  1647.5                     -0.26330136
                    1650                     -0.26355535
                  1652.5                     -0.26391934
                    1655                     -0.26440206
                  1657.5                     -0.26500932
                    1660                     -0.26574966
                  1662.5                      -0.2666264
                    1665                     -0.26764724
                  1667.5                     -0.26881371
                    1670                      -0.2701309
                  1672.5                     -0.27160339
                    1675                     -0.27323313
                  1677.5                     -0.27501916
                    1680                     -0.27696487
                  1682.5                     -0.27906822
                    1685                     -0.28133038
                  1687.5                     -0.28374755
                    1690                     -0.28631904
                  1692.5                     -0.28904137
                    1695                     -0.29191006
                  1697.5                     -0.29492023
                    1700                     -0.29806553
                  1702.5                     -0.30134101
                    1705                     -0.30474037
                  1707.5                     -0.30825532
                    1710                     -0.31187747
                  1712.5                     -0.31559811
                    1715                     -0.31940965
                  1717.5                     -0.32330131
                    1720                     -0.32726228
                  1722.5                     -0.33128392
                    1725                      -0.3353563
                  1727.5                     -0.33946785
                    1730                     -0.34360708
                  1732.5                     -0.34776371
                    1735                      -0.3519276
                  1737.5                     -0.35608746
                    1740                      -0.3602337
                  1742.5                     -0.36435424
                    1745                     -0.36844066
                  1747.5                      -0.3724824
                    1750                     -0.37647178
                  1752.5                     -0.38039905
                    1755                     -0.38425677
                  1757.5                     -0.38803728
                    1760                     -0.39173376
                  1762.5                     -0.39534172
                    1765                     -0.39885408
                  1767.5                     -0.40226719
                    1770                      -0.4055797
                  1772.5                       -0.408788
                    1775                     -0.41189004
                  1777.5                     -0.41488746
                    1780                     -0.41777858
                  1782.5                     -0.42056685
                    1785                     -0.42325488
                  1787.5                     -0.42584649
                    1790                     -0.42834749
                  1792.5                     -0.43076153
                    1795                     -0.43309696
                  1797.5                     -0.43536291
                    1800                     -0.43756624
                  1802.5                     -0.43971962
                    1805                     -0.44182937
                  1807.5                     -0.44391112
                    1810                     -0.44597552
                  1812.5                     -0.44803583
                    1815                     -0.45010492
                  1817.5                     -0.45219795
                    1820                      -0.4543294
                  1822.5                     -0.45651346
                    1825                     -0.45876814
                  1827.5                     -0.46110669
                    1830                     -0.46354491
                  1832.5                     -0.46610257
                    1835                     -0.46879254
                  1837.5                      -0.4716303
                    1840                     -0.47463308
                  1842.5                     -0.47781743
                    1845                     -0.48119775
                  1847.5                     -0.48478964
                    1850                     -0.48860623
                  1852.5                     -0.49266173
                    1855                      -0.4969715
                  1857.5                     -0.50154542
                    1860                      -0.5063984
                  1862.5                     -0.51153911
                    1865                     -0.51698003
                  1867.5                     -0.52272836
                    1870                     -0.52879418
                  1872.5                     -0.53518394
                    1875                     -0.54190416
                  1877.5                     -0.54896112
                    1880                     -0.55635742
                  1882.5                     -0.56409711
                    1885                     -0.57218185
                  1887.5                     -0.58061363
                    1890                     -0.58938969
                  1892.5                     -0.59851041
                    1895                     -0.60797311
                  1897.5                     -0.61777448
                    1900                     -0.62790758
                  1902.5                     -0.63836903
                    1905                     -0.64915125
                  1907.5                     -0.66024596
                    1910                     -0.67164508
                  1912.5                     -0.68333957
                    1915                      -0.6953189
                  1917.5                     -0.70757173
                    1920                     -0.72008698
                  1922.5                     -0.73285206
                    1925                     -0.74585522
                  1927.5                     -0.75908452
                    1930                     -0.77252484
                  1932.5                     -0.78616524
                    1935                      -0.7999906
                  1937.5                     -0.81398981
                    1940                     -0.82814906
                  1942.5                     -0.84245751
                    1945                     -0.85689997
                  1947.5                     -0.87146907
                    1950                     -0.88615122
                  1952.5                     -0.90093953
                    1955                     -0.91582229
                  1957.5                     -0.93079434
                    1960                     -0.94584798
                  1962.5                     -0.96097809
                    1965                     -0.97618309
                  1967.5                     -0.99146029
                    1970                      -1.0068075
                  1972.5                      -1.0222275
                    1975                      -1.0377226
                  1977.5                      -1.0533001
                    1980                      -1.0689658
                  1982.5                      -1.0847275
                    1985                      -1.1005983
                  1987.5                      -1.1165912
                    1990                      -1.1327216
                  1992.5                      -1.1490057
                    1995                      -1.1654667
                  1997.5                      -1.1821217
                    2000                      -1.1989979
                  2002.5                      -1.2161217
                    2005                      -1.2335194
                  2007.5                      -1.2512226
                    2010                      -1.2692624
                  2012.5                      -1.2876736
                    2015                      -1.3064916
                  2017.5                      -1.3257531
                    2020                       -1.345498
                  2022.5                      -1.3657662
                    2025                      -1.3865996
                  2027.5                      -1.4080405
                    2030                      -1.4301353
                  2032.5                      -1.4529255
                    2035                      -1.4764607
                  2037.5                      -1.5007853
                    2040                      -1.5259474
                  2042.5                      -1.5519942
                    2045                      -1.5789724
                  2047.5                      -1.6069323
                    2050                      -1.6359192
                  2052.5                      -1.6659826
                    2055                      -1.6971687
                  2057.5                      -1.7295241
                    2060                      -1.7630945
                  2062.5                      -1.7979257
                    2065                       -1.834059
                  2067.5                      -1.8715391
                    2070                      -1.9104073
                  2072.5                       -1.950702
                    2075                      -1.9924617
                  2077.5                      -2.0357198
                    2080                      -2.0805122
                  2082.5                       -2.126868
                    2085                      -2.1748153
                  2087.5                      -2.2243807
                    2090                      -2.2755837
                  2092.5                      -2.3284441
                    2095                      -2.3829777
                  2097.5                      -2.4391948
                    2100                      -2.4971014
                  2102.5                      -2.5566995
                    2105                      -2.6179864
                  2107.5                      -2.6809538
                    2110                      -2.7455871
                  2112.5                      -2.8118691
                    2115                      -2.8797711
                  2117.5                      -2.9492608
                    2120                      -3.0202976
                  2122.5                       -3.092833
                    2125                      -3.1668137
                  2127.5                      -3.2421708
                    2130                       -3.318833
                  2132.5                       -3.396716
                    2135                      -3.4757256
                  2137.5                      -3.5557607
                    2140                      -3.6367027
                  2142.5                      -3.7184266
                    2145                      -3.8007934
                  2147.5                      -3.8836537
                    2150                      -3.9668447
                  2152.5                      -4.0501902
                    2155                      -4.1335027
                  2157.5                      -4.2165811
                    2160                      -4.2992125
                  2162.5                      -4.3811721
                    2165                      -4.4622241
                  2167.5                      -4.5421194
                    2170                      -4.6206016
                  2172.5                      -4.6974042
                    2175                      -4.7722533
                  2177.5                      -4.8448718
                    2180                      -4.9149785
                  2182.5                      -4.9822879
                    2185                      -5.0465182
                  2187.5                      -5.1073908
                    2190                      -5.1646378
                  2192.5                      -5.2179963
                    2195                      -5.2672176
                  2197.5                      -5.3120713
                    2200                      -5.3523445
                  2202.5                      -5.3878499
                    2205                      -5.4184199
                  2207.5                      -5.4439194
                    2210                       -5.464244
                  2212.5                      -5.4793157
                    2215                       -5.489095
                  2217.5                      -5.4935721
                    2220                      -5.4927742
                  2222.5                      -5.4867596
                    2225                      -5.4756176
                  2227.5                       -5.459473
                    2230                      -5.4384779
                  2232.5                      -5.4128081
                    2235                      -5.3826692
                  2237.5                       -5.348282
                    2240                       -5.309887
                  2242.5                      -5.2677449
                    2245                      -5.2221226
                  2247.5                      -5.1732968
                    2250                      -5.1215502
                  2252.5                      -5.0671675
                    2255                       -5.010435
                  2257.5                      -4.9516336
                    2260                      -4.8910443
                  2262.5                      -4.8289388
                    2265                      -4.7655812
                  2267.5                      -4.7012242
                    2270                       -4.636114
                  2272.5                      -4.5704834
                    2275                      -4.5045526
                  2277.5                      -4.4385305
                    2280                      -4.3726093
                  2282.5                      -4.3069755
                    2285                      -4.2417947
                  2287.5                      -4.1772255
                    2290                      -4.1134113
                  2292.5                      -4.0504832
                    2295                       -3.988561
                  2297.5                      -3.9277507
                    2300                      -3.8681519
                  2302.5                      -3.8098451
                    2305                      -3.7529113
                  2307.5                      -3.6974112
                    2310                      -3.6433992
                  2312.5                      -3.5909287
                    2315                      -3.5400341
                  2317.5                      -3.4907433
                    2320                      -3.4430827
                  2322.5                      -3.3970671
                    2325                      -3.3527058
                  2327.5                      -3.3099981
                    2330                      -3.2689414
                  2332.5                      -3.2295279
                    2335                        -3.19174
                  2337.5                      -3.1555598
                    2340                      -3.1209635
                  2342.5                      -3.0879204
                    2345                      -3.0563999
                  2347.5                      -3.0263627
                    2350                      -2.9977712
                  2352.5                      -2.9705813
                    2355                      -2.9447481
                  2357.5                      -2.9202212
                    2360                      -2.8969511
                  2362.5                      -2.8748828
                    2365                      -2.8539656
                  2367.5                      -2.8341396
                    2370                      -2.8153482
                  2372.5                      -2.7975359
                    2375                      -2.7806397
                  2377.5                      -2.7646037
                    2380                      -2.7493643
                  2382.5                      -2.7348663
                    2385                      -2.7210497
                  2387.5                      -2.7078573
                    2390                      -2.6952303
                  2392.5                      -2.6831132
                    2395                      -2.6714534
                  2397.5                      -2.6601977
                    2400                       -2.649297
                  2402.5                      -2.6387015
                    2405                      -2.6283669
                  2407.5                      -2.6182505
                    2410                      -2.6083125
                  2412.5                      -2.5985186
                    2415                      -2.5888319
                  2417.5                      -2.5792265
                    2420                      -2.5696736
                  2422.5                      -2.5601527
                    2425                      -2.5506455
                  2427.5                      -2.5411348
                    2430                      -2.5316138
                  2432.5                      -2.5220729
                    2435                      -2.5125086
                  2437.5                      -2.5029247
                    2440                      -2.4933225
                  2442.5                      -2.4837126
                    2445                      -2.4741058
                  2447.5                      -2.4645174
                    2450                      -2.4549677
                  2452.5                      -2.4454751
                    2455                       -2.436066
                  2457.5                      -2.4267687
                    2460                      -2.4176102
                  2462.5                       -2.408625
                    2465                      -2.3998445
                  2467.5                      -2.3913073
                    2470                      -2.3830494
                  2472.5                      -2.3751076
                    2475                      -2.3675249
                  2477.5                      -2.3603396
                    2480                      -2.3535916
                  2482.5                       -2.347326
                    2485                      -2.3415795
                  2487.5                      -2.3363947
                    2490                      -2.3318135
                  2492.5                      -2.3278738
                    2495                      -2.3246145
                  2497.5                      -2.3220763
                    2500                      -2.3202929
                  2502.5                      -2.3193012
                    2505                      -2.3191342
                  2507.5                      -2.3198237
                    2510                      -2.3214006
                  2512.5                      -2.3238943
                    2515                      -2.3273282
                  2517.5                      -2.3317266
                    2520                      -2.3371134
                  2522.5                      -2.3435046
                    2525                      -2.3509184
                  2527.5                      -2.3593686
                    2530                      -2.3688673
                  2532.5                      -2.3794223
                    2535                      -2.3910402
                  2537.5                      -2.4037243
                    2540                      -2.4174775
                  2542.5                      -2.4322957
                    2545                      -2.4481756
                  2547.5                      -2.4651116
                    2550                      -2.4830943
                  2552.5                       -2.502108
                    2555                       -2.522144
                  2557.5                      -2.5431816
                    2560                      -2.5652042
                  2562.5                      -2.5881908
                    2565                      -2.6121191
                  2567.5                      -2.6369642
                    2570                      -2.6626995
                  2572.5                      -2.6892976
                    2575                      -2.7167293
                  2577.5                      -2.7449645
                    2580                      -2.7739718
                  2582.5                       -2.803718
                    2585                      -2.8341745
                  2587.5                      -2.8653045
                    2590                      -2.8970771
                  2592.5                      -2.9294587
                    2595                      -2.9624203
                  2597.5                      -2.9959284
                    2600                      -3.0299544
                  2602.5                      -3.0644664
                    2605                      -3.0994411
                  2607.5                      -3.1348531
                    2610                      -3.1706763
                  2612.5                      -3.2068922
                    2615                      -3.2434849
                  2617.5                      -3.2804364
                    2620                      -3.3177388
                  2622.5                      -3.3553821
                    2625                      -3.3933631
                  2627.5                      -3.4316821
                    2630                      -3.4703415
                  2632.5                      -3.5093532
                    2635                      -3.5487276
                  2637.5                      -3.5884832
                    2640                      -3.6286446
                  2642.5                      -3.6692354
                    2645                      -3.7102895
                  2647.5                      -3.7518465
                    2650                      -3.7939449
                  2652.5                      -3.8366322
                    2655                      -3.8799632
                  2657.5                      -3.9239932
                    2660                      -3.9687823
                  2662.5                       -4.014397
                    2665                      -4.0609082
                  2667.5                      -4.1083913
                    2670                      -4.1569236
                  2672.5                      -4.2065906
                    2675                      -4.2574752
                  2677.5                      -4.3096707
                    2680                      -4.3632692
                  2682.5                      -4.4183689
                    2685                      -4.4750674
                  2687.5                      -4.5334693
                    2690                      -4.5936772
                  2692.5                      -4.6558001
                    2695                      -4.7199494
                  2697.5                      -4.7862297
                    2700                      -4.8547587
                  2702.5                      -4.9256493
                    2705                      -4.9990178
                  2707.5                      -5.0749778
                    2710                      -5.1536467
                  2712.5                      -5.2351436
                    2715                      -5.3195837
                  2717.5                      -5.4070847
                    2720                      -5.4977646
                  2722.5                      -5.5917381
                    2725                      -5.6891214
                  2727.5                      -5.7900292
                    2730                        -5.89457
                  2732.5                      -6.0028572
                    2735                      -6.1149938
                  2737.5                      -6.2310843
                    2740                      -6.3512292
                  2742.5                      -6.4755183
                    2745                      -6.6040405
                  2747.5                      -6.7368748
                    2750                      -6.8740915
                  2752.5                      -7.0157513
                    2755                      -7.1619019
                  2757.5                      -7.3125737
                    2760                       -7.467783
                  2762.5                      -7.6275243
                    2765                      -7.7917689
                  2767.5                      -7.9604587
                    2770                      -8.1335017
                  2772.5                      -8.3107687
                    2775                      -8.4920878
                  2777.5                      -8.6772321
                    2780                      -8.8659163
                  2782.5                      -9.0577876
                    2785                      -9.2524124
                  2787.5                      -9.4492718
                    2790                      -9.6477459
                  2792.5                      -9.8471049
                    2795                      -10.046492
                  2797.5                      -10.244927
                    2800                       -10.44128
                  2802.5                      -10.634279
                    2805                      -10.822502
                  2807.5                      -11.004383
                    2810                      -11.178223
                  2812.5                      -11.342211
                    2815                      -11.494456
                  2817.5                      -11.633026
                    2820                      -11.756016
                  2822.5                      -11.861591
                    2825                      -11.948073
                  2827.5                      -12.014009
                    2830                       -12.05824
                  2832.5                      -12.079964
                    2835                      -12.078771
                  2837.5                      -12.054677
                    2840                      -12.008117
                  2842.5                      -11.939913
                    2845                      -11.851244
                  2847.5                      -11.743577
                    2850                      -11.618595
                  2852.5                      -11.478129
                    2855                      -11.324082
                  2857.5                      -11.158373
                    2860                      -10.982873
                  2862.5                      -10.799378
                    2865                       -10.60956
                  2867.5                      -10.414962
                    2870                      -10.216981
                  2872.5                      -10.016868
                    2875                      -9.8157209
                  2877.5                      -9.6145017
                    2880                      -9.4140396
                  2882.5                      -9.2150408
                    2885                      -9.0181037
                  2887.5                      -8.8237256
                    2890                      -8.6323178
                  2892.5                      -8.4442145
                    2895                      -8.2596811
                  2897.5                      -8.0789227
                    2900                      -7.9020952
                  2902.5                      -7.7293098
                    2905                      -7.5606399
                  2907.5                       -7.396125
                    2910                      -7.2357783
                  2912.5                      -7.0795879
                    2915                      -6.9275245
                  2917.5                      -6.7795389
                    2920                      -6.6355683
                  2922.5                      -6.4955396
                    2925                      -6.3593677
                  2927.5                      -6.2269591
                    2930                      -6.0982145
                  2932.5                      -5.9730306
                    2935                      -5.8512985
                  2937.5                      -5.7329018
                    2940                      -5.6177299
                  2942.5                      -5.5056647
                    2945                      -5.3965891
                  2947.5                      -5.2903844
                    2950                      -5.1869338
                  2952.5                       -5.086118
                    2955                      -4.9878269
                  2957.5                      -4.8919417
                    2960                      -4.7983531
                  2962.5                      -4.7069492
                    2965                      -4.6176257
                  2967.5                      -4.5302774
                    2970                       -4.444805
                  2972.5                      -4.3611124
                    2975                      -4.2791062
                  2977.5                      -4.1987005
                    2980                      -4.1198088
                  2982.5                      -4.0423518
                    2985                      -3.9662593
                  2987.5                      -3.8914595
                    2990                      -3.8178873
                  2992.5                      -3.7454875
                    2995                      -3.6742037
                  2997.5                      -3.6039899
                    3000                      -3.5348045

