        Frequency / MHz                S1,1/abs,dB
----------------------------------------------------------------------
                     500                      -1.7752546
                   502.5                       -1.859952
                     505                      -1.9377421
                   507.5                       -2.007593
                     510                      -2.0685675
                   512.5                      -2.1198404
                     515                      -2.1607351
                   517.5                      -2.1907399
                     520                      -2.2095302
                   522.5                      -2.2169819
                     525                      -2.2131675
                   527.5                      -2.1983552
                     530                      -2.1730024
                   532.5                      -2.1377277
                     535                      -2.0932926
                   537.5                      -2.0405744
                     540                      -1.9805342
                   542.5                      -1.9141865
                     545                      -1.8425793
                   547.5                      -1.7667598
                     550                      -1.6877561
                   552.5                      -1.6065595
                     555                      -1.5241087
                   557.5                       -1.441282
                     560                      -1.3588826
                   562.5                      -1.2776431
                     565                      -1.1982179
                   567.5                      -1.1211817
                     570                      -1.0470375
                   572.5                     -0.97621257
                     575                     -0.90906005
                   577.5                     -0.84587316
                     580                     -0.78687809
                   582.5                     -0.73224056
                     585                     -0.68207395
                   587.5                     -0.63644297
                     590                       -0.595359
                   592.5                     -0.55879306
                     595                     -0.52667558
                   597.5                     -0.49889722
                     600                     -0.47531697
                   602.5                     -0.45576063
                     605                     -0.44002602
                   607.5                      -0.4278844
                     610                     -0.41908105
                   612.5                     -0.41334603
                     615                     -0.41038654
                   617.5                     -0.40989811
                     620                     -0.41156262
                   622.5                     -0.41505382
                     625                      -0.4200417
                   627.5                     -0.42619332
                     630                     -0.43317721
                   632.5                     -0.44066907
                     635                     -0.44835429
                   637.5                       -0.455929
                     640                     -0.46311071
                   642.5                      -0.4696326
                     645                     -0.47525627
                   647.5                     -0.47976525
                     650                     -0.48297633
                   652.5                     -0.48473582
                     655                     -0.48492583
                   657.5                     -0.48345447
                     660                     -0.48027481
                   662.5                     -0.47536567
                     665                      -0.4687425
                   667.5                     -0.46044762
                     670                     -0.45055955
                   672.5                     -0.43917695
                     675                     -0.42642682
                   677.5                     -0.41245244
                     680                     -0.39741677
                   682.5                     -0.38149479
                     685                     -0.36487351
                   687.5                     -0.34774439
                     690                     -0.33029878
                   692.5                     -0.31273123
                     695                     -0.29523357
                   697.5                     -0.27798526
                     700                     -0.26116367
                   702.5                     -0.24492776
                     705                     -0.22942949
                   707.5                     -0.21480265
                     710                     -0.20116629
                   712.5                     -0.18861985
                     715                      -0.1772488
                   717.5                     -0.16711787
                     720                     -0.15827321
                   722.5                     -0.15074159
                     725                     -0.14453721
                   727.5                     -0.13965133
                     730                     -0.13605722
                   732.5                     -0.13371589
                     735                      -0.1325723
                   737.5                     -0.13255722
                     740                     -0.13358573
                   742.5                     -0.13556548
                     745                     -0.13839221
                   747.5                      -0.1419545
                     750                     -0.14613467
                   752.5                       -0.150808
                     755                     -0.15584955
                   757.5                      -0.1611334
                     760                     -0.16653197
                   762.5                     -0.17192212
                     765                     -0.17718506
                   767.5                     -0.18220799
                     770                     -0.18688472
                   772.5                     -0.19112025
                     775                     -0.19482927
                   777.5                     -0.19793767
                     780                     -0.20038232
                   782.5                     -0.20211709
                     785                     -0.20310589
                   787.5                     -0.20332826
                     790                     -0.20277741
                   792.5                     -0.20145996
                     795                     -0.19939488
                   797.5                     -0.19661498
                     800                     -0.19316303
                   802.5                     -0.18909303
                     805                     -0.18446757
                   807.5                     -0.17935691
                     810                     -0.17383913
                   812.5                     -0.16799525
                     815                     -0.16191187
                   817.5                     -0.15567401
                     820                     -0.14937085
                   822.5                     -0.14308911
                     825                     -0.13691134
                   827.5                     -0.13092052
                     830                     -0.12519105
                   832.5                     -0.11979292
                     835                     -0.11478803
                   837.5                     -0.11023537
                     840                     -0.10618003
                   842.5                     -0.10266199
                     845                    -0.099710592
                   847.5                     -0.09734628
                     850                    -0.095582217
                   852.5                    -0.094418905
                     855                    -0.093851012
                   857.5                    -0.093863613
                     860                    -0.094430936
                   862.5                    -0.095523173
                     865                    -0.097101762
                   867.5                    -0.099121253
                     870                     -0.10153092
                   872.5                     -0.10427728
                     875                     -0.10730118
                   877.5                     -0.11053988
                     880                      -0.1139296
                   882.5                     -0.11740851
                     885                     -0.12091092
                   887.5                     -0.12437403
                     890                     -0.12773817
                   892.5                     -0.13094577
                     895                     -0.13394283
                   897.5                     -0.13668269
                     900                     -0.13912085
                   902.5                     -0.14122061
                     905                     -0.14295216
                   907.5                     -0.14429279
                     910                     -0.14522475
                   912.5                     -0.14574155
                     915                     -0.14584099
                   917.5                     -0.14552771
                     920                     -0.14481715
                   922.5                     -0.14372744
                     925                     -0.14228436
                   927.5                     -0.14051842
                     930                     -0.13846759
                   932.5                     -0.13617173
                     935                     -0.13367467
                   937.5                     -0.13102348
                     940                     -0.12826665
                   942.5                      -0.1254519
                     945                     -0.12263205
                   947.5                      -0.1198542
                     950                     -0.11716575
                   952.5                     -0.11461385
                     955                     -0.11224063
                   957.5                     -0.11008478
                     960                      -0.1081825
                   962.5                     -0.10656345
                     965                     -0.10525502
                   967.5                     -0.10427574
                     970                     -0.10364328
                   972.5                     -0.10336651
                     975                     -0.10344984
                   977.5                     -0.10389101
                     980                     -0.10468376
                   982.5                      -0.1058174
                     985                     -0.10727282
                   987.5                     -0.10903039
                     990                     -0.11106245
                   992.5                      -0.1133399
                     995                     -0.11583099
                   997.5                     -0.11849966
                    1000                     -0.12130753
                  1002.5                     -0.12421687
                    1005                     -0.12718729
                  1007.5                     -0.13018046
                    1010                     -0.13315615
                  1012.5                     -0.13607531
                    1015                     -0.13890318
                  1017.5                      -0.1416054
                    1020                     -0.14415111
                  1022.5                     -0.14651191
                    1025                     -0.14866414
                  1027.5                     -0.15058813
                    1030                     -0.15226845
                  1032.5                     -0.15369511
                    1035                     -0.15486137
                  1037.5                     -0.15576576
                    1040                     -0.15641196
                  1042.5                     -0.15680885
                    1045                     -0.15696887
                  1047.5                     -0.15690749
                    1050                     -0.15664682
                  1052.5                     -0.15621081
                    1055                     -0.15562585
                  1057.5                     -0.15492026
                    1060                     -0.15412802
                  1062.5                     -0.15327969
                    1065                     -0.15241125
                  1067.5                     -0.15155476
                    1070                     -0.15074507
                  1072.5                     -0.15001556
                    1075                     -0.14939695
                  1077.5                     -0.14891892
                    1080                     -0.14861187
                  1082.5                     -0.14849698
                    1085                     -0.14859925
                  1087.5                     -0.14893544
                    1090                     -0.14952186
                  1092.5                     -0.15036966
                    1095                     -0.15148538
                  1097.5                       -0.152873
                    1100                     -0.15453168
                  1102.5                     -0.15645659
                    1105                     -0.15864062
                  1107.5                      -0.1610714
                    1110                     -0.16373275
                  1112.5                     -0.16660759
                    1115                     -0.16967363
                  1117.5                     -0.17290908
                    1120                     -0.17628611
                  1122.5                     -0.17977916
                    1125                     -0.18336125
                  1127.5                     -0.18700105
                    1130                      -0.1906718
                  1132.5                     -0.19434363
                    1135                      -0.1979904
                  1137.5                     -0.20158495
                    1140                     -0.20510237
                  1142.5                     -0.20852147
                    1145                     -0.21182247
                  1147.5                     -0.21498719
                    1150                     -0.21800316
                  1152.5                     -0.22085964
                    1155                     -0.22354944
                  1157.5                     -0.22607031
                    1160                     -0.22842225
                  1162.5                     -0.23060973
                    1165                     -0.23263933
                  1167.5                     -0.23452486
                    1170                     -0.23627903
                  1172.5                     -0.23791984
                    1175                     -0.23946719
                  1177.5                     -0.24094529
                    1180                     -0.24237773
                  1182.5                     -0.24379162
                    1185                       -0.245213
                  1187.5                     -0.24667272
                    1190                     -0.24819794
                  1192.5                     -0.24981661
                    1195                     -0.25155793
                  1197.5                     -0.25344936
                    1200                     -0.25551515
                  1202.5                     -0.25777752
                    1205                      -0.2602611
                  1207.5                     -0.26298386
                    1210                     -0.26596175
                  1212.5                     -0.26920864
                    1215                     -0.27273448
                  1217.5                     -0.27654683
                    1220                     -0.28064914
                  1222.5                     -0.28504258
                    1225                     -0.28972464
                  1227.5                     -0.29468833
                    1230                     -0.29992443
                  1232.5                     -0.30542241
                    1235                     -0.31116881
                  1237.5                     -0.31714285
                    1240                     -0.32333077
                  1242.5                     -0.32970933
                    1245                     -0.33625703
                  1247.5                     -0.34295051
                    1250                     -0.34977003
                  1252.5                     -0.35668896
                    1255                     -0.36368717
                  1257.5                      -0.3707408
                    1260                     -0.37783129
                  1262.5                     -0.38493819
                    1265                     -0.39204583
                  1267.5                     -0.39913876
                    1270                     -0.40620752
                  1272.5                     -0.41323925
                    1275                     -0.42023143
                  1277.5                     -0.42718254
                    1280                     -0.43409196
                  1282.5                     -0.44096416
                    1285                     -0.44780975
                  1287.5                     -0.45463982
                    1290                     -0.46146824
                  1292.5                     -0.46831554
                    1295                     -0.47520251
                  1297.5                     -0.48215304
                    1300                     -0.48919444
                  1302.5                     -0.49635623
                    1305                     -0.50366892
                  1307.5                     -0.51116459
                    1310                     -0.51887714
                  1312.5                     -0.52683945
                    1315                     -0.53508618
                  1317.5                     -0.54365112
                    1320                     -0.55256645
                  1322.5                     -0.56186545
                    1325                      -0.5715775
                  1327.5                     -0.58173206
                    1330                     -0.59235571
                  1332.5                     -0.60347173
                    1335                     -0.61510337
                  1337.5                      -0.6272672
                    1340                     -0.63998067
                  1342.5                     -0.65325614
                    1345                     -0.66710266
                  1347.5                     -0.68152812
                    1350                     -0.69653414
                  1352.5                      -0.7121227
                    1355                     -0.72829032
                  1357.5                     -0.74503262
                    1360                     -0.76234225
                  1362.5                      -0.7802101
                    1365                     -0.79862523
                  1367.5                     -0.81757449
                    1370                     -0.83704655
                  1372.5                     -0.85702422
                    1375                      -0.8774965
                  1377.5                     -0.89844826
                    1380                     -0.91986438
                  1382.5                     -0.94173603
                    1385                      -0.9640516
                  1387.5                      -0.9868024
                    1390                      -1.0099822
                  1392.5                      -1.0335869
                    1395                      -1.0576151
                  1397.5                      -1.0820718
                    1400                      -1.1069593
                  1402.5                      -1.1322875
                    1405                      -1.1580691
                  1407.5                       -1.184319
                    1410                      -1.2110561
                  1412.5                       -1.238304
                    1415                      -1.2660848
                  1417.5                      -1.2944285
                    1420                      -1.3233608
                  1422.5                      -1.3529164
                    1425                      -1.3831252
                  1427.5                      -1.4140211
                    1430                      -1.4456352
                  1432.5                      -1.4780001
                    1435                      -1.5111461
                  1437.5                      -1.5450993
                    1440                      -1.5798864
                  1442.5                      -1.6155269
                    1445                      -1.6520359
                  1447.5                      -1.6894233
                    1450                      -1.7276933
                  1452.5                      -1.7668418
                    1455                      -1.8068564
                  1457.5                      -1.8477156
                    1460                      -1.8893883
                  1462.5                      -1.9318335
                    1465                      -1.9749977
                  1467.5                      -2.0188166
                    1470                      -2.0632131
                  1472.5                      -2.1081008
                    1475                      -2.1533745
                  1477.5                      -2.1989214
                    1480                      -2.2446142
                  1482.5                       -2.290312
                    1485                      -2.3358609
                  1487.5                      -2.3810999
                    1490                      -2.4258518
                  1492.5                      -2.4699333
                    1495                      -2.5131499
                  1497.5                      -2.5553017
                    1500                      -2.5961822
                  1502.5                       -2.635583
                    1505                       -2.673292
                  1507.5                         -2.7091
                    1510                      -2.7427997
                  1512.5                      -2.7741926
                    1515                      -2.8030836
                  1517.5                      -2.8292956
                    1520                      -2.8526604
                  1522.5                      -2.8730253
                    1525                      -2.8902634
                  1527.5                       -2.904259
                    1530                      -2.9149276
                  1532.5                      -2.9222025
                    1535                      -2.9260464
                  1537.5                      -2.9264451
                    1540                      -2.9234121
                  1542.5                      -2.9169855
                    1545                      -2.9072269
                  1547.5                      -2.8942271
                    1550                       -2.878094
                  1552.5                      -2.8589574
                    1555                      -2.8369679
                  1557.5                      -2.8122905
                    1560                      -2.7851019
                  1562.5                      -2.7555917
                    1565                      -2.7239603
                  1567.5                      -2.6904083
                    1570                      -2.6551457
                  1572.5                       -2.618375
                    1575                      -2.5803047
                  1577.5                      -2.5411368
                    1580                       -2.501067
                  1582.5                      -2.4602851
                    1585                      -2.4189714
                  1587.5                      -2.3772948
                    1590                      -2.3354154
                  1592.5                      -2.2934827
                    1595                      -2.2516304
                  1597.5                      -2.2099827
                    1600                      -2.1686496
                  1602.5                      -2.1277293
                    1605                      -2.0873082
                  1607.5                      -2.0474562
                    1610                      -2.0082371
                  1612.5                      -1.9697008
                    1615                      -1.9318852
                  1617.5                      -1.8948206
                    1620                      -1.8585264
                  1622.5                      -1.8230121
                    1625                      -1.7882832
                  1627.5                      -1.7543361
                    1630                      -1.7211616
                  1632.5                       -1.688746
                    1635                      -1.6570679
                  1637.5                      -1.6261053
                    1640                      -1.5958346
                  1642.5                      -1.5662297
                    1645                      -1.5372622
                  1647.5                      -1.5089026
                    1650                      -1.4811256
                  1652.5                       -1.453905
                    1655                      -1.4272133
                  1657.5                      -1.4010276
                    1660                       -1.375328
                  1662.5                      -1.3500984
                    1665                      -1.3253193
                  1667.5                      -1.3009806
                    1670                      -1.2770751
                  1672.5                       -1.253596
                    1675                       -1.230543
                  1677.5                      -1.2079154
                    1680                      -1.1857185
                  1682.5                      -1.1639567
                    1685                      -1.1426427
                  1687.5                      -1.1217877
                    1690                       -1.101402
                  1692.5                      -1.0815029
                    1695                      -1.0621075
                  1697.5                      -1.0432278
                    1700                      -1.0248849
                  1702.5                      -1.0070929
                    1705                     -0.98986672
                  1707.5                     -0.97322202
                    1710                     -0.95717081
                  1712.5                     -0.94172372
                    1715                     -0.92689048
                  1717.5                     -0.91267653
                    1720                     -0.89908643
                  1722.5                     -0.88611888
                    1725                     -0.87377246
                  1727.5                     -0.86204153
                    1730                      -0.8509165
                  1732.5                     -0.84038438
                    1735                     -0.83043141
                  1737.5                     -0.82103707
                    1740                     -0.81218162
                  1742.5                     -0.80383916
                    1745                     -0.79598383
                  1747.5                     -0.78858693
                    1750                     -0.78161654
                  1752.5                     -0.77504265
                    1755                      -0.7688298
                  1757.5                     -0.76294481
                    1760                     -0.75735374
                  1762.5                     -0.75202254
                    1765                     -0.74691729
                  1767.5                     -0.74200701
                    1770                     -0.73726028
                  1772.5                     -0.73264838
                    1775                     -0.72814524
                  1777.5                      -0.7237269
                    1780                      -0.7193734
                  1782.5                     -0.71506624
                    1785                     -0.71079147
                  1787.5                     -0.70653948
                    1790                     -0.70230356
                  1792.5                     -0.69808133
                    1795                     -0.69387188
                  1797.5                     -0.68968241
                    1800                     -0.68551897
                  1802.5                     -0.68139537
                    1805                      -0.6773245
                  1807.5                     -0.67332366
                    1810                     -0.66941631
                  1812.5                     -0.66562217
                    1815                     -0.66196505
                  1817.5                     -0.65847172
                    1820                     -0.65516984
                  1822.5                     -0.65208267
                    1825                     -0.64924039
                  1827.5                      -0.6466678
                    1830                     -0.64439084
                  1832.5                     -0.64243176
                    1835                     -0.64081499
                  1837.5                     -0.63956073
                    1840                     -0.63868438
                  1842.5                     -0.63820382
                    1845                     -0.63812758
                  1847.5                     -0.63846692
                    1850                      -0.6392266
                  1852.5                     -0.64040701
                    1855                     -0.64200781
                  1857.5                     -0.64402451
                    1860                     -0.64644624
                  1862.5                     -0.64926319
                    1865                     -0.65246007
                  1867.5                      -0.6560187
                    1870                     -0.65991909
                  1872.5                     -0.66413861
                    1875                     -0.66865403
                  1877.5                     -0.67343854
                    1880                     -0.67846598
                  1882.5                     -0.68371055
                    1885                     -0.68914452
                  1887.5                     -0.69474283
                    1890                     -0.70047943
                  1892.5                     -0.70633211
                    1895                     -0.71227643
                  1897.5                      -0.7182976
                    1900                     -0.72437812
                  1902.5                     -0.73050554
                    1905                     -0.73667108
                  1907.5                     -0.74287157
                    1910                     -0.74910549
                  1912.5                     -0.75537754
                    1915                     -0.76169745
                  1917.5                     -0.76807847
                    1920                     -0.77453839
                  1922.5                     -0.78109759
                    1925                     -0.78778718
                  1927.5                     -0.79463493
                    1930                     -0.80167678
                  1932.5                     -0.80895159
                    1935                     -0.81649797
                  1937.5                     -0.82436232
                    1940                     -0.83258859
                  1942.5                     -0.84122398
                    1945                     -0.85031939
                  1947.5                     -0.85991987
                    1950                     -0.87007666
                  1952.5                     -0.88083704
                    1955                     -0.89224685
                  1957.5                     -0.90435208
                    1960                     -0.91719586
                  1962.5                     -0.93081759
                    1965                     -0.94525839
                  1967.5                     -0.96054784
                    1970                     -0.97672047
                  1972.5                     -0.99379978
                    1975                      -1.0118137
                  1977.5                      -1.0307799
                    1980                      -1.0507128
                  1982.5                      -1.0716253
                    1985                      -1.0935274
                  1987.5                      -1.1164216
                    1990                      -1.1403127
                  1992.5                      -1.1652004
                    1995                      -1.1910825
                  1997.5                      -1.2179557
                    2000                      -1.2458169
                  2002.5                       -1.274661
                    2005                      -1.3044865
                  2007.5                      -1.3352909
                    2010                      -1.3670762
                  2012.5                      -1.3998467
                    2015                      -1.4336122
                  2017.5                      -1.4683871
                    2020                      -1.5041901
                  2022.5                      -1.5410499
                    2025                      -1.5790023
                  2027.5                      -1.6180916
                    2030                      -1.6583693
                  2032.5                      -1.6999001
                    2035                      -1.7427579
                  2037.5                      -1.7870296
                    2040                      -1.8328122
                  2042.5                      -1.8802132
                    2045                      -1.9293546
                  2047.5                      -1.9803704
                    2050                      -2.0334072
                  2052.5                      -2.0886224
                    2055                       -2.146187
                  2057.5                      -2.2062813
                    2060                      -2.2691016
                  2062.5                      -2.3348509
                    2065                       -2.403745
                  2067.5                      -2.4760096
                    2070                      -2.5518773
                  2072.5                      -2.6315943
                    2075                      -2.7154095
                  2077.5                       -2.803585
                    2080                      -2.8963826
                  2082.5                      -2.9940753
                    2085                        -3.09694
                  2087.5                       -3.205255
                    2090                      -3.3193041
                  2092.5                       -3.439373
                    2095                      -3.5657455
                  2097.5                      -3.6987058
                    2100                      -3.8385371
                  2102.5                      -3.9855126
                    2105                       -4.139903
                  2107.5                       -4.301968
                    2110                      -4.4719472
                  2112.5                      -4.6500688
                    2115                      -4.8365317
                  2117.5                      -5.0315029
                    2120                      -5.2351101
                  2122.5                      -5.4474294
                    2125                      -5.6684704
                  2127.5                      -5.8981616
                    2130                      -6.1363335
                  2132.5                      -6.3826873
                    2135                      -6.6367731
                  2137.5                      -6.8979518
                    2140                      -7.1653555
                  2142.5                      -7.4378475
                    2145                        -7.71396
                  2147.5                      -7.9918561
                    2150                      -8.2692666
                  2152.5                      -8.5434505
                    2155                      -8.8111584
                  2157.5                      -9.0686346
                    2160                      -9.3116461
                  2162.5                      -9.5355812
                    2165                       -9.735601
                  2167.5                      -9.9068808
                    2170                      -10.044898
                  2172.5                      -10.145774
                    2175                      -10.206607
                  2177.5                      -10.225744
                    2180                      -10.202958
                  2182.5                      -10.139459
                    2185                      -10.037784
                  2187.5                      -9.9015465
                    2190                      -9.7351103
                  2192.5                      -9.5432597
                    2195                      -9.3308747
                  2197.5                      -9.1026808
                    2200                      -8.8630677
                  2202.5                      -8.6159696
                    2205                      -8.3648182
                  2207.5                      -8.1125344
                    2210                       -7.861549
                  2212.5                      -7.6138464
                    2215                       -7.371015
                  2217.5                      -7.1343017
                    2220                      -6.9046577
                  2222.5                      -6.6827937
                    2225                      -6.4692146
                  2227.5                      -6.2642565
                    2230                      -6.0681228
                  2232.5                      -5.8808982
                    2235                      -5.7025843
                  2237.5                      -5.5331025
                    2240                      -5.3723175
                  2242.5                      -5.2200491
                    2245                      -5.0760742
                  2247.5                      -4.9401424
                    2250                      -4.8119775
                  2252.5                       -4.691286
                    2255                      -4.5777596
                  2257.5                      -4.4710781
                    2260                      -4.3709153
                  2262.5                      -4.2769404
                    2265                       -4.188819
                  2267.5                      -4.1062208
                    2270                      -4.0288133
                  2272.5                      -3.9562742
                    2275                      -3.8882868
                  2277.5                      -3.8245427
                    2280                      -3.7647448
                  2282.5                      -3.7086152
                    2285                      -3.6558861
                  2287.5                       -3.606309
                    2290                      -3.5596608
                  2292.5                      -3.5157335
                    2295                      -3.4743487
                  2297.5                      -3.4353487
                    2300                      -3.3986065
                  2302.5                      -3.3640226
                    2305                      -3.3315241
                  2307.5                      -3.3010678
                    2310                      -3.2726444
                  2312.5                      -3.2462659
                    2315                      -3.2219817
                  2317.5                      -3.1998636
                    2320                      -3.1800149
                  2322.5                      -3.1625601
                    2325                      -3.1476522
                  2327.5                      -3.1354661
                    2330                      -3.1261943
                  2332.5                      -3.1200529
                    2335                      -3.1172726
                  2337.5                      -3.1180974
                    2340                       -3.122786
                  2342.5                      -3.1316075
                    2345                       -3.144838
                  2347.5                      -3.1627634
                    2350                       -3.185669
                  2352.5                      -3.2138488
                    2355                      -3.2475937
                  2357.5                      -3.2871957
                    2360                      -3.3329449
                  2362.5                       -3.385126
                    2365                      -3.4440211
                  2367.5                       -3.509901
                    2370                      -3.5830301
                  2372.5                      -3.6636624
                    2375                      -3.7520328
                  2377.5                      -3.8483649
                    2380                      -3.9528587
                  2382.5                       -4.065693
                    2385                      -4.1870135
                  2387.5                      -4.3169334
                    2390                      -4.4555244
                  2392.5                      -4.6028053
                    2395                      -4.7587331
                  2397.5                      -4.9231902
                    2400                      -5.0959735
                  2402.5                      -5.2767692
                    2405                      -5.4651366
                  2407.5                      -5.6604852
                    2410                      -5.8620396
                  2412.5                      -6.0688196
                    2415                      -6.2795994
                  2417.5                      -6.4928757
                    2420                       -6.706836
                  2422.5                      -6.9193318
                    2425                      -7.1278544
                  2427.5                      -7.3295373
                    2430                      -7.5211801
                  2432.5                      -7.6992915
                    2435                      -7.8601915
                  2437.5                      -8.0001374
                    2440                      -8.1155017
                  2442.5                      -8.2029861
                    2445                      -8.2598272
                  2447.5                      -8.2840139
                    2450                      -8.2744479
                  2452.5                      -8.2310355
                    2455                      -8.1546956
                  2457.5                      -8.0472832
                    2460                      -7.9114313
                  2462.5                      -7.7503519
                    2465                      -7.5676193
                  2467.5                      -7.3669565
                    2470                      -7.1520536
                  2472.5                      -6.9264272
                    2475                      -6.6933214
                  2477.5                       -6.455647
                    2480                      -6.2159622
                  2482.5                      -5.9764634
                    2485                      -5.7390062
                  2487.5                      -5.5051318
                    2490                      -5.2760962
                  2492.5                      -5.0529104
                    2495                      -4.8363653
                  2497.5                      -4.6270717
                    2500                       -4.425479
                  2502.5                      -4.2319103
                    2505                      -4.0465736
                  2507.5                      -3.8695882
                    2510                      -3.7009957
                  2512.5                      -3.5407717
                    2515                      -3.3888433
                  2517.5                      -3.2450923
                    2520                      -3.1093633
                  2522.5                      -2.9814711
                    2525                      -2.8612054
                  2527.5                      -2.7483337
                    2530                      -2.6426099
                  2532.5                      -2.5437675
                    2535                        -2.45153
                  2537.5                      -2.3656122
                    2540                      -2.2857166
                  2542.5                      -2.2115431
                    2545                      -2.1427819
                  2547.5                       -2.079122
                    2550                      -2.0202475
                  2552.5                      -1.9658415
                    2555                      -1.9155899
                  2557.5                      -1.8691744
                    2560                      -1.8262838
                  2562.5                      -1.7866098
                    2565                      -1.7498503
                  2567.5                      -1.7157096
                    2570                      -1.6839013
                  2572.5                      -1.6541501
                    2575                      -1.6261926
                  2577.5                      -1.5997794
                    2580                      -1.5746779
                  2582.5                      -1.5506678
                    2585                      -1.5275524
                  2587.5                      -1.5051502
                    2590                      -1.4832999
                  2592.5                      -1.4618628
                    2595                      -1.4407206
                  2597.5                      -1.4197741
                    2600                      -1.3989456
                  2602.5                      -1.3781817
                    2605                      -1.3574438
                  2607.5                      -1.3367154
                    2610                      -1.3159965
                  2612.5                      -1.2953038
                    2615                      -1.2746681
                  2617.5                      -1.2541337
                    2620                      -1.2337568
                  2622.5                       -1.213601
                    2625                      -1.1937388
                  2627.5                      -1.1742466
                    2630                      -1.1552067
                  2632.5                      -1.1366968
                    2635                      -1.1187994
                  2637.5                      -1.1015946
                    2640                      -1.0851551
                  2642.5                      -1.0695514
                    2645                      -1.0548467
                  2647.5                      -1.0410957
                    2650                      -1.0283439
                  2652.5                      -1.0166291
                    2655                      -1.0059781
                  2657.5                     -0.99640518
                    2660                     -0.98791747
                  2662.5                      -0.9805076
                    2665                     -0.97416012
                  2667.5                     -0.96884746
                    2670                     -0.96453163
                  2672.5                     -0.96116444
                    2675                     -0.95869202
                  2677.5                     -0.95704918
                    2680                     -0.95616268
                  2682.5                     -0.95595511
                    2685                     -0.95634326
                  2687.5                     -0.95724102
                    2690                     -0.95855859
                  2692.5                     -0.96020478
                    2695                     -0.96208866
                  2697.5                     -0.96412141
                    2700                     -0.96621548
                  2702.5                     -0.96828931
                    2705                     -0.97026583
                  2707.5                       -0.972075
                    2710                     -0.97365239
                  2712.5                     -0.97494627
                    2715                     -0.97590843
                  2717.5                     -0.97650588
                    2720                     -0.97671386
                  2722.5                     -0.97651784
                    2725                     -0.97591411
                  2727.5                      -0.9749111
                    2730                     -0.97352586
                  2732.5                     -0.97178634
                    2735                     -0.96972964
                  2737.5                     -0.96740148
                    2740                     -0.96485389
                  2742.5                     -0.96214816
                    2745                     -0.95934549
                  2747.5                      -0.9565195
                    2750                     -0.95374003
                  2752.5                     -0.95108066
                    2755                     -0.94861767
                  2757.5                     -0.94642272
                    2760                     -0.94456795
                  2762.5                      -0.9431207
                    2765                     -0.94214778
                  2767.5                     -0.94170796
                    2770                     -0.94185332
                  2772.5                     -0.94263001
                    2775                     -0.94407852
                  2777.5                     -0.94622942
                    2780                     -0.94910688
                  2782.5                     -0.95272461
                    2785                     -0.95708761
                  2787.5                     -0.96219254
                    2790                     -0.96803136
                  2792.5                     -0.97458262
                    2795                     -0.98181987
                  2797.5                     -0.98970962
                    2800                     -0.99821101
                  2802.5                      -1.0072768
                    2805                      -1.0168567
                  2807.5                      -1.0268953
                    2810                      -1.0373345
                  2812.5                      -1.0481147
                    2815                       -1.059175
                  2817.5                      -1.0704552
                    2820                      -1.0818956
                  2822.5                      -1.0934414
                    2825                      -1.1050398
                  2827.5                      -1.1166416
                    2830                      -1.1282068
                  2832.5                      -1.1396995
                    2835                      -1.1510909
                  2837.5                      -1.1623629
                    2840                      -1.1735021
                  2842.5                      -1.1845067
                    2845                      -1.1953831
                  2847.5                      -1.2061467
                    2850                      -1.2168225
                  2852.5                      -1.2274438
                    2855                       -1.238052
                  2857.5                      -1.2486967
                    2860                      -1.2594339
                  2862.5                      -1.2703262
                    2865                      -1.2814433
                  2867.5                      -1.2928562
                    2870                      -1.3046425
                  2872.5                      -1.3168785
                    2875                      -1.3296463
                  2877.5                      -1.3430254
                    2880                      -1.3570946
                  2882.5                      -1.3719339
                    2885                      -1.3876178
                  2887.5                      -1.4042185
                    2890                      -1.4218057
                  2892.5                      -1.4404423
                    2895                      -1.4601869
                  2897.5                       -1.481093
                    2900                      -1.5032088
                  2902.5                      -1.5265757
                    2905                      -1.5512304
                  2907.5                      -1.5772031
                    2910                      -1.6045204
                  2912.5                       -1.633204
                    2915                      -1.6632707
                  2917.5                      -1.6947352
                    2920                      -1.7276085
                  2922.5                      -1.7619043
                    2925                      -1.7976306
                  2927.5                      -1.8348017
                    2930                      -1.8734324
                  2932.5                       -1.913541
                    2935                      -1.9551531
                  2937.5                      -1.9982997
                    2940                      -2.0430214
                  2942.5                       -2.089369
                    2945                      -2.1374035
                  2947.5                      -2.1871997
                    2950                      -2.2388471
                  2952.5                      -2.2924504
                    2955                      -2.3481314
                  2957.5                      -2.4060274
                    2960                      -2.4662974
                  2962.5                      -2.5291172
                    2965                      -2.5946859
                  2967.5                      -2.6632182
                    2970                      -2.7349543
                  2972.5                      -2.8101535
                    2975                      -2.8890969
                  2977.5                      -2.9720864
                    2980                      -3.0594455
                  2982.5                      -3.1515194
                    2985                      -3.2486726
                  2987.5                      -3.3512946
                    2990                      -3.4597925
                  2992.5                      -3.5745974
                    2995                      -3.6961579
                  2997.5                      -3.8249488
                    3000                      -3.9614627

