        Frequency / MHz                S1,1/abs,dB
----------------------------------------------------------------------
                     500                      -2.1526607
                   502.5                      -2.1368931
                     505                      -2.1095559
                   507.5                        -2.07147
                     510                      -2.0236191
                   512.5                      -1.9671132
                     515                      -1.9031447
                   517.5                      -1.8329539
                     520                      -1.7577895
                   522.5                       -1.678877
                     525                      -1.5973971
                   527.5                      -1.5144615
                     530                      -1.4310971
                   532.5                      -1.3482431
                     535                      -1.2667389
                   537.5                      -1.1873207
                     540                       -1.110626
                   542.5                      -1.0371979
                     545                     -0.96747923
                   547.5                     -0.90182987
                     550                     -0.84052419
                   552.5                     -0.78375571
                     555                     -0.73165148
                   557.5                     -0.68426748
                     560                     -0.64160145
                   562.5                     -0.60359505
                     565                     -0.57013921
                   567.5                     -0.54108018
                     570                     -0.51622208
                   572.5                      -0.4953337
                     575                     -0.47815261
                   577.5                     -0.46438854
                     580                     -0.45372839
                   582.5                     -0.44584139
                     585                     -0.44038192
                   587.5                     -0.43699657
                     590                     -0.43532821
                   592.5                     -0.43501733
                     595                     -0.43571463
                   597.5                     -0.43707789
                     600                     -0.43877837
                   602.5                     -0.44051187
                     605                     -0.44199177
                   607.5                     -0.44296494
                     610                     -0.44320362
                   612.5                     -0.44251638
                     615                      -0.4407469
                   617.5                     -0.43777524
                     620                     -0.43352068
                   622.5                     -0.42793531
                     625                     -0.42101223
                   627.5                     -0.41277557
                     630                     -0.40328687
                   632.5                     -0.39262886
                     635                     -0.38091694
                   637.5                     -0.36828562
                     640                     -0.35488666
                   642.5                     -0.34088633
                     645                      -0.3264595
                   647.5                      -0.3117867
                     650                     -0.29705109
                   652.5                     -0.28242731
                     655                     -0.26809296
                   657.5                     -0.25420404
                     660                     -0.24091861
                   662.5                     -0.22836658
                     665                     -0.21667052
                   667.5                       -0.205931
                     670                     -0.19622753
                   672.5                     -0.18762341
                     675                     -0.18016125
                   677.5                     -0.17385824
                     680                     -0.16871739
                   682.5                     -0.16471753
                     685                     -0.16182262
                   687.5                     -0.15997635
                     690                       -0.159106
                   692.5                     -0.15912731
                     695                     -0.15994261
                   697.5                     -0.16144271
                     700                     -0.16350911
                   702.5                     -0.16602113
                     705                     -0.16884974
                   707.5                     -0.17186968
                     710                      -0.1749532
                   712.5                     -0.17797761
                     715                     -0.18082675
                   717.5                     -0.18339059
                     720                     -0.18557109
                   722.5                     -0.18728089
                     725                     -0.18844448
                   727.5                     -0.18900469
                     730                     -0.18891476
                   732.5                      -0.1881466
                     735                     -0.18668873
                   737.5                     -0.18454396
                     740                     -0.18173122
                   742.5                     -0.17828368
                     745                     -0.17424882
                   747.5                     -0.16968684
                     750                     -0.16466585
                   752.5                     -0.15926745
                     755                     -0.15357683
                   757.5                     -0.14768586
                     760                     -0.14168931
                   762.5                     -0.13568367
                     765                     -0.12976434
                   767.5                     -0.12402424
                     770                     -0.11855175
                   772.5                     -0.11342914
                     775                     -0.10873314
                   777.5                     -0.10452755
                     780                     -0.10087187
                   782.5                    -0.097810322
                     785                     -0.09537702
                   787.5                    -0.093595866
                     790                    -0.092477152
                   792.5                    -0.092019409
                     795                    -0.092207307
                   797.5                    -0.093018397
                     800                    -0.094417147
                   802.5                    -0.096354165
                     805                    -0.098775988
                   807.5                     -0.10161903
                     810                     -0.10481222
                   812.5                     -0.10827999
                     815                     -0.11194188
                   817.5                      -0.1157133
                     820                     -0.11951283
                   822.5                      -0.1232563
                     825                     -0.12686098
                   827.5                     -0.13025087
                     830                     -0.13335227
                   832.5                     -0.13609885
                     835                     -0.13843266
                   837.5                     -0.14030427
                     840                     -0.14167392
                   842.5                      -0.1425117
                     845                     -0.14279879
                   847.5                     -0.14252888
                     850                     -0.14170437
                   852.5                     -0.14034103
                     855                     -0.13846468
                   857.5                     -0.13611002
                     860                     -0.13332331
                   862.5                      -0.1301564
                     865                     -0.12667049
                   867.5                     -0.12293029
                     870                     -0.11900831
                   872.5                     -0.11497756
                     875                     -0.11091483
                   877.5                     -0.10689369
                     880                     -0.10299333
                   882.5                    -0.099281522
                     885                    -0.095830694
                   887.5                    -0.092703101
                     890                    -0.089956781
                   892.5                    -0.087640831
                     895                     -0.08580045
                   897.5                    -0.084469426
                     900                    -0.083671641
                   902.5                    -0.083425272
                     905                    -0.083734955
                   907.5                     -0.08459682
                     910                    -0.085999032
                   912.5                    -0.087918024
                     915                    -0.090324129
                   917.5                    -0.093176508
                     920                    -0.096429416
                   922.5                     -0.10002891
                     925                     -0.10391486
                   927.5                     -0.10802382
                     930                     -0.11228727
                   932.5                     -0.11663745
                     935                     -0.12100053
                   937.5                     -0.12530709
                     940                     -0.12948996
                   942.5                     -0.13347904
                     945                     -0.13721432
                   947.5                     -0.14063807
                     950                     -0.14369801
                   952.5                     -0.14635222
                     955                      -0.1485635
                   957.5                     -0.15030343
                     960                     -0.15155496
                   962.5                     -0.15231017
                     965                     -0.15256851
                   967.5                      -0.1523401
                     970                     -0.15164448
                   972.5                     -0.15050986
                     975                     -0.14897313
                   977.5                     -0.14707858
                     980                     -0.14487633
                   982.5                       -0.142423
                     985                     -0.13977991
                   987.5                     -0.13701134
                     990                     -0.13418383
                   992.5                     -0.13136776
                     995                     -0.12862701
                   997.5                     -0.12603092
                    1000                     -0.12364397
                  1002.5                     -0.12152376
                    1005                     -0.11972894
                  1007.5                     -0.11830988
                    1010                     -0.11730896
                  1012.5                     -0.11676307
                    1015                     -0.11670473
                  1017.5                     -0.11715145
                    1020                     -0.11811843
                  1022.5                     -0.11960928
                    1025                     -0.12162069
                  1027.5                     -0.12413836
                    1030                     -0.12714194
                  1032.5                     -0.13060531
                    1035                     -0.13448758
                  1037.5                     -0.13874883
                    1040                     -0.14334109
                  1042.5                     -0.14820757
                    1045                     -0.15329146
                  1047.5                     -0.15853072
                    1050                     -0.16386245
                  1052.5                     -0.16922066
                    1055                     -0.17454257
                  1057.5                     -0.17976124
                    1060                     -0.18481994
                  1062.5                     -0.18965851
                    1065                     -0.19422445
                  1067.5                     -0.19847079
                    1070                       -0.202356
                  1072.5                     -0.20584513
                    1075                     -0.20891312
                  1077.5                     -0.21154083
                    1080                     -0.21372054
                  1082.5                     -0.21544999
                    1085                     -0.21673669
                  1087.5                      -0.2175991
                    1090                     -0.21806083
                  1092.5                      -0.2181554
                    1095                     -0.21792254
                  1097.5                     -0.21741029
                    1100                     -0.21666903
                  1102.5                     -0.21575776
                    1105                     -0.21473539
                  1107.5                     -0.21366647
                    1110                     -0.21261738
                  1112.5                     -0.21165216
                    1115                     -0.21083643
                  1117.5                     -0.21023517
                    1120                     -0.20990692
                  1122.5                     -0.20991011
                    1125                     -0.21029575
                  1127.5                     -0.21111428
                    1130                     -0.21240269
                  1132.5                     -0.21419666
                    1135                     -0.21652293
                  1137.5                      -0.2194015
                    1140                     -0.22284198
                  1142.5                      -0.2268474
                    1145                     -0.23141465
                  1147.5                     -0.23652981
                    1150                      -0.2421727
                  1152.5                     -0.24831248
                    1155                     -0.25491853
                  1157.5                     -0.26194687
                    1160                     -0.26935056
                  1162.5                     -0.27707915
                    1165                     -0.28507586
                  1167.5                      -0.2932822
                    1170                     -0.30163822
                  1172.5                     -0.31008206
                    1175                     -0.31855121
                  1177.5                     -0.32698659
                    1180                     -0.33533115
                  1182.5                     -0.34352727
                    1185                     -0.35152748
                  1187.5                     -0.35928632
                    1190                     -0.36676414
                  1192.5                     -0.37393037
                    1195                     -0.38076174
                  1197.5                     -0.38724009
                    1200                     -0.39335845
                  1202.5                     -0.39911883
                    1205                     -0.40452965
                  1207.5                     -0.40961092
                    1210                     -0.41438801
                  1212.5                     -0.41889773
                    1215                     -0.42318336
                  1217.5                     -0.42729187
                    1220                     -0.43128247
                  1222.5                     -0.43521332
                    1225                     -0.43915198
                  1227.5                      -0.4431681
                    1230                     -0.44732956
                  1232.5                     -0.45171526
                    1235                     -0.45639311
                  1237.5                     -0.46143823
                    1240                     -0.46691997
                  1242.5                     -0.47290768
                    1245                     -0.47946436
                  1247.5                     -0.48665009
                    1250                     -0.49451908
                  1252.5                     -0.50312048
                    1255                     -0.51249569
                  1257.5                     -0.52267968
                    1260                     -0.53369919
                  1262.5                     -0.54557369
                    1265                     -0.55831681
                  1267.5                     -0.57193056
                    1270                     -0.58641223
                  1272.5                     -0.60175098
                    1275                     -0.61792911
                  1277.5                      -0.6349193
                    1280                     -0.65269098
                  1282.5                     -0.67120899
                    1285                     -0.69042738
                  1287.5                     -0.71030346
                    1290                     -0.73078809
                  1292.5                     -0.75182876
                    1295                     -0.77337372
                  1297.5                     -0.79536986
                    1300                      -0.8177656
                  1302.5                     -0.84051152
                    1305                     -0.86356038
                  1307.5                     -0.88687054
                    1310                     -0.91040325
                  1312.5                      -0.9341273
                    1315                     -0.95801928
                  1317.5                     -0.98205985
                    1320                      -1.0062399
                  1322.5                       -1.030559
                    1325                      -1.0550265
                  1327.5                      -1.0796569
                    1330                      -1.1044779
                  1332.5                      -1.1295254
                    1335                      -1.1548398
                  1337.5                      -1.1804756
                    1340                      -1.2064929
                  1342.5                      -1.2329541
                    1345                      -1.2599336
                  1347.5                      -1.2875086
                    1350                      -1.3157574
                  1352.5                      -1.3447657
                    1355                      -1.3746159
                  1357.5                      -1.4053941
                    1360                      -1.4371826
                  1362.5                       -1.470062
                    1365                      -1.5041066
                  1367.5                       -1.539389
                    1370                       -1.575969
                  1372.5                      -1.6139036
                    1375                      -1.6532356
                  1377.5                      -1.6939983
                    1380                      -1.7362123
                  1382.5                      -1.7798829
                    1385                      -1.8250017
                  1387.5                      -1.8715424
                    1390                      -1.9194631
                  1392.5                       -1.968702
                    1395                       -2.019179
                  1397.5                      -2.0707941
                    1400                      -2.1234262
                  1402.5                      -2.1769327
                    1405                      -2.2311521
                  1407.5                      -2.2859005
                    1410                      -2.3409731
                  1412.5                      -2.3961476
                    1415                      -2.4511762
                  1417.5                      -2.5058027
                    1420                      -2.5597486
                  1422.5                      -2.6127192
                    1425                      -2.6644152
                  1427.5                       -2.714523
                    1430                      -2.7627265
                  1432.5                      -2.8087068
                    1435                      -2.8521463
                  1437.5                      -2.8927363
                    1440                      -2.9301765
                  1442.5                      -2.9641854
                    1445                      -2.9944987
                  1447.5                      -3.0208786
                    1450                      -3.0431149
                  1452.5                      -3.0610325
                    1455                        -3.07449
                  1457.5                      -3.0833829
                    1460                       -3.087649
                  1462.5                      -3.0872718
                    1465                      -3.0822693
                  1467.5                      -3.0727036
                    1470                      -3.0586765
                  1472.5                       -3.040331
                    1475                      -3.0178372
                  1477.5                      -2.9914025
                    1480                      -2.9612584
                  1482.5                      -2.9276641
                    1485                        -2.89089
                  1487.5                       -2.851228
                    1490                      -2.8089749
                  1492.5                      -2.7644352
                    1495                      -2.7179159
                  1497.5                      -2.6697173
                    1500                      -2.6201383
                  1502.5                       -2.569468
                    1505                      -2.5179838
                  1507.5                      -2.4659518
                    1510                      -2.4136172
                  1512.5                      -2.3612171
                    1515                      -2.3089627
                  1517.5                      -2.2570532
                    1520                      -2.2056672
                  1522.5                      -2.1549628
                    1525                      -2.1050817
                  1527.5                      -2.0561462
                    1530                      -2.0082609
                  1532.5                      -1.9615132
                    1535                      -1.9159744
                  1537.5                      -1.8716962
                    1540                      -1.8287223
                  1542.5                      -1.7870756
                    1545                      -1.7467696
                  1547.5                      -1.7078051
                    1550                      -1.6701703
                  1552.5                      -1.6338467
                    1555                      -1.5988048
                  1557.5                      -1.5650045
                    1560                      -1.5324054
                  1562.5                      -1.5009554
                    1565                      -1.4705992
                  1567.5                      -1.4412811
                    1570                      -1.4129374
                  1572.5                      -1.3855065
                    1575                      -1.3589245
                  1577.5                      -1.3331271
                    1580                      -1.3080508
                  1582.5                      -1.2836345
                    1585                      -1.2598191
                  1587.5                      -1.2365496
                    1590                      -1.2137709
                  1592.5                       -1.191437
                    1595                      -1.1695016
                  1597.5                      -1.1479274
                    1600                      -1.1266783
                  1602.5                      -1.1057285
                    1605                      -1.0850526
                  1607.5                      -1.0646352
                    1610                      -1.0444635
                  1612.5                       -1.024531
                    1615                       -1.004838
                  1617.5                     -0.98538811
                    1620                     -0.96618926
                  1622.5                     -0.94725382
                    1625                     -0.92860164
                  1627.5                     -0.91024974
                    1630                     -0.89222427
                  1632.5                     -0.87454947
                    1635                     -0.85725374
                  1637.5                     -0.84036458
                    1640                     -0.82391313
                  1642.5                     -0.80792721
                    1645                     -0.79243887
                  1647.5                     -0.77747386
                    1650                      -0.7630593
                  1652.5                     -0.74922011
                    1655                     -0.73597827
                  1657.5                     -0.72335391
                    1660                     -0.71136298
                  1662.5                     -0.70001656
                    1665                     -0.68932468
                  1667.5                      -0.6792902
                    1670                     -0.66991474
                  1672.5                     -0.66119311
                    1675                     -0.65311789
                  1677.5                     -0.64567323
                    1680                     -0.63884354
                  1682.5                     -0.63260545
                    1685                     -0.62693457
                  1687.5                     -0.62179944
                    1690                     -0.61716647
                  1692.5                     -0.61299953
                    1695                     -0.60925853
                  1697.5                     -0.60590194
                    1700                     -0.60288523
                  1702.5                     -0.60016253
                    1705                     -0.59768758
                  1707.5                     -0.59541517
                    1710                     -0.59329556
                  1712.5                     -0.59128624
                    1715                     -0.58934238
                  1717.5                     -0.58742151
                    1720                     -0.58548469
                  1722.5                     -0.58349575
                    1725                      -0.5814208
                  1727.5                     -0.57923287
                    1730                     -0.57690882
                  1732.5                     -0.57442667
                    1735                     -0.57177529
                  1737.5                     -0.56894549
                    1740                     -0.56593356
                  1742.5                     -0.56274248
                    1745                     -0.55937946
                  1747.5                     -0.55585945
                    1750                     -0.55220045
                  1752.5                     -0.54842475
                    1755                     -0.54456122
                  1757.5                     -0.54064319
                    1760                     -0.53670511
                  1762.5                     -0.53278481
                    1765                     -0.52892633
                  1767.5                     -0.52516991
                    1770                     -0.52156303
                  1772.5                     -0.51814861
                    1775                     -0.51497141
                  1777.5                     -0.51207741
                    1780                     -0.50950711
                  1782.5                     -0.50730097
                    1785                     -0.50549696
                  1787.5                     -0.50412958
                    1790                      -0.5032295
                  1792.5                     -0.50282187
                    1795                     -0.50292727
                  1797.5                     -0.50356396
                    1800                     -0.50474018
                  1802.5                     -0.50646149
                    1805                     -0.50872711
                  1807.5                     -0.51153168
                    1810                     -0.51486129
                  1812.5                     -0.51869868
                    1815                     -0.52301967
                  1817.5                     -0.52779515
                    1820                     -0.53299384
                  1822.5                     -0.53857534
                    1825                     -0.54450056
                  1827.5                     -0.55072467
                    1830                     -0.55719957
                  1832.5                     -0.56387701
                    1835                     -0.57070825
                  1837.5                     -0.57764375
                    1840                     -0.58463307
                  1842.5                     -0.59163022
                    1845                     -0.59859129
                  1847.5                     -0.60547277
                    1850                     -0.61223988
                  1852.5                     -0.61885735
                    1855                     -0.62530155
                  1857.5                     -0.63154954
                    1860                     -0.63758875
                  1862.5                     -0.64341204
                    1865                     -0.64902121
                  1867.5                     -0.65442597
                    1870                     -0.65964333
                  1872.5                     -0.66469494
                    1875                     -0.66961775
                  1877.5                     -0.67444787
                    1880                     -0.67923318
                  1882.5                     -0.68402864
                    1885                     -0.68889174
                  1887.5                     -0.69388831
                    1890                     -0.69908426
                  1892.5                     -0.70455497
                    1895                     -0.71037357
                  1897.5                     -0.71661735
                    1900                     -0.72336214
                  1902.5                     -0.73068544
                    1905                     -0.73866349
                  1907.5                     -0.74736585
                    1910                     -0.75686506
                  1912.5                     -0.76722675
                    1915                      -0.7785103
                  1917.5                      -0.7907716
                    1920                      -0.8040617
                  1922.5                      -0.8184204
                    1925                     -0.83388096
                  1927.5                     -0.85047442
                    1930                     -0.86821765
                  1932.5                     -0.88712408
                    1935                     -0.90719701
                  1937.5                     -0.92843197
                    1940                     -0.95081846
                  1942.5                     -0.97433816
                    1945                      -0.9989667
                  1947.5                      -1.0246734
                    1950                      -1.0514252
                  1952.5                      -1.0791807
                    1955                      -1.1079011
                  1957.5                      -1.1375425
                    1960                      -1.1680619
                  1962.5                      -1.1994176
                    1965                      -1.2315721
                  1967.5                      -1.2644887
                    1970                      -1.2981389
                  1972.5                      -1.3325024
                    1975                      -1.3675657
                  1977.5                      -1.4033275
                    1980                      -1.4397957
                  1982.5                      -1.4769938
                    1985                      -1.5149594
                  1987.5                      -1.5537435
                    1990                      -1.5934165
                  1992.5                      -1.6340623
                    1995                      -1.6757848
                  1997.5                      -1.7187038
                    2000                      -1.7629602
                  2002.5                      -1.8087073
                    2005                      -1.8561212
                  2007.5                      -1.9053915
                    2010                      -1.9567275
                  2012.5                      -2.0103494
                    2015                      -2.0664947
                  2017.5                      -2.1254163
                    2020                      -2.1873754
                  2022.5                      -2.2526482
                    2025                       -2.321517
                  2027.5                      -2.3942732
                    2030                      -2.4712181
                  2032.5                      -2.5526563
                    2035                      -2.6388957
                  2037.5                      -2.7302494
                    2040                      -2.8270281
                  2042.5                      -2.9295436
                    2045                      -3.0381052
                  2047.5                      -3.1530164
                    2050                      -3.2745739
                  2052.5                      -3.4030665
                    2055                      -3.5387673
                  2057.5                      -3.6819392
                    2060                      -3.8328177
                  2062.5                      -3.9916202
                    2065                       -4.158527
                  2067.5                      -4.3336839
                    2070                      -4.5171893
                  2072.5                      -4.7090825
                    2075                      -4.9093315
                  2077.5                      -5.1178202
                    2080                      -5.3343243
                  2082.5                      -5.5584942
                    2085                      -5.7898262
                  2087.5                      -6.0276314
                    2090                      -6.2710059
                  2092.5                      -6.5187847
                    2095                      -6.7695084
                  2097.5                      -7.0213778
                    2100                      -7.2722156
                  2102.5                      -7.5194375
                    2105                      -7.7600387
                  2107.5                       -7.990599
                    2110                      -8.2073333
                  2112.5                      -8.4061781
                    2115                      -8.5829392
                  2117.5                      -8.7334784
                    2120                      -8.8539705
                  2122.5                      -8.9411527
                    2125                      -8.9925962
                  2127.5                       -9.006907
                    2130                      -8.9838607
                  2132.5                      -8.9244169
                    2135                      -8.8306324
                  2137.5                      -8.7054788
                    2140                      -8.5525915
                  2142.5                      -8.3760128
                    2145                      -8.1799279
                  2147.5                      -7.9684548
                    2150                      -7.7454825
                  2152.5                      -7.5145565
                    2155                       -7.278826
                  2157.5                      -7.0410136
                    2160                      -6.8034286
                  2162.5                      -6.5679897
                    2165                      -6.3362619
                  2167.5                      -6.1094978
                    2170                      -5.8886759
                  2172.5                      -5.6745421
                    2175                       -5.467651
                  2177.5                      -5.2683855
                    2180                          -5.077
                  2182.5                      -4.8936265
                    2185                      -4.7183154
                  2187.5                      -4.5510317
                    2190                      -4.3916835
                  2192.5                      -4.2401314
                    2195                      -4.0961894
                  2197.5                      -3.9596434
                    2200                       -3.830252
                  2202.5                      -3.7077585
                    2205                      -3.5918854
                  2207.5                      -3.4823471
                    2210                      -3.3788515
                  2212.5                      -3.2810995
                    2215                      -3.1887915
                  2217.5                      -3.1016282
                    2220                      -3.0193141
                  2222.5                      -2.9415547
                    2225                      -2.8680656
                  2227.5                      -2.7985684
                    2230                       -2.732794
                  2232.5                      -2.6704844
                    2235                      -2.6113954
                  2237.5                      -2.5552905
                    2240                      -2.5019543
                  2242.5                      -2.4511813
                    2245                       -2.402783
                  2247.5                      -2.3565869
                    2250                      -2.3124371
                  2252.5                      -2.2701941
                    2255                      -2.2297335
                  2257.5                      -2.1909483
                    2260                      -2.1537453
                  2262.5                      -2.1180478
                    2265                      -2.0837921
                  2267.5                      -2.0509301
                    2270                      -2.0194218
                  2272.5                      -1.9892415
                    2275                      -1.9603707
                  2277.5                      -1.9327987
                    2280                      -1.9065264
                  2282.5                      -1.8815559
                    2285                      -1.8578949
                  2287.5                       -1.835555
                    2290                      -1.8145472
                  2292.5                      -1.7948867
                    2295                      -1.7765885
                  2297.5                      -1.7596625
                    2300                      -1.7441218
                  2302.5                       -1.729975
                    2305                      -1.7172283
                  2307.5                      -1.7058865
                    2310                      -1.6959499
                  2312.5                      -1.6874199
                    2315                      -1.6802896
                  2317.5                      -1.6745569
                    2320                       -1.670214
                  2322.5                      -1.6672569
                    2325                      -1.6656773
                  2327.5                      -1.6654733
                    2330                      -1.6666427
                  2332.5                      -1.6691874
                    2335                      -1.6731163
                  2337.5                      -1.6784417
                    2340                      -1.6851831
                  2342.5                      -1.6933719
                    2345                      -1.7030448
                  2347.5                       -1.714251
                    2350                      -1.7270499
                  2352.5                      -1.7415133
                    2355                      -1.7577255
                  2357.5                      -1.7757816
                    2360                      -1.7957928
                  2362.5                      -1.8178799
                    2365                      -1.8421769
                  2367.5                      -1.8688329
                    2370                      -1.8980033
                  2372.5                      -1.9298562
                    2375                      -1.9645741
                  2377.5                      -2.0023382
                    2380                      -2.0433437
                  2382.5                      -2.0877871
                    2385                      -2.1358717
                  2387.5                      -2.1877997
                    2390                      -2.2437687
                  2392.5                      -2.3039781
                    2395                      -2.3686204
                  2397.5                      -2.4378729
                    2400                      -2.5119071
                  2402.5                      -2.5908735
                    2405                      -2.6749037
                  2407.5                      -2.7641048
                    2410                      -2.8585503
                  2412.5                      -2.9582828
                    2415                      -3.0632989
                  2417.5                      -3.1735466
                    2420                       -3.288919
                  2422.5                      -3.4092408
                    2425                      -3.5342641
                  2427.5                      -3.6636506
                    2430                      -3.7969706
                  2432.5                      -3.9336788
                    2435                      -4.0731176
                  2437.5                      -4.2144903
                    2440                      -4.3568617
                  2442.5                      -4.4991425
                    2445                      -4.6400886
                  2447.5                      -4.7782957
                    2450                      -4.9122132
                  2452.5                      -5.0401485
                    2455                      -5.1602975
                  2457.5                      -5.2707792
                    2460                      -5.3696798
                  2462.5                      -5.4551191
                    2465                      -5.5253124
                  2467.5                      -5.5786507
                    2470                      -5.6137729
                  2472.5                      -5.6296365
                    2475                      -5.6255822
                  2477.5                      -5.6013629
                    2480                       -5.557165
                  2482.5                      -5.4936026
                    2485                      -5.4116813
                  2487.5                      -5.3127428
                    2490                      -5.1984023
                  2492.5                       -5.070474
                    2495                      -4.9308888
                  2497.5                      -4.7816307
                    2500                      -4.6246677
                  2502.5                      -4.4619068
                    2505                      -4.2951467
                  2507.5                      -4.1260572
                    2510                      -3.9561591
                  2512.5                       -3.786815
                    2515                      -3.6192326
                  2517.5                      -3.4544582
                    2520                       -3.293398
                  2522.5                      -3.1368156
                    2525                      -2.9853501
                  2527.5                      -2.8395243
                    2530                      -2.6997586
                  2532.5                      -2.5663748
                    2535                      -2.4396155
                  2537.5                      -2.3196475
                    2540                      -2.2065707
                  2542.5                       -2.100423
                    2545                      -2.0011938
                  2547.5                        -1.90882
                    2550                      -1.8231991
                  2552.5                      -1.7441882
                    2555                      -1.6716093
                  2557.5                      -1.6052513
                    2560                      -1.5448763
                  2562.5                      -1.4902164
                    2565                      -1.4409863
                  2567.5                      -1.3968714
                    2570                      -1.3575413
                  2572.5                      -1.3226505
                    2575                      -1.2918341
                  2577.5                      -1.2647227
                    2580                      -1.2409304
                  2582.5                      -1.2200717
                    2585                      -1.2017552
                  2587.5                      -1.1855907
                    2590                      -1.1711966
                  2592.5                       -1.158196
                    2595                      -1.1462278
                  2597.5                      -1.1349458
                    2600                      -1.1240258
                  2602.5                      -1.1131681
                    2605                      -1.1021031
                  2607.5                      -1.0905926
                    2610                      -1.0784288
                  2612.5                      -1.0654471
                    2615                      -1.0515162
                  2617.5                      -1.0365478
                    2620                      -1.0204913
                  2622.5                      -1.0033353
                    2625                     -0.98510416
                  2627.5                     -0.96586026
                    2630                     -0.94569763
                  2632.5                     -0.92473626
                    2635                     -0.90312895
                  2637.5                     -0.88104293
                    2640                     -0.85866575
                  2642.5                     -0.83619701
                    2645                     -0.81384325
                  2647.5                     -0.79181662
                    2650                     -0.77032705
                  2652.5                     -0.74957987
                    2655                     -0.72976994
                  2657.5                     -0.71108341
                    2660                     -0.69368982
                  2662.5                     -0.67773984
                    2665                     -0.66336369
                  2667.5                     -0.65067181
                    2670                     -0.63974927
                  2672.5                      -0.6306548
                    2675                     -0.62342294
                  2677.5                     -0.61806039
                    2680                     -0.61455088
                  2682.5                     -0.61284792
                    2685                     -0.61288035
                  2687.5                     -0.61455425
                    2690                     -0.61775155
                  2692.5                     -0.62233035
                    2695                     -0.62813236
                  2697.5                     -0.63497906
                    2700                     -0.64267917
                  2702.5                     -0.65102648
                    2705                     -0.65980833
                  2707.5                     -0.66880718
                    2710                     -0.67780151
                  2712.5                     -0.68657597
                    2715                     -0.69491608
                  2717.5                     -0.70262248
                    2720                     -0.70950609
                  2722.5                     -0.71539696
                    2725                     -0.72014694
                  2727.5                     -0.72362808
                    2730                     -0.72574351
                  2732.5                     -0.72642247
                    2735                     -0.72562288
                  2737.5                     -0.72333813
                    2740                     -0.71958803
                  2742.5                     -0.71442308
                    2745                     -0.70792493
                  2747.5                     -0.70020211
                    2750                     -0.69138764
                  2752.5                     -0.68163605
                    2755                     -0.67112174
                  2757.5                     -0.66003271
                    2760                     -0.64857099
                  2762.5                     -0.63694372
                    2765                     -0.62536061
                  2767.5                      -0.6140354
                    2770                     -0.60317583
                  2772.5                     -0.59297828
                    2775                     -0.58363286
                  2777.5                     -0.57531421
                    2780                     -0.56817895
                  2782.5                     -0.56236514
                    2785                     -0.55799049
                  2787.5                     -0.55514765
                    2790                     -0.55390767
                  2792.5                     -0.55431348
                    2795                     -0.55638092
                  2797.5                     -0.56010375
                    2800                     -0.56544436
                  2802.5                     -0.57234276
                    2805                     -0.58071208
                  2807.5                      -0.5904384
                    2810                     -0.60139145
                  2812.5                     -0.61341516
                    2815                     -0.62633491
                  2817.5                     -0.63996348
                    2820                       -0.654096
                  2822.5                     -0.66852199
                    2825                     -0.68302061
                  2827.5                     -0.69737327
                    2830                     -0.71135802
                  2832.5                     -0.72476388
                    2835                     -0.73738565
                  2837.5                     -0.74903477
                    2840                     -0.75953865
                  2842.5                     -0.76874844
                    2845                     -0.77653999
                  2847.5                     -0.78281682
                    2850                     -0.78751264
                  2852.5                     -0.79059323
                    2855                     -0.79205683
                  2857.5                     -0.79193525
                    2860                     -0.79029432
                  2862.5                      -0.7872282
                    2865                     -0.78286341
                  2867.5                     -0.77735099
                    2870                     -0.77086825
                  2872.5                     -0.76360954
                    2875                     -0.75578958
                  2877.5                     -0.74763132
                    2880                     -0.73936834
                  2882.5                     -0.73123769
                    2885                      -0.7234724
                  2887.5                     -0.71630724
                    2890                     -0.70996325
                  2892.5                     -0.70465085
                    2895                     -0.70056566
                  2897.5                     -0.69788372
                    2900                     -0.69675933
                  2902.5                     -0.69732436
                    2905                     -0.69968532
                  2907.5                     -0.70392009
                    2910                     -0.71007943
                  2912.5                     -0.71818316
                    2915                     -0.72822629
                  2917.5                     -0.74016688
                    2920                     -0.75393904
                  2922.5                     -0.76944543
                    2925                     -0.78656264
                  2927.5                     -0.80514069
                    2930                     -0.82500487
                  2932.5                     -0.84596028
                    2935                     -0.86779117
                  2937.5                     -0.89026766
                    2940                     -0.91314708
                  2942.5                     -0.93618233
                    2945                     -0.95911762
                  2947.5                     -0.98170439
                    2950                       -1.003696
                  2952.5                      -1.0248606
                    2955                      -1.0449813
                  2957.5                      -1.0638647
                    2960                      -1.0813398
                  2962.5                      -1.0972706
                    2965                      -1.1115505
                  2967.5                      -1.1241137
                    2970                      -1.1349297
                  2972.5                      -1.1440114
                    2975                      -1.1514102
                  2977.5                       -1.157218
                    2980                      -1.1615655
                  2982.5                      -1.1646191
                    2985                      -1.1665783
                  2987.5                      -1.1676719
                    2990                      -1.1681546
                  2992.5                      -1.1682998
                    2995                      -1.1683968
                  2997.5                       -1.168745
                    3000                       -1.169649

