        Frequency / MHz                S1,1/abs,dB
----------------------------------------------------------------------
                     500                     -0.22886908
                   502.5                     -0.26753893
                     505                     -0.29971323
                   507.5                     -0.32375352
                     510                     -0.33852107
                   512.5                     -0.34342535
                     515                     -0.33846292
                   517.5                     -0.32419072
                     520                     -0.30167319
                   522.5                     -0.27238973
                     525                     -0.23811168
                   527.5                     -0.20079303
                     530                     -0.16242675
                   532.5                     -0.12495324
                     535                    -0.090157608
                   537.5                    -0.059587348
                     540                    -0.034513636
                   542.5                    -0.015880435
                     545                   -0.0042898414
                   547.5                  -9.3331024e-08
                     550                   -0.0029206456
                   552.5                    -0.012634249
                     555                    -0.028424084
                   557.5                    -0.049300683
                     560                    -0.074054893
                   562.5                     -0.10130946
                     565                     -0.12957927
                   567.5                     -0.15734638
                     570                     -0.18313984
                   572.5                     -0.20560343
                     575                     -0.22358742
                   577.5                     -0.23619751
                     580                     -0.24285531
                   582.5                     -0.24332806
                     585                     -0.23772842
                   587.5                     -0.22650661
                     590                     -0.21041379
                   592.5                     -0.19043564
                     595                     -0.16773386
                   597.5                     -0.14357229
                     600                     -0.11923832
                   602.5                    -0.095978364
                     605                    -0.074930059
                   607.5                    -0.057081878
                     610                    -0.043226388
                   612.5                    -0.033929639
                     615                    -0.029525248
                   617.5                    -0.030098146
                     620                    -0.035489781
                   622.5                    -0.045312601
                     625                    -0.058972903
                   627.5                      -0.0756952
                     630                    -0.094560079
                   632.5                     -0.11455442
                     635                     -0.13461646
                   637.5                     -0.15369028
                     640                     -0.17078445
                   642.5                     -0.18502249
                     645                     -0.19569339
                   647.5                     -0.20229464
                     650                     -0.20455139
                   652.5                     -0.20243553
                     655                     -0.19616255
                   657.5                     -0.18617192
                     660                     -0.17309426
                   662.5                     -0.15771266
                     665                     -0.14091241
                   667.5                       -0.123629
                     670                     -0.10679389
                   672.5                    -0.091290821
                     675                    -0.077908058
                   677.5                    -0.067304599
                     680                    -0.059985958
                   682.5                    -0.056281058
                     685                    -0.056331086
                   687.5                    -0.060088008
                     690                    -0.067324599
                   692.5                    -0.077639995
                     695                    -0.090482498
                   697.5                     -0.10518342
                     700                     -0.12097903
                   702.5                     -0.13705655
                     705                     -0.15259721
                   707.5                     -0.16681009
                     710                     -0.17898861
                   712.5                     -0.18853436
                     715                     -0.19500506
                   717.5                     -0.19812706
                     720                     -0.19781757
                   722.5                     -0.19418342
                     725                     -0.18751072
                   727.5                     -0.17825056
                     730                      -0.1669838
                   732.5                     -0.15438956
                     735                     -0.14120164
                   737.5                     -0.12817265
                     740                     -0.11603011
                   742.5                     -0.10543852
                     745                    -0.096974183
                   747.5                    -0.091090147
                     750                    -0.088102299
                   752.5                    -0.088179255
                     755                    -0.091331494
                   757.5                    -0.097413499
                     760                     -0.10613624
                   762.5                     -0.11707948
                     765                     -0.12971101
                   767.5                     -0.14341882
                     770                     -0.15753488
                   772.5                     -0.17137691
                     775                      -0.1842767
                   777.5                     -0.19562221
                     780                     -0.20489213
                   782.5                      -0.2116784
                     785                     -0.21571584
                   787.5                     -0.21689493
                     790                     -0.21526383
                   792.5                     -0.21103023
                     795                     -0.20454257
                   797.5                     -0.19627183
                     800                     -0.18677978
                   802.5                     -0.17668989
                     805                     -0.16665058
                   807.5                     -0.15730355
                     810                     -0.14924516
                   812.5                     -0.14300181
                     815                      -0.1390027
                   817.5                     -0.13756198
                     820                     -0.13886252
                   822.5                     -0.14295342
                     825                     -0.14974152
                   827.5                     -0.15900386
                     830                     -0.17039408
                   832.5                     -0.18346238
                     835                     -0.19767426
                   837.5                     -0.21244325
                     840                     -0.22715493
                   842.5                       -0.241202
                     845                     -0.25401739
                   847.5                     -0.26510501
                     850                     -0.27407048
                   852.5                      -0.2806382
                     855                     -0.28467429
                   857.5                     -0.28619153
                     860                     -0.28534496
                   862.5                     -0.28243142
                     865                     -0.27786103
                   867.5                     -0.27214211
                     870                     -0.26585246
                   872.5                     -0.25960151
                     875                     -0.25400259
                   877.5                     -0.24964211
                     880                      -0.2470461
                   882.5                     -0.24666136
                     885                     -0.24882691
                   887.5                     -0.25376803
                     890                     -0.26157574
                   892.5                     -0.27221507
                     895                     -0.28551643
                   897.5                     -0.30119023
                     900                     -0.31883932
                   902.5                     -0.33797866
                     905                     -0.35805927
                   907.5                       -0.378499
                     910                      -0.3987053
                   912.5                     -0.41812499
                     915                     -0.43625357
                   917.5                     -0.45268582
                     920                     -0.46712878
                   922.5                     -0.47942902
                     925                     -0.48957366
                   927.5                     -0.49771187
                     930                     -0.50412896
                   932.5                     -0.50924964
                     935                     -0.51360781
                   937.5                      -0.5178249
                     940                     -0.52257757
                   942.5                      -0.5285653
                     945                     -0.53648056
                   947.5                     -0.54697372
                     950                      -0.5606289
                   952.5                     -0.57793912
                     955                     -0.59929123
                   957.5                     -0.62494308
                     960                     -0.65502496
                   962.5                     -0.68953658
                     965                     -0.72834661
                   967.5                     -0.77120839
                     970                     -0.81777474
                   972.5                     -0.86761712
                     975                     -0.92026006
                   977.5                     -0.97520617
                     980                      -1.0319765
                   982.5                      -1.0901419
                     985                      -1.1493663
                   987.5                      -1.2094389
                     990                      -1.2703023
                   992.5                      -1.3320772
                     995                      -1.3950809
                   997.5                      -1.4598273
                    1000                      -1.5270277
                  1002.5                      -1.5975767
                    1005                      -1.6725249
                  1007.5                      -1.7530557
                    1010                      -1.8404512
                  1012.5                      -1.9360399
                    1015                      -2.0411741
                  1017.5                      -2.1571679
                    1020                      -2.2852633
                  1022.5                      -2.4265765
                    1025                      -2.5820515
                  1027.5                      -2.7523946
                    1030                      -2.9380227
                  1032.5                      -3.1389821
                    1035                      -3.3548615
                  1037.5                      -3.5846946
                    1040                      -3.8268441
                  1042.5                      -4.0788764
                    1045                      -4.3374249
                  1047.5                      -4.5980844
                    1050                      -4.8553271
                  1052.5                      -5.1025267
                    1055                      -5.3320929
                  1057.5                       -5.535811
                    1060                      -5.7053832
                  1062.5                      -5.8331746
                    1065                      -5.9130635
                  1067.5                       -5.941222
                    1070                      -5.9166501
                  1072.5                      -5.8413266
                    1075                      -5.7198951
                  1077.5                       -5.559007
                    1080                      -5.3664929
                  1082.5                      -5.1505378
                    1085                      -4.9190155
                  1087.5                      -4.6790126
                    1090                      -4.4365925
                  1092.5                      -4.1967034
                    1095                      -3.9632052
                  1097.5                      -3.7389703
                    1100                      -3.5260075
                  1102.5                      -3.3256033
                    1105                      -3.1384402
                  1107.5                      -2.9647161
                    1110                      -2.8042464
                  1112.5                      -2.6565473
                    1115                      -2.5209077
                  1117.5                      -2.3964545
                    1120                      -2.2822062
                  1122.5                      -2.1771228
                    1125                       -2.080145
                  1127.5                      -1.9902326
                    1130                      -1.9063997
                  1132.5                      -1.8277415
                    1135                       -1.753453
                  1137.5                      -1.6828493
                    1140                      -1.6153746
                  1142.5                      -1.5506007
                    1145                      -1.4882335
                  1147.5                      -1.4280977
                    1150                      -1.3701251
                  1152.5                      -1.3143393
                    1155                      -1.2608268
                  1157.5                      -1.2097244
                    1160                      -1.1611915
                  1162.5                      -1.1153907
                    1165                      -1.0724663
                  1167.5                      -1.0325307
                    1170                      -0.9956466
                  1172.5                     -0.96182153
                    1175                     -0.93100235
                  1177.5                     -0.90306872
                    1180                     -0.87784425
                  1182.5                     -0.85509014
                    1185                     -0.83452675
                  1187.5                     -0.81583715
                    1190                     -0.79868305
                  1192.5                     -0.78271913
                    1195                     -0.76761077
                  1197.5                     -0.75304324
                    1200                     -0.73874032
                  1202.5                     -0.72447804
                    1205                     -0.71008236
                  1207.5                     -0.69544907
                    1210                     -0.68053356
                  1212.5                     -0.66535651
                    1215                     -0.64999585
                  1217.5                     -0.63458013
                    1220                     -0.61927603
                  1222.5                     -0.60427503
                    1225                     -0.58978195
                  1227.5                     -0.57600288
                    1230                      -0.5631235
                  1232.5                     -0.55130633
                    1235                     -0.54067804
                  1237.5                     -0.53131907
                    1240                     -0.52326201
                  1242.5                      -0.5164829
                    1245                      -0.5109144
                  1247.5                     -0.50643653
                    1250                      -0.5028885
                  1252.5                     -0.50007869
                    1255                     -0.49779261
                  1257.5                     -0.49580676
                    1260                      -0.4938985
                  1262.5                     -0.49185673
                    1265                     -0.48950209
                  1267.5                     -0.48668719
                    1270                     -0.48330831
                  1272.5                     -0.47931402
                    1275                     -0.47470386
                  1277.5                     -0.46952675
                    1280                     -0.46388307
                  1282.5                     -0.45791217
                    1285                     -0.45178736
                  1287.5                     -0.44570581
                    1290                     -0.43986829
                  1292.5                     -0.43448419
                    1295                     -0.42974212
                  1297.5                     -0.42580427
                    1300                     -0.42280267
                  1302.5                     -0.42082792
                    1305                     -0.41991504
                  1307.5                     -0.42005623
                    1310                     -0.42119157
                  1312.5                     -0.42321188
                    1315                     -0.42596651
                  1317.5                     -0.42927262
                    1320                      -0.4329205
                  1322.5                     -0.43668949
                    1325                     -0.44036096
                  1327.5                     -0.44372577
                    1330                      -0.4466024
                  1332.5                     -0.44884504
                    1335                     -0.45035504
                  1337.5                     -0.45108326
                    1340                     -0.45104021
                  1342.5                      -0.4502921
                    1345                      -0.4489555
                  1347.5                     -0.44720284
                    1350                     -0.44523857
                  1352.5                     -0.44329898
                    1355                     -0.44163354
                  1357.5                     -0.44049922
                    1360                     -0.44013454
                  1362.5                     -0.44075824
                    1365                     -0.44254831
                  1367.5                      -0.4456398
                    1370                      -0.4501106
                  1372.5                     -0.45598432
                    1375                     -0.46322028
                  1377.5                      -0.4717176
                    1380                     -0.48132852
                  1382.5                     -0.49184992
                    1385                     -0.50305077
                  1387.5                     -0.51467409
                    1390                     -0.52645495
                  1392.5                     -0.53814036
                    1395                     -0.54949728
                  1397.5                     -0.56033664
                    1400                     -0.57051819
                  1402.5                     -0.57997589
                    1405                     -0.58870704
                  1407.5                     -0.59679039
                    1410                     -0.60438025
                  1412.5                     -0.61170551
                    1415                     -0.61905291
                  1417.5                      -0.6267688
                    1420                     -0.63522824
                  1422.5                     -0.64483129
                    1425                     -0.65597454
                  1427.5                     -0.66904161
                    1430                     -0.68438064
                  1432.5                     -0.70229114
                    1435                     -0.72300755
                  1437.5                     -0.74669376
                    1440                     -0.77343255
                  1442.5                     -0.80323071
                    1445                      -0.8360119
                  1447.5                     -0.87162974
                    1450                     -0.90987985
                  1452.5                     -0.95051272
                    1455                     -0.99325941
                  1457.5                      -1.0378521
                    1460                       -1.084052
                  1462.5                      -1.1316801
                    1465                      -1.1806443
                  1467.5                       -1.230969
                    1470                      -1.2828189
                  1472.5                      -1.3365171
                    1475                      -1.3925657
                  1477.5                      -1.4516525
                    1480                      -1.5146512
                  1482.5                      -1.5826185
                    1485                      -1.6567807
                  1487.5                       -1.738527
                    1490                      -1.8293819
                  1492.5                      -1.9309904
                    1495                      -2.0450965
                  1497.5                      -2.1735149
                    1500                      -2.3181226
                  1502.5                      -2.4808316
                    1505                      -2.6635658
                  1507.5                      -2.8682517
                    1510                      -3.0967853
                  1512.5                      -3.3509977
                    1515                      -3.6326201
                  1517.5                      -3.9432082
                    1520                      -4.2840483
                  1522.5                      -4.6560022
                    1525                      -5.0592824
                  1527.5                      -5.4931221
                    1530                      -5.9552805
                  1532.5                      -6.4413618
                    1535                      -6.9438913
                  1537.5                      -7.4511829
                    1540                      -7.9461609
                  1542.5                      -8.4055878
                    1545                      -8.8005351
                  1547.5                      -9.0991572
                    1550                      -9.2723485
                  1552.5                       -9.301148
                    1555                      -9.1826447
                  1557.5                      -8.9309543
                    1560                       -8.572635
                  1562.5                      -8.1393499
                    1565                      -7.6613958
                  1567.5                      -7.1639874
                    1570                       -6.666142
                  1572.5                      -6.1811549
                    1575                      -5.7177135
                  1577.5                      -5.2810782
                    1580                      -4.8740666
                  1582.5                      -4.4978328
                    1585                      -4.1524043
                  1587.5                      -3.8370668
                    1590                      -3.5506192
                  1592.5                      -3.2915525
                    1595                      -3.0581605
                  1597.5                      -2.8486149
                    1600                      -2.6610255
                  1602.5                      -2.4934686
                    1605                      -2.3440186
                  1607.5                      -2.2107745
                    1610                       -2.091869
                  1612.5                       -1.985506
                    1615                      -1.8899608
                  1617.5                      -1.8036176
                    1620                      -1.7249751
                  1622.5                      -1.6526766
                    1625                      -1.5855213
                  1627.5                      -1.5224745
                    1630                        -1.46268
                  1632.5                      -1.4054595
                    1635                      -1.3503189
                  1637.5                      -1.2969225
                    1640                      -1.2450936
                  1642.5                      -1.1947816
                    1645                      -1.1460537
                  1647.5                      -1.0990533
                    1650                      -1.0539806
                  1652.5                      -1.0110688
                    1655                     -0.97054836
                  1657.5                      -0.9326391
                    1660                     -0.89751528
                  1662.5                     -0.86530506
                    1665                     -0.83606834
                  1667.5                     -0.80979796
                    1670                     -0.78641212
                  1672.5                     -0.76576038
                    1675                      -0.7476271
                  1677.5                     -0.73173504
                    1680                     -0.71776904
                  1682.5                     -0.70538012
                    1685                     -0.69419878
                  1687.5                     -0.68386241
                    1690                     -0.67401946
                  1692.5                     -0.66434764
                    1695                     -0.65457215
                  1697.5                     -0.64447115
                    1700                     -0.63388267
                  1702.5                     -0.62271583
                    1705                     -0.61094407
                  1707.5                      -0.5986079
                    1710                      -0.5858025
                  1712.5                     -0.57267724
                    1715                     -0.55941646
                  1717.5                     -0.54623211
                    1720                     -0.53334872
                  1722.5                     -0.52098568
                    1725                     -0.50935147
                  1727.5                     -0.49862673
                    1730                     -0.48895842
                  1732.5                     -0.48045007
                    1735                     -0.47315509
                  1737.5                      -0.4670794
                    1740                      -0.4621774
                  1742.5                     -0.45835973
                    1745                      -0.4554924
                  1747.5                     -0.45340639
                    1750                     -0.45191148
                  1752.5                     -0.45079655
                    1755                     -0.44984888
                  1757.5                     -0.44886323
                    1760                      -0.4476464
                  1762.5                     -0.44603702
                    1765                     -0.44390225
                  1767.5                     -0.44115306
                    1770                     -0.43774398
                  1772.5                     -0.43367109
                    1775                     -0.42897672
                  1777.5                       -0.423742
                    1780                     -0.41808489
                  1782.5                     -0.41214793
                    1785                     -0.40609009
                  1787.5                       -0.400084
                    1790                     -0.39429959
                  1792.5                     -0.38889443
                    1795                     -0.38401012
                  1797.5                      -0.3797626
                    1800                     -0.37623508
                  1802.5                     -0.37347652
                    1805                         -0.3715
                  1807.5                     -0.37027676
                    1810                     -0.36974719
                  1812.5                     -0.36981781
                    1815                      -0.3703689
                  1817.5                     -0.37126009
                    1820                     -0.37233901
                  1822.5                     -0.37345123
                    1825                     -0.37444222
                  1827.5                     -0.37517457
                    1830                     -0.37552425
                  1832.5                     -0.37539968
                    1835                     -0.37473368
                  1837.5                     -0.37349659
                    1840                     -0.37168876
                  1842.5                     -0.36934864
                    1845                     -0.36654047
                  1847.5                     -0.36336087
                    1850                     -0.35992428
                  1852.5                     -0.35635903
                    1855                     -0.35279973
                  1857.5                     -0.34938403
                    1860                     -0.34623895
                  1862.5                     -0.34347731
                    1865                     -0.34119237
                  1867.5                     -0.33945066
                    1870                     -0.33828935
                  1872.5                     -0.33771984
                    1875                     -0.33772043
                  1877.5                     -0.33824001
                    1880                     -0.33920151
                  1882.5                      -0.3405068
                    1885                     -0.34204251
                  1887.5                      -0.3436842
                    1890                     -0.34530411
                  1892.5                     -0.34677796
                    1895                     -0.34799146
                  1897.5                     -0.34884664
                    1900                     -0.34926613
                  1902.5                      -0.3491981
                    1905                     -0.34861675
                  1907.5                     -0.34752779
                    1910                      -0.3459619
                  1912.5                     -0.34397981
                    1915                     -0.34165783
                  1917.5                      -0.3390952
                    1920                     -0.33640152
                  1922.5                     -0.33369167
                    1925                     -0.33107826
                  1927.5                     -0.32867448
                    1930                     -0.32657214
                  1932.5                     -0.32485182
                    1935                     -0.32356807
                  1937.5                     -0.32275345
                    1940                     -0.32241759
                  1942.5                     -0.32253891
                    1945                     -0.32307365
                  1947.5                      -0.3239573
                    1950                      -0.3251039
                  1952.5                     -0.32641685
                    1955                     -0.32778969
                  1957.5                     -0.32911271
                    1960                     -0.33027906
                  1962.5                     -0.33119268
                    1965                     -0.33176962
                  1967.5                     -0.33194601
                    1970                     -0.33167996
                  1972.5                     -0.33095133
                    1975                     -0.32976809
                  1977.5                     -0.32815872
                    1980                      -0.3261794
                  1982.5                     -0.32389829
                    1985                     -0.32140591
                  1987.5                     -0.31879945
                    1990                     -0.31618099
                  1992.5                     -0.31365249
                    1995                     -0.31131106
                  1997.5                     -0.30923789
                    2000                     -0.30750599
                  2002.5                     -0.30616356
                    2005                     -0.30523566
                  2007.5                     -0.30473209
                    2010                     -0.30463106
                  2012.5                     -0.30489426
                    2015                     -0.30546162
                  2017.5                     -0.30625661
                    2020                     -0.30719055
                  2022.5                     -0.30816869
                    2025                     -0.30909205
                  2027.5                     -0.30986692
                    2030                     -0.31040536
                  2032.5                     -0.31063643
                    2035                     -0.31049927
                  2037.5                     -0.30996034
                    2040                     -0.30900261
                  2042.5                     -0.30763298
                    2045                     -0.30588297
                  2047.5                     -0.30380081
                    2050                     -0.30145355
                  2052.5                      -0.2989225
                    2055                     -0.29629646
                  2057.5                     -0.29366938
                    2060                     -0.29113528
                  2062.5                     -0.28878078
                    2065                     -0.28668417
                  2067.5                     -0.28490682
                    2070                     -0.28349389
                  2072.5                     -0.28246891
                    2075                     -0.28183473
                  2077.5                     -0.28157701
                    2080                     -0.28165345
                  2082.5                     -0.28201132
                    2085                     -0.28257871
                  2087.5                      -0.2832717
                    2090                     -0.28400304
                  2092.5                     -0.28468179
                    2095                     -0.28522178
                  2097.5                     -0.28554146
                    2100                     -0.28557332
                  2102.5                     -0.28526808
                    2105                     -0.28459053
                  2107.5                     -0.28353012
                    2110                     -0.28209341
                  2112.5                      -0.2803103
                    2115                     -0.27822821
                  2117.5                     -0.27591217
                    2120                      -0.2734371
                  2122.5                     -0.27088909
                    2125                     -0.26835657
                  2127.5                     -0.26592581
                    2130                     -0.26368075
                  2132.5                      -0.2616935
                    2135                     -0.26002098
                  2137.5                     -0.25870444
                    2140                     -0.25776673
                  2142.5                     -0.25720805
                    2145                     -0.25701164
                  2147.5                     -0.25713953
                    2150                     -0.25753768
                  2152.5                     -0.25813726
                    2155                     -0.25885944
                  2157.5                       -0.259619
                    2160                     -0.26032865
                  2162.5                     -0.26090498
                    2165                     -0.26127157
                  2167.5                     -0.26136558
                    2170                     -0.26113733
                  2172.5                     -0.26055565
                    2175                     -0.25961094
                  2177.5                     -0.25830942
                    2180                      -0.2566818
                  2182.5                     -0.25477386
                    2185                     -0.25264753
                  2187.5                     -0.25037672
                    2190                     -0.24804441
                  2192.5                     -0.24573702
                    2195                     -0.24353629
                  2197.5                     -0.24152359
                    2200                      -0.2397667
                  2202.5                     -0.23831985
                    2205                     -0.23722448
                  2207.5                     -0.23649877
                    2210                     -0.23614269
                  2212.5                     -0.23614059
                    2215                     -0.23645148
                  2217.5                     -0.23702399
                    2220                     -0.23778793
                  2222.5                     -0.23866529
                    2225                     -0.23957423
                  2227.5                     -0.24042856
                    2230                     -0.24114564
                  2232.5                     -0.24165217
                    2235                     -0.24188688
                  2237.5                     -0.24180005
                    2240                      -0.2413646
                  2242.5                     -0.24056991
                    2245                      -0.2394246
                  2247.5                     -0.23795796
                    2250                     -0.23621884
                  2252.5                     -0.23426782
                    2255                     -0.23217995
                  2257.5                     -0.23003645
                    2260                     -0.22792125
                  2262.5                     -0.22591898
                    2265                      -0.2241096
                  2267.5                     -0.22255684
                    2270                     -0.22131995
                  2272.5                     -0.22043325
                    2275                     -0.21991587
                  2277.5                     -0.21977107
                    2280                      -0.2199756
                  2282.5                     -0.22049209
                    2285                     -0.22126597
                  2287.5                     -0.22222638
                    2290                     -0.22329776
                  2292.5                     -0.22439596
                    2295                     -0.22543307
                  2297.5                     -0.22632883
                    2300                     -0.22700826
                  2302.5                     -0.22740972
                    2305                      -0.2274864
                  2307.5                     -0.22720928
                    2310                     -0.22656784
                  2312.5                     -0.22557516
                    2315                     -0.22426125
                  2317.5                     -0.22267231
                    2320                     -0.22087428
                  2322.5                     -0.21894081
                    2325                     -0.21695625
                  2327.5                     -0.21500527
                    2330                     -0.21317542
                  2332.5                     -0.21154239
                    2335                     -0.21017631
                  2337.5                     -0.20913134
                    2340                     -0.20844669
                  2342.5                     -0.20814016
                    2345                     -0.20820784
                  2347.5                     -0.20863194
                    2350                     -0.20937129
                  2352.5                     -0.21036765
                    2355                     -0.21155108
                  2357.5                     -0.21284083
                    2360                     -0.21415049
                  2362.5                     -0.21539109
                    2365                     -0.21648023
                  2367.5                     -0.21734081
                    2370                     -0.21791084
                  2372.5                     -0.21814138
                    2375                       -0.218004
                  2377.5                     -0.21749047
                    2380                     -0.21661256
                  2382.5                     -0.21540304
                    2385                     -0.21391192
                  2387.5                     -0.21220561
                    2390                     -0.21036325
                  2392.5                     -0.20847026
                    2395                     -0.20661969
                  2397.5                     -0.20489492
                    2400                     -0.20337954
                  2402.5                     -0.20214402
                    2405                     -0.20124605
                  2407.5                     -0.20072125
                    2410                     -0.20059167
                  2412.5                     -0.20085231
                    2415                     -0.20148208
                  2417.5                     -0.20243659
                    2420                     -0.20365697
                  2422.5                     -0.20506797
                    2425                     -0.20658522
                  2427.5                     -0.20811855
                    2430                      -0.2095743
                  2432.5                     -0.21086638
                    2435                     -0.21191585
                  2437.5                     -0.21265483
                    2440                     -0.21303679
                  2442.5                     -0.21303048
                    2445                      -0.2126292
                  2447.5                     -0.21184531
                    2450                     -0.21071538
                  2452.5                     -0.20929191
                    2455                     -0.20764766
                  2457.5                     -0.20586495
                    2460                     -0.20403651
                  2462.5                     -0.20225617
                    2465                     -0.20061743
                  2467.5                     -0.19920536
                    2470                     -0.19809749
                  2472.5                     -0.19735016
                    2475                     -0.19700476
                  2477.5                       -0.197079
                    2480                     -0.19757219
                  2482.5                     -0.19845729
                    2485                     -0.19968665
                  2487.5                     -0.20119994
                    2490                     -0.20291385
                  2492.5                     -0.20473952
                    2495                     -0.20657755
                  2497.5                     -0.20833224
                    2500                      -0.2099095
                  2502.5                     -0.21122437
                    2505                     -0.21220747
                  2507.5                     -0.21280805
                    2510                     -0.21299404
                  2512.5                     -0.21275804
                    2515                     -0.21211569
                  2517.5                      -0.2111069
                    2520                     -0.20978909
                  2522.5                     -0.20823974
                    2525                     -0.20655039
                  2527.5                     -0.20481977
                    2530                     -0.20314903
                  2532.5                     -0.20164125
                    2535                     -0.20038706
                  2537.5                     -0.19946878
                    2540                     -0.19894712
                  2542.5                     -0.19886785
                    2545                     -0.19924989
                  2547.5                     -0.20008867
                    2550                     -0.20135742
                  2552.5                     -0.20300539
                    2555                     -0.20496203
                  2557.5                      -0.2071397
                    2560                     -0.20944061
                  2562.5                     -0.21175893
                    2565                     -0.21398802
                  2567.5                     -0.21602739
                    2570                      -0.2177851
                  2572.5                     -0.21918562
                    2575                     -0.22017455
                  2577.5                     -0.22071873
                    2580                     -0.22080939
                  2582.5                     -0.22046771
                    2585                     -0.21973534
                  2587.5                     -0.21867873
                    2590                     -0.21738289
                  2592.5                     -0.21594777
                    2595                     -0.21448416
                  2597.5                     -0.21310537
                    2600                     -0.21192113
                  2602.5                     -0.21103402
                    2605                     -0.21053401
                  2607.5                     -0.21048886
                    2610                     -0.21094667
                  2612.5                     -0.21192969
                    2615                     -0.21343494
                  2617.5                     -0.21542867
                    2620                     -0.21785682
                  2622.5                     -0.22064236
                    2625                     -0.22368701
                  2627.5                     -0.22688411
                    2630                     -0.23011404
                  2632.5                     -0.23326253
                    2635                     -0.23621557
                  2637.5                     -0.23887339
                    2640                     -0.24115165
                  2642.5                     -0.24299301
                    2645                     -0.24435773
                  2647.5                     -0.24524037
                    2650                     -0.24566367
                  2652.5                     -0.24567522
                    2655                     -0.24535122
                  2657.5                      -0.2447856
                    2660                     -0.24409258
                  2662.5                     -0.24339585
                    2665                     -0.24282202
                  2667.5                     -0.24249511
                    2670                     -0.24253075
                  2672.5                     -0.24302876
                    2675                     -0.24406698
                  2677.5                     -0.24569791
                    2680                     -0.24794686
                  2682.5                     -0.25080867
                    2685                     -0.25424702
                  2687.5                      -0.2581991
                    2690                     -0.26257743
                  2692.5                     -0.26727495
                    2695                     -0.27216311
                  2697.5                     -0.27711225
                    2700                     -0.28198852
                  2702.5                     -0.28666266
                    2705                     -0.29102288
                  2707.5                     -0.29497068
                    2710                     -0.29843803
                  2712.5                     -0.30138279
                    2715                     -0.30379582
                  2717.5                     -0.30570091
                    2720                     -0.30715199
                  2722.5                     -0.30823485
                    2725                     -0.30905554
                  2727.5                     -0.30974429
                    2730                     -0.31043775
                  2732.5                     -0.31127891
                    2735                     -0.31241266
                  2737.5                     -0.31396299
                    2740                     -0.31604514
                  2742.5                     -0.31874573
                    2745                     -0.32212255
                  2747.5                     -0.32619937
                    2750                     -0.33096946
                  2752.5                     -0.33638646
                    2755                     -0.34237528
                  2757.5                      -0.3488301
                    2760                      -0.3556206
                  2762.5                     -0.36259998
                    2765                     -0.36961033
                  2767.5                     -0.37649275
                    2770                     -0.38309452
                  2772.5                     -0.38927932
                    2775                     -0.39493058
                  2777.5                     -0.39996464
                    2780                      -0.4043292
                  2782.5                     -0.40800996
                    2785                     -0.41103232
                  2787.5                     -0.41345576
                    2790                     -0.41537502
                  2792.5                     -0.41691788
                    2795                     -0.41822695
                  2797.5                     -0.41946528
                    2800                     -0.42079907
                  2802.5                     -0.42238867
                    2805                     -0.42438573
                  2807.5                     -0.42691569
                    2810                     -0.43008088
                  2812.5                     -0.43394602
                    2815                     -0.43853971
                  2817.5                     -0.44384604
                    2820                     -0.44981562
                  2822.5                     -0.45635162
                    2825                     -0.46333298
                  2827.5                     -0.47060316
                    2830                     -0.47798964
                  2832.5                     -0.48530533
                    2835                     -0.49236502
                  2837.5                     -0.49898879
                    2840                     -0.50501713
                  2842.5                     -0.51031978
                    2845                     -0.51479831
                  2847.5                     -0.51839807
                    2850                     -0.52110638
                  2852.5                     -0.52296069
                    2855                      -0.5240393
                  2857.5                     -0.52446247
                    2860                     -0.52438325
                  2862.5                     -0.52398379
                    2865                     -0.52346039
                  2867.5                     -0.52301359
                    2870                     -0.52284397
                  2872.5                     -0.52313134
                    2875                     -0.52403143
                  2877.5                      -0.5256645
                    2880                     -0.52811098
                  2882.5                     -0.53140627
                    2885                     -0.53553656
                  2887.5                     -0.54043682
                    2890                     -0.54600207
                  2892.5                     -0.55208352
                    2895                     -0.55849947
                  2897.5                     -0.56504597
                    2900                     -0.57150335
                  2902.5                     -0.57765553
                    2905                      -0.5832896
                  2907.5                     -0.58822232
                    2910                     -0.59230217
                  2912.5                     -0.59541728
                    2915                     -0.59750963
                  2917.5                      -0.5985711
                    2920                     -0.59865096
                  2922.5                     -0.59784996
                    2925                     -0.59631858
                  2927.5                     -0.59424571
                    2930                     -0.59185147
                  2932.5                     -0.58937486
                    2935                     -0.58706004
                  2937.5                     -0.58514377
                    2940                      -0.5838434
                  2942.5                      -0.5833441
                    2945                     -0.58378985
                  2947.5                     -0.58527351
                    2950                      -0.5878329
                  2952.5                     -0.59144965
                    2955                     -0.59604531
                  2957.5                     -0.60148856
                    2960                     -0.60759993
                  2962.5                     -0.61415811
                    2965                     -0.62091611
                  2967.5                     -0.62761114
                    2970                      -0.6339788
                  2972.5                     -0.63976766
                    2975                     -0.64475494
                  2977.5                     -0.64875809
                    2980                     -0.65164633
                  2982.5                     -0.65335003
                    2985                     -0.65386479
                  2987.5                     -0.65325008
                    2990                     -0.65163265
                  2992.5                     -0.64919512
                    2995                     -0.64616838
                  2997.5                     -0.64282129
                    3000                     -0.63944171

