        Frequency / MHz                S1,1/abs,dB
----------------------------------------------------------------------
                     500                  -9.3964361e-05
                   502.5                  -0.00011501614
                     505                  -0.00013556139
                   507.5                  -0.00015559975
                     510                  -0.00017461281
                   512.5                  -0.00019104611
                     515                  -0.00020645116
                   517.5                  -0.00021979052
                     520                  -0.00022899084
                   522.5                  -0.00023663815
                     525                  -0.00024169416
                   527.5                  -0.00024208491
                     530                  -0.00024039602
                   532.5                  -0.00023610658
                     535                  -0.00022869588
                   537.5                  -0.00021816111
                     540                  -0.00020605267
                   542.5                  -0.00019185051
                     545                  -0.00017451708
                   547.5                  -0.00015819248
                     550                  -0.00013925128
                   552.5                  -0.00012079905
                     555                  -0.00010179989
                   557.5                  -8.3807099e-05
                     560                  -6.6303437e-05
                   562.5                  -5.0843041e-05
                     565                  -3.6391971e-05
                   567.5                  -2.3469795e-05
                     570                  -1.4149555e-05
                   572.5                  -6.3628505e-06
                     575                  -2.1833671e-06
                   577.5                  -6.0903046e-08
                     580                  -1.0340523e-06
                   582.5                  -4.0703813e-06
                     585                  -1.0726311e-05
                   587.5                  -1.9451491e-05
                     590                  -3.0766658e-05
                   592.5                  -4.4156582e-05
                     595                  -6.0141343e-05
                   597.5                  -7.6134225e-05
                     600                  -9.4725381e-05
                   602.5                  -0.00011177409
                     605                  -0.00013038732
                   607.5                  -0.00014849427
                     610                  -0.00016609466
                   612.5                  -0.00018266979
                     615                  -0.00019718298
                   617.5                   -0.0002111856
                     620                  -0.00022312237
                   622.5                  -0.00023143761
                     625                  -0.00023871722
                   627.5                  -0.00024288732
                     630                  -0.00024498028
                   632.5                  -0.00024395739
                     635                  -0.00024085098
                   637.5                  -0.00023462251
                     640                  -0.00022682213
                   642.5                  -0.00021692946
                     645                  -0.00020494206
                   647.5                  -0.00019241106
                     650                  -0.00017829905
                   652.5                  -0.00016364038
                     655                    -0.000148952
                   657.5                  -0.00013319797
                     660                  -0.00011896707
                   662.5                  -0.00010522442
                     665                  -9.3006693e-05
                   667.5                  -8.1797572e-05
                     670                  -7.2634369e-05
                   672.5                  -6.5001855e-05
                     675                  -6.1491004e-05
                   677.5                  -5.7445449e-05
                     680                   -5.804512e-05
                   682.5                  -6.1222622e-05
                     685                  -6.5945606e-05
                   687.5                   -7.325245e-05
                     690                   -8.262868e-05
                   692.5                  -9.5112629e-05
                     695                  -0.00010862356
                   697.5                   -0.0001232008
                     700                  -0.00013984477
                   702.5                  -0.00015701587
                     705                  -0.00017523332
                   707.5                  -0.00019346164
                     710                  -0.00021170139
                   712.5                  -0.00022943422
                     715                  -0.00024665916
                   717.5                  -0.00026182157
                     720                  -0.00027647301
                   722.5                  -0.00028905775
                     725                  -0.00029957369
                   727.5                  -0.00030905295
                     730                  -0.00031542192
                   732.5                  -0.00032023055
                     735                  -0.00032244013
                   737.5                  -0.00032308284
                     740                  -0.00032163796
                   742.5                  -0.00031862026
                     745                  -0.00031350925
                   747.5                   -0.0003083733
                     750                   -0.0003011397
                   752.5                   -0.0002933598
                     755                  -0.00028399707
                   757.5                  -0.00027667481
                     760                  -0.00026932188
                   762.5                  -0.00026193859
                     765                  -0.00025607882
                   767.5                  -0.00025070839
                     770                   -0.0002473823
                   772.5                  -0.00024610256
                     775                    -0.000246354
                   777.5                  -0.00024969271
                     780                  -0.00025508621
                   782.5                  -0.00026305541
                     785                  -0.00027308636
                   787.5                  -0.00028621754
                     790                  -0.00030141705
                   792.5                  -0.00031920576
                     795                  -0.00033855162
                   797.5                  -0.00035997493
                     800                  -0.00038296052
                   802.5                  -0.00040802845
                     805                  -0.00043362708
                   807.5                    -0.000460793
                     810                  -0.00048693872
                   812.5                  -0.00051413521
                     815                  -0.00054134699
                   817.5                  -0.00056805548
                     820                  -0.00059374181
                   822.5                  -0.00061840448
                     825                  -0.00064255945
                   827.5                  -0.00066465107
                     830                  -0.00068519448
                   832.5                  -0.00070470487
                     835                  -0.00072162606
                   837.5                  -0.00073750839
                     840                  -0.00075079559
                   842.5                   -0.0007630383
                     845                  -0.00077423382
                   847.5                  -0.00078282632
                     850                  -0.00079140276
                   852.5                  -0.00079789005
                     855                   -0.0008043579
                   857.5                  -0.00080977005
                     860                  -0.00081464342
                   862.5                  -0.00082001373
                     865                  -0.00082588114
                   867.5                  -0.00083121122
                     870                  -0.00083807616
                   872.5                  -0.00084544218
                     875                  -0.00085382909
                   877.5                  -0.00086272143
                     880                  -0.00087419282
                   882.5                  -0.00088617519
                     885                   -0.0008991889
                   887.5                  -0.00091323699
                     890                  -0.00092935782
                   892.5                  -0.00094548306
                     895                  -0.00096316871
                   897.5                  -0.00098138124
                     900                  -0.00099908732
                   902.5                   -0.0010183594
                     905                   -0.0010371276
                   907.5                   -0.0010553925
                     910                   -0.0010726366
                   912.5                    -0.001089895
                     915                   -0.0011056135
                   917.5                   -0.0011192729
                     920                   -0.0011313891
                   922.5                   -0.0011429953
                     925                   -0.0011494288
                   927.5                   -0.0011563822
                     930                   -0.0011591916
                   932.5                   -0.0011604429
                     935                   -0.0011585786
                   937.5                   -0.0011546305
                     940                   -0.0011480771
                   942.5                   -0.0011389146
                     945                   -0.0011276574
                   947.5                   -0.0011143024
                     950                   -0.0010993638
                   952.5                   -0.0010828395
                     955                   -0.0010652452
                   957.5                   -0.0010460616
                     960                   -0.0010263227
                   962.5                    -0.001007064
                     965                  -0.00098724979
                   967.5                  -0.00096739805
                     970                  -0.00094906396
                   972.5                  -0.00093121301
                     975                  -0.00091488313
                   977.5                  -0.00089955887
                     980                  -0.00088576139
                   982.5                  -0.00087401116
                     985                  -0.00086327639
                   987.5                  -0.00085563173
                     990                   -0.0008490099
                   992.5                  -0.00084444967
                     995                  -0.00084143744
                   997.5                  -0.00084101164
                    1000                  -0.00084162229
                  1002.5                  -0.00084275447
                    1005                  -0.00084596384
                  1007.5                  -0.00084918112
                    1010                    -0.000854479
                  1012.5                  -0.00085926939
                    1015                  -0.00086355263
                  1017.5                   -0.0008678464
                    1020                   -0.0008721499
                  1022.5                  -0.00087490831
                    1025                  -0.00087715575
                  1027.5                  -0.00087785415
                    1030                  -0.00087751882
                  1032.5                  -0.00087614617
                    1035                  -0.00087218063
                  1037.5                  -0.00086717131
                    1040                  -0.00086059701
                  1042.5                  -0.00085245451
                    1045                  -0.00084222213
                  1047.5                  -0.00083093226
                    1050                  -0.00081858205
                  1052.5                  -0.00080361512
                    1055                  -0.00078913573
                  1057.5                  -0.00077410647
                    1060                  -0.00075800805
                  1062.5                  -0.00074187508
                    1065                  -0.00072622478
                  1067.5                  -0.00071053977
                    1070                  -0.00069585629
                  1072.5                  -0.00068165783
                    1075                   -0.0006679462
                  1077.5                   -0.0006567946
                    1080                  -0.00064665271
                  1082.5                   -0.0006390765
                    1085                   -0.0006319989
                  1087.5                  -0.00062801179
                    1090                  -0.00062504818
                  1092.5                  -0.00062414736
                    1095                  -0.00062583072
                  1097.5                    -0.000627513
                    1100                  -0.00063230442
                  1102.5                  -0.00063813694
                    1105                  -0.00064553086
                  1107.5                  -0.00065345326
                    1110                  -0.00066242356
                  1112.5                  -0.00067140765
                    1115                  -0.00068092351
                  1117.5                  -0.00068993622
                    1120                  -0.00069896263
                  1122.5                  -0.00070800209
                    1125                  -0.00071498161
                  1127.5                  -0.00072145229
                    1130                    -0.000727411
                  1132.5                  -0.00073026699
                    1135                  -0.00073312243
                  1137.5                  -0.00073390295
                    1140                  -0.00073260463
                  1142.5                  -0.00073025906
                    1145                    -0.000725309
                  1147.5                  -0.00071878609
                    1150                  -0.00071172241
                  1152.5                   -0.0007035965
                    1155                  -0.00069337027
                  1157.5                  -0.00068259409
                    1160                  -0.00067126594
                  1162.5                  -0.00065938457
                    1165                  -0.00064694887
                  1167.5                  -0.00063551164
                    1170                  -0.00062403765
                  1172.5                  -0.00061408148
                    1175                  -0.00060409094
                  1177.5                  -0.00059510376
                    1180                  -0.00058764039
                  1182.5                  -0.00058118612
                    1185                  -0.00057781512
                  1187.5                  -0.00057597833
                    1190                  -0.00057567944
                  1192.5                  -0.00057692256
                    1195                  -0.00058074771
                  1197.5                  -0.00058508754
                    1200                  -0.00059253475
                  1202.5                  -0.00060050462
                    1205                    -0.000611071
                  1207.5                  -0.00062113053
                    1210                   -0.0006322388
                  1212.5                  -0.00064543283
                    1215                  -0.00065812555
                  1217.5                  -0.00067135253
                    1220                  -0.00068356082
                  1222.5                  -0.00069578475
                    1225                  -0.00070750539
                  1227.5                  -0.00071820268
                    1230                  -0.00072787423
                  1232.5                  -0.00073548149
                    1235                  -0.00074205591
                  1237.5                   -0.0007470763
                    1240                  -0.00075002022
                  1242.5                    -0.000751919
                    1245                  -0.00075173241
                  1247.5                   -0.0007494566
                    1250                   -0.0007456046
                  1252.5                   -0.0007406902
                    1255                  -0.00073419148
                  1257.5                  -0.00072714166
                    1260                  -0.00071901928
                  1262.5                  -0.00070930442
                    1265                  -0.00070006767
                  1267.5                  -0.00069130677
                    1270                  -0.00068146922
                  1272.5                  -0.00067366151
                    1275                  -0.00066633112
                  1277.5                  -0.00065896359
                    1280                  -0.00065414927
                  1282.5                   -0.0006498204
                    1285                  -0.00064805179
                  1287.5                  -0.00064781164
                    1290                  -0.00064910488
                  1292.5                  -0.00065297106
                    1295                  -0.00065889776
                  1297.5                  -0.00066585332
                    1300                  -0.00067591467
                  1302.5                  -0.00068701405
                    1305                   -0.0006996743
                  1307.5                  -0.00071389798
                    1310                  -0.00072917154
                  1312.5                  -0.00074601472
                    1315                  -0.00076184084
                  1317.5                  -0.00078027529
                    1320                  -0.00079717614
                  1322.5                  -0.00081409693
                    1325                  -0.00083051823
                  1327.5                   -0.0008464383
                    1330                  -0.00086133687
                  1332.5                  -0.00087521022
                    1335                  -0.00088650182
                  1337.5                  -0.00089675963
                    1340                  -0.00090494473
                  1342.5                   -0.0009120865
                    1345                  -0.00091662687
                  1347.5                  -0.00092011368
                    1350                  -0.00092098849
                  1352.5                  -0.00092028163
                    1355                  -0.00091850653
                  1357.5                  -0.00091514116
                    1360                   -0.0009112163
                  1362.5                  -0.00090673036
                    1365                  -0.00090116237
                  1367.5                  -0.00089554583
                    1370                  -0.00088988078
                  1372.5                  -0.00088468441
                    1375                   -0.0008809933
                  1377.5                  -0.00087725582
                    1380                  -0.00087554538
                  1382.5                  -0.00087534834
                    1385                  -0.00087718507
                  1387.5                  -0.00088054341
                    1390                   -0.0008864632
                  1392.5                  -0.00089495066
                    1395                  -0.00090497579
                  1397.5                  -0.00091760044
                    1400                  -0.00093276678
                  1402.5                  -0.00095002654
                    1405                  -0.00096936459
                  1407.5                  -0.00099026684
                    1410                   -0.0010127384
                  1412.5                   -0.0010378179
                    1415                   -0.0010618845
                  1417.5                   -0.0010880464
                    1420                    -0.001113716
                  1422.5                   -0.0011399296
                    1425                   -0.0011661677
                  1427.5                   -0.0011919115
                    1430                   -0.0012161231
                  1432.5                   -0.0012393161
                    1435                    -0.001261487
                  1437.5                   -0.0012821124
                    1440                   -0.0013001513
                  1442.5                   -0.0013166337
                    1445                   -0.0013310351
                  1447.5                   -0.0013433489
                    1450                   -0.0013546043
                  1452.5                   -0.0013632415
                    1455                   -0.0013702892
                  1457.5                   -0.0013757429
                    1460                   -0.0013801148
                  1462.5                   -0.0013839181
                    1465                    -0.001386631
                  1467.5                   -0.0013892876
                    1470                   -0.0013929206
                  1472.5                   -0.0013954587
                    1475                   -0.0013989738
                  1477.5                   -0.0014039849
                    1480                   -0.0014115307
                  1482.5                   -0.0014200604
                    1485                   -0.0014311328
                  1487.5                   -0.0014442359
                    1490                    -0.001459893
                  1492.5                   -0.0014786283
                    1495                   -0.0014999323
                  1497.5                   -0.0015253655
                    1500                   -0.0015523462
                  1502.5                   -0.0015829542
                    1505                   -0.0016161608
                  1507.5                    -0.001651972
                    1510                   -0.0016903957
                  1512.5                   -0.0017304007
                    1515                   -0.0017714734
                  1517.5                   -0.0018146551
                    1520                   -0.0018578746
                  1522.5                   -0.0019026885
                    1525                   -0.0019465068
                  1527.5                    -0.001990364
                    1530                   -0.0020337401
                  1532.5                   -0.0020755947
                    1535                   -0.0021159239
                  1537.5                   -0.0021547215
                    1540                   -0.0021909447
                  1542.5                   -0.0022251034
                    1545                   -0.0022561542
                  1547.5                   -0.0022856418
                    1550                   -0.0023130393
                  1552.5                    -0.002337302
                    1555                    -0.002359457
                  1557.5                   -0.0023794961
                    1560                   -0.0023984469
                  1562.5                   -0.0024147497
                    1565                   -0.0024309881
                  1567.5                     -0.00244612
                    1570                    -0.002460144
                  1572.5                   -0.0024756465
                    1575                   -0.0024910727
                  1577.5                   -0.0025079783
                    1580                   -0.0025263648
                  1582.5                   -0.0025472722
                    1585                   -0.0025696695
                  1587.5                   -0.0025956365
                    1590                   -0.0026241427
                  1592.5                   -0.0026567511
                    1595                   -0.0026924355
                  1597.5                   -0.0027322426
                    1600                   -0.0027751453
                  1602.5                    -0.002821673
                    1605                   -0.0028718353
                  1607.5                   -0.0029246069
                    1610                   -0.0029810312
                  1612.5                   -0.0030400821
                    1615                   -0.0031012469
                  1617.5                   -0.0031634966
                    1620                   -0.0032268347
                  1622.5                   -0.0032922984
                    1625                   -0.0033562629
                  1627.5                    -0.003420798
                    1630                   -0.0034827937
                  1632.5                   -0.0035443151
                    1635                   -0.0036032829
                  1637.5                   -0.0036602059
                    1640                    -0.003714556
                  1642.5                   -0.0037647672
                    1645                   -0.0038123803
                  1647.5                   -0.0038568625
                    1650                   -0.0038971642
                  1652.5                    -0.003934306
                    1655                   -0.0039682729
                  1657.5                   -0.0039990506
                    1660                   -0.0040276623
                  1662.5                   -0.0040540935
                    1665                   -0.0040788529
                  1667.5                   -0.0041029652
                    1670                   -0.0041264248
                  1672.5                   -0.0041512962
                    1675                   -0.0041770591
                  1677.5                   -0.0042057844
                    1680                   -0.0042369558
                  1682.5                   -0.0042721315
                    1685                   -0.0043123549
                  1687.5                   -0.0043565968
                    1690                   -0.0044079783
                  1692.5                   -0.0044649579
                    1695                    -0.004529622
                  1697.5                   -0.0046009514
                    1700                   -0.0046794802
                  1702.5                    -0.004767299
                    1705                   -0.0048613169
                  1707.5                   -0.0049631063
                    1710                   -0.0050716468
                  1712.5                   -0.0051869542
                    1715                   -0.0053090426
                  1717.5                   -0.0054374059
                    1720                   -0.0055704979
                  1722.5                   -0.0057072902
                    1725                   -0.0058488216
                  1727.5                   -0.0059930195
                    1730                   -0.0061393616
                  1732.5                    -0.006287843
                    1735                   -0.0064353432
                  1737.5                   -0.0065849568
                    1740                   -0.0067335591
                  1742.5                   -0.0068816469
                    1745                    -0.007028683
                  1747.5                   -0.0071751593
                    1750                   -0.0073215698
                  1752.5                    -0.007467371
                    1755                   -0.0076140902
                  1757.5                    -0.007761705
                    1760                   -0.0079122625
                  1762.5                   -0.0080662617
                    1765                   -0.0082242033
                  1767.5                   -0.0083907371
                    1770                   -0.0085653368
                  1772.5                   -0.0087490358
                    1775                   -0.0089459829
                  1777.5                   -0.0091577445
                    1780                   -0.0093869271
                  1782.5                   -0.0096340768
                    1785                   -0.0099044099
                  1787.5                    -0.010195378
                    1790                    -0.010513767
                  1792.5                    -0.010859122
                    1795                    -0.011233063
                  1797.5                    -0.011637222
                    1800                    -0.012071163
                  1802.5                    -0.012538083
                    1805                    -0.013037043
                  1807.5                    -0.013567103
                    1810                    -0.014129402
                  1812.5                    -0.014722489
                    1815                    -0.015343873
                  1817.5                    -0.015992102
                    1820                    -0.016665198
                  1822.5                    -0.017360144
                    1825                    -0.018073915
                  1827.5                    -0.018801399
                    1830                    -0.019540591
                  1832.5                    -0.020284802
                    1835                     -0.02103096
                  1837.5                    -0.021771829
                    1840                    -0.022504308
                  1842.5                    -0.023222166
                    1845                    -0.023920192
                  1847.5                    -0.024591084
                    1850                    -0.025231154
                  1852.5                     -0.02583514
                    1855                    -0.026395692
                  1857.5                    -0.026910113
                    1860                    -0.027372581
                  1862.5                    -0.027778299
                    1865                     -0.02812454
                  1867.5                    -0.028407009
                    1870                    -0.028624002
                  1872.5                    -0.028771734
                    1875                    -0.028849537
                  1877.5                    -0.028856219
                    1880                    -0.028791115
                  1882.5                    -0.028655117
                    1885                    -0.028450165
                  1887.5                     -0.02817457
                    1890                    -0.027833921
                  1892.5                    -0.027428624
                    1895                    -0.026963769
                  1897.5                     -0.02644134
                    1900                    -0.025868009
                  1902.5                    -0.025248378
                    1905                    -0.024584989
                  1907.5                    -0.023885583
                    1910                    -0.023154801
                  1912.5                    -0.022398331
                    1915                    -0.021622912
                  1917.5                    -0.020832698
                    1920                    -0.020034448
                  1922.5                    -0.019233894
                    1925                    -0.018435736
                  1927.5                    -0.017645204
                    1930                    -0.016867536
                  1932.5                    -0.016105902
                    1935                    -0.015366588
                  1937.5                    -0.014650183
                    1940                    -0.013962467
                  1942.5                    -0.013304036
                    1945                    -0.012677565
                  1947.5                    -0.012084692
                    1950                     -0.01152654
                  1952.5                    -0.011004229
                    1955                    -0.010516804
                  1957.5                    -0.010063831
                    1960                   -0.0096459042
                  1962.5                   -0.0092599875
                    1965                   -0.0089056307
                  1967.5                   -0.0085823778
                    1970                    -0.008285621
                  1972.5                   -0.0080148906
                    1975                   -0.0077676364
                  1977.5                   -0.0075397471
                    1980                    -0.007330729
                  1982.5                   -0.0071369727
                    1985                    -0.006956417
                  1987.5                   -0.0067869903
                    1990                   -0.0066260969
                  1992.5                   -0.0064721734
                    1995                   -0.0063226126
                  1997.5                   -0.0061748022
                    2000                   -0.0060292357
                  2002.5                   -0.0058843311
                    2005                   -0.0057385035
                  2007.5                   -0.0055917203
                    2010                   -0.0054429146
                  2012.5                   -0.0052925719
                    2015                   -0.0051401443
                  2017.5                   -0.0049861216
                    2020                   -0.0048299589
                  2022.5                   -0.0046742248
                    2025                   -0.0045188993
                  2027.5                   -0.0043650038
                    2030                   -0.0042130453
                  2032.5                   -0.0040625001
                    2035                   -0.0039175094
                  2037.5                   -0.0037765225
                    2040                   -0.0036421343
                  2042.5                   -0.0035143562
                    2045                   -0.0033932025
                  2047.5                   -0.0032807623
                    2050                   -0.0031755014
                  2052.5                   -0.0030810671
                    2055                   -0.0029954121
                  2057.5                   -0.0029185604
                    2060                   -0.0028520902
                  2062.5                   -0.0027934375
                    2065                    -0.002743662
                  2067.5                   -0.0027017497
                    2070                   -0.0026677208
                  2072.5                   -0.0026400387
                    2075                   -0.0026176844
                  2077.5                   -0.0026001506
                    2080                   -0.0025874454
                  2082.5                   -0.0025775017
                    2085                   -0.0025682506
                  2087.5                   -0.0025607231
                    2090                     -0.00255336
                  2092.5                    -0.002543563
                    2095                   -0.0025333897
                  2097.5                   -0.0025197178
                    2100                   -0.0025025443
                  2102.5                   -0.0024823218
                    2105                    -0.002458039
                  2107.5                   -0.0024291392
                    2110                   -0.0023956012
                  2112.5                   -0.0023584386
                    2115                   -0.0023160747
                  2117.5                   -0.0022700427
                    2120                    -0.002220841
                  2122.5                   -0.0021684537
                    2125                   -0.0021128649
                  2127.5                    -0.002055617
                    2130                   -0.0019977357
                  2132.5                    -0.001939734
                    2135                    -0.001881608
                  2137.5                   -0.0018249116
                    2140                   -0.0017701676
                  2142.5                   -0.0017184168
                    2145                   -0.0016691524
                  2147.5                   -0.0016249735
                    2150                    -0.001584343
                  2152.5                   -0.0015483115
                    2155                   -0.0015184507
                  2157.5                   -0.0014932246
                    2160                   -0.0014736897
                  2162.5                   -0.0014598657
                    2165                   -0.0014502165
                  2167.5                   -0.0014457977
                    2170                    -0.001446108
                  2172.5                   -0.0014506448
                    2175                   -0.0014583852
                  2177.5                   -0.0014693411
                    2180                   -0.0014824846
                  2182.5                   -0.0014967859
                    2185                   -0.0015122486
                  2187.5                   -0.0015278346
                    2190                   -0.0015430251
                  2192.5                   -0.0015562599
                    2195                   -0.0015680476
                  2197.5                   -0.0015773403
                    2200                    -0.001583608
                  2202.5                   -0.0015857998
                    2205                   -0.0015849345
                  2207.5                   -0.0015799574
                    2210                   -0.0015703329
                  2212.5                   -0.0015565591
                    2215                   -0.0015396536
                  2217.5                   -0.0015190806
                    2220                   -0.0014943053
                  2222.5                   -0.0014653123
                    2225                   -0.0014351949
                  2227.5                   -0.0014029051
                    2230                   -0.0013684346
                  2232.5                   -0.0013328129
                    2235                   -0.0012965527
                  2237.5                   -0.0012612069
                    2240                   -0.0012267772
                  2242.5                   -0.0011943037
                    2245                   -0.0011632751
                  2247.5                   -0.0011357739
                    2250                   -0.0011118104
                  2252.5                   -0.0010903636
                    2255                   -0.0010735187
                  2257.5                   -0.0010607761
                    2260                   -0.0010516346
                  2262.5                   -0.0010487006
                    2265                   -0.0010483679
                  2267.5                   -0.0010532421
                    2270                   -0.0010607523
                  2272.5                   -0.0010729833
                    2275                   -0.0010873605
                  2277.5                   -0.0011049309
                    2280                   -0.0011246685
                  2282.5                   -0.0011460625
                    2285                    -0.001168081
                  2287.5                   -0.0011902082
                    2290                   -0.0012119261
                  2292.5                   -0.0012332292
                    2295                   -0.0012520402
                  2297.5                   -0.0012699035
                    2300                   -0.0012842195
                  2302.5                   -0.0012954918
                    2305                   -0.0013042231
                  2307.5                   -0.0013078079
                    2310                   -0.0013088196
                  2312.5                   -0.0013051666
                    2315                   -0.0012989034
                  2317.5                   -0.0012874236
                    2320                    -0.001272781
                  2322.5                   -0.0012559949
                    2325                   -0.0012354992
                  2327.5                   -0.0012128329
                    2330                   -0.0011879874
                  2332.5                   -0.0011619898
                    2335                   -0.0011348333
                  2337.5                   -0.0011075526
                    2340                    -0.001082218
                  2342.5                   -0.0010567616
                    2345                   -0.0010337779
                  2347.5                   -0.0010112018
                    2350                  -0.00099318914
                  2352.5                  -0.00097767863
                    2355                  -0.00096623878
                  2357.5                  -0.00095733279
                    2360                  -0.00095408337
                  2362.5                  -0.00095391928
                    2365                  -0.00095789511
                  2367.5                  -0.00096706222
                    2370                   -0.0009788511
                  2372.5                  -0.00099379526
                    2375                   -0.0010124269
                  2377.5                   -0.0010347582
                    2380                   -0.0010582139
                  2382.5                   -0.0010838362
                    2385                   -0.0011105966
                  2387.5                   -0.0011379809
                    2390                   -0.0011654714
                  2392.5                   -0.0011925487
                    2395                   -0.0012176547
                  2397.5                   -0.0012418161
                    2400                   -0.0012634709
                  2402.5                   -0.0012820883
                    2405                   -0.0012971365
                  2407.5                   -0.0013091165
                    2410                   -0.0013180116
                  2412.5                   -0.0013222492
                    2415                   -0.0013228469
                  2417.5                   -0.0013197866
                    2420                   -0.0013135673
                  2422.5                    -0.001303136
                    2425                   -0.0012905487
                  2427.5                   -0.0012747532
                    2430                    -0.001256258
                  2432.5                   -0.0012376408
                    2435                   -0.0012163045
                  2437.5                   -0.0011953505
                    2440                   -0.0011747795
                  2442.5                   -0.0011545899
                    2445                   -0.0011358219
                  2447.5                   -0.0011190015
                    2450                   -0.0011051726
                  2452.5                   -0.0010933114
                    2455                   -0.0010860204
                  2457.5                   -0.0010827999
                    2460                   -0.0010826293
                  2462.5                   -0.0010865641
                    2465                   -0.0010951418
                  2467.5                   -0.0011083792
                    2470                    -0.001125264
                  2472.5                   -0.0011463279
                    2475                   -0.0011705551
                  2477.5                   -0.0011989969
                    2480                   -0.0012285598
                  2482.5                   -0.0012623612
                    2485                   -0.0012962685
                  2487.5                   -0.0013323582
                    2490                   -0.0013690792
                  2492.5                   -0.0014043622
                    2495                   -0.0014397548
                  2497.5                   -0.0014736976
                    2500                   -0.0015046301
                  2502.5                   -0.0015340912
                    2505                   -0.0015605152
                  2507.5                   -0.0015828488
                    2510                   -0.0016021101
                  2512.5                    -0.001617759
                    2515                   -0.0016297784
                  2517.5                   -0.0016365939
                    2520                   -0.0016407719
                  2522.5                    -0.001640742
                    2525                   -0.0016380363
                  2527.5                   -0.0016316018
                    2530                   -0.0016234973
                  2532.5                   -0.0016126707
                    2535                   -0.0016011846
                  2537.5                    -0.001588516
                    2540                   -0.0015762107
                  2542.5                   -0.0015632342
                    2545                   -0.0015526945
                  2547.5                   -0.0015435621
                    2550                    -0.001537916
                  2552.5                   -0.0015342179
                    2555                   -0.0015345498
                  2557.5                   -0.0015394478
                    2560                   -0.0015484128
                  2562.5                   -0.0015614665
                    2565                   -0.0015801834
                  2567.5                   -0.0016040658
                    2570                   -0.0016315854
                  2572.5                   -0.0016648354
                    2575                   -0.0017017628
                  2577.5                   -0.0017429075
                    2580                   -0.0017882868
                  2582.5                   -0.0018358425
                    2585                   -0.0018866239
                  2587.5                   -0.0019390874
                    2590                   -0.0019927201
                  2592.5                   -0.0020464905
                    2595                   -0.0021003961
                  2597.5                   -0.0021539133
                    2600                   -0.0022054814
                  2602.5                   -0.0022556088
                    2605                   -0.0023016877
                  2607.5                   -0.0023452571
                    2610                   -0.0023847444
                  2612.5                   -0.0024206459
                    2615                   -0.0024529349
                  2617.5                   -0.0024810735
                    2620                   -0.0025045194
                  2622.5                   -0.0025248037
                    2625                   -0.0025408644
                  2627.5                   -0.0025547542
                    2630                   -0.0025649029
                  2632.5                   -0.0025728434
                    2635                    -0.002579079
                  2637.5                   -0.0025841203
                    2640                   -0.0025895119
                  2642.5                   -0.0025952534
                    2645                   -0.0026018596
                  2647.5                   -0.0026103728
                    2650                   -0.0026218385
                  2652.5                   -0.0026373022
                    2655                   -0.0026562635
                  2657.5                   -0.0026808117
                    2660                   -0.0027083795
                  2662.5                   -0.0027431347
                    2665                   -0.0027835518
                  2667.5                   -0.0028286174
                    2670                   -0.0028804328
                  2672.5                   -0.0029379894
                    2675                   -0.0030013149
                  2677.5                      -0.0030694
                    2680                   -0.0031407132
                  2682.5                   -0.0032188994
                    2685                   -0.0032993183
                  2687.5                   -0.0033824993
                    2690                   -0.0034679399
                  2692.5                   -0.0035551254
                    2695                   -0.0036414704
                  2697.5                   -0.0037285241
                    2700                   -0.0038136934
                  2702.5                   -0.0038980018
                    2705                   -0.0039778106
                  2707.5                   -0.0040546533
                    2710                    -0.004128511
                  2712.5                   -0.0041978021
                    2715                   -0.0042619867
                  2717.5                   -0.0043210347
                    2720                   -0.0043759524
                  2722.5                   -0.0044256775
                    2725                   -0.0044701806
                  2727.5                   -0.0045104701
                    2730                   -0.0045470374
                  2732.5                   -0.0045803821
                    2735                   -0.0046094458
                  2737.5                   -0.0046373241
                    2740                   -0.0046640009
                  2742.5                   -0.0046894733
                    2745                   -0.0047158082
                  2747.5                   -0.0047430098
                    2750                   -0.0047726385
                  2752.5                    -0.004804191
                    2755                   -0.0048407876
                  2757.5                   -0.0048808968
                    2760                   -0.0049260962
                  2762.5                   -0.0049758976
                    2765                   -0.0050324002
                  2767.5                   -0.0050940854
                    2770                   -0.0051615028
                  2772.5                   -0.0052346871
                    2775                   -0.0053141862
                  2777.5                    -0.005397964
                    2780                   -0.0054870843
                  2782.5                   -0.0055810585
                    2785                    -0.005677835
                  2787.5                   -0.0057763997
                    2790                   -0.0058772838
                  2792.5                    -0.005979464
                    2795                   -0.0060808702
                  2797.5                   -0.0061789118
                    2800                   -0.0062766892
                  2802.5                    -0.006370501
                    2805                   -0.0064595228
                  2807.5                   -0.0065423906
                    2810                   -0.0066208062
                  2812.5                   -0.0066915938
                    2815                   -0.0067552374
                  2817.5                   -0.0068101455
                    2820                   -0.0068578319
                  2822.5                   -0.0068982593
                    2825                   -0.0069308669
                  2827.5                   -0.0069556182
                    2830                   -0.0069729958
                  2832.5                   -0.0069850334
                    2835                   -0.0069891147
                  2837.5                    -0.006989875
                    2840                   -0.0069857393
                  2842.5                   -0.0069797975
                    2845                   -0.0069710089
                  2847.5                   -0.0069619558
                    2850                   -0.0069531613
                  2852.5                   -0.0069461875
                    2855                    -0.006941049
                  2857.5                   -0.0069393211
                    2860                   -0.0069425846
                  2862.5                   -0.0069498331
                    2865                   -0.0069636928
                  2867.5                   -0.0069836822
                    2870                   -0.0070098437
                  2872.5                   -0.0070427353
                    2875                   -0.0070823998
                  2877.5                   -0.0071278408
                    2880                   -0.0071796204
                  2882.5                   -0.0072362178
                    2885                   -0.0072966276
                  2887.5                    -0.007360885
                    2890                   -0.0074284871
                  2892.5                   -0.0074963492
                    2895                   -0.0075649969
                  2897.5                   -0.0076328788
                    2900                   -0.0076984383
                  2902.5                   -0.0077606284
                    2905                   -0.0078178747
                  2907.5                   -0.0078701535
                    2910                    -0.007914845
                  2912.5                   -0.0079519098
                    2915                   -0.0079813074
                  2917.5                   -0.0080019554
                    2920                   -0.0080127701
                  2922.5                   -0.0080147379
                    2925                   -0.0080078058
                  2927.5                   -0.0079914064
                    2930                   -0.0079665318
                  2932.5                    -0.007933649
                    2935                   -0.0078942735
                  2937.5                   -0.0078494032
                    2940                   -0.0078005655
                  2942.5                   -0.0077466988
                    2945                   -0.0076914123
                  2947.5                   -0.0076347003
                    2950                   -0.0075801915
                  2952.5                   -0.0075273717
                    2955                   -0.0074788495
                  2957.5                   -0.0074351685
                    2960                   -0.0073979186
                  2962.5                   -0.0073686888
                    2965                   -0.0073470105
                  2967.5                   -0.0073350029
                    2970                    -0.007332204
                  2972.5                   -0.0073402278
                    2975                   -0.0073586129
                  2977.5                    -0.007386385
                    2980                    -0.007423596
                  2982.5                   -0.0074697901
                    2985                    -0.007523978
                  2987.5                   -0.0075841348
                    2990                    -0.007650296
                  2992.5                   -0.0077219769
                    2995                   -0.0077960903
                  2997.5                   -0.0078705784
                    3000                   -0.0079459624

