        Frequency / MHz                S1,1/abs,dB
----------------------------------------------------------------------
                     500                  -0.00047771899
                   502.5                  -0.00037662947
                     505                  -0.00028795343
                   507.5                  -0.00021068587
                     510                   -0.0001463879
                   512.5                  -9.3558636e-05
                     515                  -5.2723467e-05
                   517.5                  -2.3917258e-05
                     520                  -6.1326454e-06
                   522.5                   9.1003397e-08
                     525                  -5.2833847e-06
                   527.5                  -2.1746971e-05
                     530                  -4.8835513e-05
                   532.5                  -8.7059101e-05
                     535                  -0.00013647004
                   537.5                   -0.0001929425
                     540                   -0.0002622037
                   542.5                  -0.00034116548
                     545                  -0.00042985049
                   547.5                  -0.00052776013
                     550                  -0.00063494427
                   552.5                  -0.00075037054
                     555                  -0.00087613675
                   557.5                   -0.0010086292
                     560                     -0.00115101
                   562.5                   -0.0013006761
                     565                    -0.001458724
                   567.5                   -0.0016240889
                     570                   -0.0017973465
                   572.5                   -0.0019774595
                     575                   -0.0021634254
                   577.5                   -0.0023568164
                     580                   -0.0025565886
                   582.5                   -0.0027617545
                     585                   -0.0029743875
                   587.5                   -0.0031914061
                     590                   -0.0034153988
                   592.5                    -0.003642255
                     595                   -0.0038750706
                   597.5                   -0.0041123236
                     600                   -0.0043534996
                   602.5                    -0.004600165
                     605                   -0.0048497395
                   607.5                   -0.0051032603
                     610                   -0.0053597204
                   612.5                   -0.0056196276
                     615                   -0.0058814233
                   617.5                   -0.0061472184
                     620                   -0.0064138882
                   622.5                   -0.0066845351
                     625                   -0.0069550502
                   627.5                   -0.0072285131
                     630                   -0.0075038944
                   632.5                   -0.0077791433
                     635                   -0.0080552729
                   637.5                    -0.008332797
                     640                   -0.0086107013
                   642.5                   -0.0088894837
                     645                   -0.0091675762
                   647.5                   -0.0094455075
                     650                   -0.0097237905
                   652.5                    -0.010000334
                     655                    -0.010276704
                   657.5                    -0.010551828
                     660                    -0.010826235
                   662.5                     -0.01109993
                     665                    -0.011370781
                   667.5                    -0.011639853
                     670                    -0.011907103
                   672.5                     -0.01217411
                     675                    -0.012436185
                   677.5                    -0.012696384
                     680                    -0.012955243
                   682.5                    -0.013209282
                     685                     -0.01346221
                   687.5                    -0.013710931
                     690                    -0.013956943
                   692.5                    -0.014199745
                     695                    -0.014439809
                   697.5                    -0.014674732
                     700                    -0.014906096
                   702.5                    -0.015133868
                     705                    -0.015356985
                   707.5                    -0.015576443
                     710                    -0.015792224
                   712.5                    -0.016003816
                     715                    -0.016210122
                   717.5                    -0.016411672
                     720                    -0.016609424
                   722.5                    -0.016802331
                     725                     -0.01698988
                   727.5                    -0.017172565
                     730                    -0.017350773
                   732.5                    -0.017523014
                     735                    -0.017691857
                   737.5                    -0.017854108
                     740                    -0.018011855
                   742.5                    -0.018164527
                     745                     -0.01831159
                   747.5                    -0.018453498
                     750                    -0.018589697
                   752.5                    -0.018721229
                     755                    -0.018847521
                   757.5                     -0.01896756
                     760                     -0.01908275
                   762.5                    -0.019192647
                     765                     -0.01929664
                   767.5                    -0.019395217
                     770                    -0.019488372
                   772.5                    -0.019577086
                     775                     -0.01965875
                   777.5                    -0.019736949
                     780                     -0.01980852
                   782.5                    -0.019876059
                     785                    -0.019937411
                   787.5                    -0.019992547
                     790                    -0.020044044
                   792.5                    -0.020089802
                     795                    -0.020130819
                   797.5                    -0.020166494
                     800                    -0.020197391
                   802.5                     -0.02022338
                     805                    -0.020243978
                   807.5                    -0.020260694
                     810                     -0.02027192
                   812.5                    -0.020279202
                     815                    -0.020280892
                   817.5                    -0.020278555
                     820                    -0.020271649
                   822.5                    -0.020260612
                     825                    -0.020245433
                   827.5                     -0.02022614
                     830                    -0.020201574
                   832.5                    -0.020174795
                     835                    -0.020143291
                   837.5                    -0.020107949
                     840                    -0.020069309
                   842.5                    -0.020026846
                     845                    -0.019980953
                   847.5                    -0.019932191
                     850                    -0.019880524
                   852.5                    -0.019824873
                     855                    -0.019766779
                   857.5                    -0.019706142
                     860                    -0.019640899
                   862.5                    -0.019575238
                     865                    -0.019506411
                   867.5                    -0.019434467
                     870                    -0.019360905
                   872.5                    -0.019285195
                     875                    -0.019207812
                   877.5                    -0.019128739
                     880                    -0.019046872
                   882.5                    -0.018963792
                     885                    -0.018879995
                   887.5                    -0.018795374
                     890                    -0.018707913
                   892.5                    -0.018620683
                     895                    -0.018532065
                   897.5                    -0.018442577
                     900                    -0.018352199
                   902.5                    -0.018262958
                     905                    -0.018171725
                   907.5                    -0.018081104
                     910                    -0.017989987
                   912.5                    -0.017899399
                     915                    -0.017807836
                   917.5                    -0.017717787
                     920                    -0.017628698
                   922.5                    -0.017539067
                     925                    -0.017450381
                   927.5                    -0.017364153
                     930                    -0.017276839
                   932.5                    -0.017191433
                     935                    -0.017107965
                   937.5                    -0.017025857
                     940                    -0.016945114
                   942.5                    -0.016866296
                     945                    -0.016788805
                   947.5                    -0.016713616
                     950                    -0.016640853
                   952.5                    -0.016569844
                     955                    -0.016502217
                   957.5                    -0.016435382
                     960                    -0.016371842
                   962.5                    -0.016311626
                     965                    -0.016253746
                   967.5                    -0.016200145
                     970                    -0.016148257
                   972.5                     -0.01609969
                     975                    -0.016054957
                   977.5                    -0.016013941
                     980                    -0.015976236
                   982.5                    -0.015942767
                     985                    -0.015912088
                   987.5                    -0.015886165
                     990                    -0.015864036
                   992.5                    -0.015846116
                     995                    -0.015831495
                   997.5                    -0.015822137
                    1000                    -0.015817032
                  1002.5                    -0.015816695
                    1005                    -0.015821159
                  1007.5                    -0.015829845
                    1010                     -0.01584276
                  1012.5                    -0.015862049
                    1015                    -0.015885582
                  1017.5                    -0.015914357
                    1020                    -0.015947901
                  1022.5                    -0.015987289
                    1025                    -0.016031437
                  1027.5                    -0.016080885
                    1030                    -0.016136152
                  1032.5                    -0.016197246
                    1035                    -0.016264097
                  1037.5                    -0.016335777
                    1040                     -0.01641326
                  1042.5                    -0.016497143
                    1045                    -0.016586313
                  1047.5                    -0.016681823
                    1050                     -0.01678264
                  1052.5                      -0.0168899
                    1055                    -0.017003531
                  1057.5                    -0.017122476
                    1060                     -0.01724835
                  1062.5                    -0.017379617
                    1065                    -0.017517218
                  1067.5                    -0.017662826
                    1070                     -0.01781226
                  1072.5                    -0.017969669
                    1075                    -0.018132028
                  1077.5                    -0.018301825
                    1080                    -0.018478063
                  1082.5                    -0.018660276
                    1085                     -0.01884949
                  1087.5                    -0.019044174
                    1090                    -0.019245326
                  1092.5                    -0.019454536
                    1095                    -0.019668753
                  1097.5                    -0.019890468
                    1100                    -0.020117221
                  1102.5                    -0.020351025
                    1105                    -0.020592459
                  1107.5                    -0.020838866
                    1110                    -0.021092878
                  1112.5                    -0.021353053
                    1115                    -0.021619262
                  1117.5                    -0.021892088
                    1120                    -0.022171548
                  1122.5                     -0.02245766
                    1125                    -0.022750412
                  1127.5                    -0.023047743
                    1130                    -0.023353327
                  1132.5                    -0.023664032
                    1135                    -0.023981959
                  1137.5                    -0.024305582
                    1140                    -0.024635395
                  1142.5                    -0.024971418
                    1145                    -0.025314147
                  1147.5                    -0.025662592
                    1150                     -0.02601734
                  1152.5                    -0.026377785
                    1155                    -0.026744008
                  1157.5                    -0.027115972
                    1160                    -0.027494202
                  1162.5                    -0.027879223
                    1165                    -0.028269072
                  1167.5                    -0.028664687
                    1170                    -0.029065587
                  1172.5                    -0.029473337
                    1175                    -0.029884842
                  1177.5                    -0.030302741
                    1180                    -0.030726867
                  1182.5                    -0.031154851
                    1185                    -0.031589236
                  1187.5                    -0.032028409
                    1190                    -0.032472928
                  1192.5                    -0.032922787
                    1195                     -0.03337757
                  1197.5                    -0.033836639
                    1200                    -0.034300586
                  1202.5                    -0.034770347
                    1205                    -0.035244031
                  1207.5                     -0.03572254
                    1210                    -0.036205429
                  1212.5                    -0.036693195
                    1215                    -0.037185197
                  1217.5                    -0.037680717
                    1220                    -0.038180963
                  1222.5                    -0.038685688
                    1225                    -0.039194252
                  1227.5                     -0.03970715
                    1230                    -0.040223305
                  1232.5                    -0.040743411
                    1235                    -0.041266828
                  1237.5                    -0.041794622
                    1240                    -0.042325144
                  1242.5                    -0.042859025
                    1245                    -0.043396761
                  1247.5                    -0.043937274
                    1250                    -0.044481699
                  1252.5                     -0.04502825
                    1255                     -0.04557813
                  1257.5                    -0.046130763
                    1260                    -0.046686278
                  1262.5                    -0.047244466
                    1265                    -0.047804886
                  1267.5                    -0.048368103
                    1270                    -0.048933471
                  1272.5                    -0.049501052
                    1275                    -0.050070339
                  1277.5                    -0.050642259
                    1280                    -0.051215302
                  1282.5                    -0.051790532
                    1285                    -0.052367875
                  1287.5                    -0.052947464
                    1290                    -0.053526433
                  1292.5                    -0.054109642
                    1295                    -0.054692217
                  1297.5                     -0.05527644
                    1300                    -0.055862162
                  1302.5                    -0.056448375
                    1305                    -0.057035428
                  1307.5                    -0.057624103
                    1310                     -0.05821253
                  1312.5                    -0.058802565
                    1315                    -0.059391764
                  1317.5                    -0.059983412
                    1320                    -0.060573853
                  1322.5                     -0.06116458
                    1325                    -0.061756087
                  1327.5                    -0.062346789
                    1330                    -0.062937181
                  1332.5                    -0.063529327
                    1335                     -0.06411857
                  1337.5                    -0.064709903
                    1340                    -0.065299241
                  1342.5                    -0.065888799
                    1345                    -0.066477271
                  1347.5                    -0.067065146
                    1350                     -0.06765264
                  1352.5                    -0.068237868
                    1355                    -0.068823121
                  1357.5                    -0.069407088
                    1360                    -0.069989757
                  1362.5                    -0.070571422
                    1365                    -0.071150695
                  1367.5                    -0.071728834
                    1370                    -0.072306824
                  1372.5                    -0.072881917
                    1375                    -0.073454963
                  1377.5                    -0.074026137
                    1380                    -0.074596385
                  1382.5                    -0.075164886
                    1385                    -0.075730529
                  1387.5                    -0.076293815
                    1390                    -0.076854901
                  1392.5                    -0.077414277
                    1395                    -0.077971415
                  1397.5                    -0.078525147
                    1400                    -0.079077706
                  1402.5                    -0.079626567
                    1405                    -0.080173865
                  1407.5                    -0.080716255
                    1410                    -0.081257889
                  1412.5                    -0.081795505
                    1415                    -0.082330342
                  1417.5                    -0.082862465
                    1420                    -0.083391121
                  1422.5                    -0.083916035
                    1425                    -0.084438444
                  1427.5                    -0.084957913
                    1430                    -0.085472853
                  1432.5                    -0.085985734
                    1435                    -0.086494884
                  1437.5                    -0.086998875
                    1440                    -0.087501088
                  1442.5                    -0.087998938
                    1445                    -0.088492487
                  1447.5                    -0.088983045
                    1450                    -0.089470175
                  1452.5                    -0.089952538
                    1455                    -0.090430856
                  1457.5                    -0.090906598
                    1460                    -0.091377015
                  1462.5                    -0.091843491
                    1465                     -0.09230617
                  1467.5                    -0.092763957
                    1470                    -0.093219721
                  1472.5                    -0.093669307
                    1475                    -0.094114757
                  1477.5                    -0.094556219
                    1480                    -0.094992995
                  1482.5                    -0.095425735
                    1485                    -0.095854404
                  1487.5                    -0.096277662
                    1490                    -0.096696886
                  1492.5                    -0.097112458
                    1495                    -0.097522699
                  1497.5                    -0.097927753
                    1500                    -0.098329575
                  1502.5                    -0.098725406
                    1505                    -0.099117692
                  1507.5                    -0.099505009
                    1510                    -0.099887244
                  1512.5                     -0.10026452
                    1515                     -0.10063822
                  1517.5                      -0.1010055
                    1520                     -0.10136989
                  1522.5                     -0.10172887
                    1525                     -0.10208316
                  1527.5                      -0.1024318
                    1530                     -0.10277659
                  1532.5                     -0.10311576
                    1535                     -0.10345051
                  1537.5                     -0.10378014
                    1540                     -0.10410545
                  1542.5                     -0.10442638
                    1545                     -0.10474088
                  1547.5                     -0.10505232
                    1550                     -0.10535815
                  1552.5                     -0.10565896
                    1555                     -0.10595455
                  1557.5                     -0.10624582
                    1560                      -0.1065322
                  1562.5                     -0.10681391
                    1565                     -0.10709083
                  1567.5                     -0.10736256
                    1570                     -0.10762993
                  1572.5                     -0.10789279
                    1575                     -0.10815035
                  1577.5                     -0.10840265
                    1580                     -0.10865123
                  1582.5                     -0.10889421
                    1585                     -0.10913369
                  1587.5                     -0.10936757
                    1590                     -0.10959671
                  1592.5                     -0.10982155
                    1595                     -0.11004117
                  1597.5                     -0.11025729
                    1600                     -0.11046724
                  1602.5                      -0.1106736
                    1605                     -0.11087527
                  1607.5                      -0.1110721
                    1610                     -0.11126561
                  1612.5                      -0.1114541
                    1615                     -0.11163802
                  1617.5                     -0.11181673
                    1620                     -0.11199165
                  1622.5                     -0.11216224
                    1625                     -0.11232896
                  1627.5                     -0.11249116
                    1630                      -0.1126492
                  1632.5                      -0.1128035
                    1635                     -0.11295255
                  1637.5                     -0.11309817
                    1640                     -0.11323815
                  1642.5                     -0.11337606
                    1645                     -0.11350959
                  1647.5                     -0.11363879
                    1650                      -0.1137638
                  1652.5                     -0.11388614
                    1655                     -0.11400272
                  1657.5                     -0.11411681
                    1660                     -0.11422717
                  1662.5                     -0.11433308
                    1665                     -0.11443564
                  1667.5                     -0.11453509
                    1670                      -0.1146305
                  1672.5                     -0.11472161
                    1675                     -0.11481078
                  1677.5                     -0.11489633
                    1680                     -0.11497759
                  1682.5                     -0.11505635
                    1685                     -0.11513139
                  1687.5                     -0.11520303
                    1690                      -0.1152719
                  1692.5                     -0.11533714
                    1695                     -0.11540034
                  1697.5                      -0.1154598
                    1700                     -0.11551593
                  1702.5                     -0.11556942
                    1705                     -0.11562084
                  1707.5                      -0.1156688
                    1710                     -0.11571462
                  1712.5                     -0.11575728
                    1715                     -0.11579783
                  1717.5                     -0.11583487
                    1720                     -0.11586988
                  1722.5                     -0.11590354
                    1725                     -0.11593301
                  1727.5                     -0.11596138
                    1730                     -0.11598675
                  1732.5                     -0.11601039
                    1735                     -0.11603206
                  1737.5                     -0.11605154
                    1740                     -0.11606881
                  1742.5                     -0.11608433
                    1745                     -0.11609861
                  1747.5                     -0.11611023
                    1750                     -0.11612037
                  1752.5                     -0.11612866
                    1755                     -0.11613567
                  1757.5                     -0.11614096
                    1760                     -0.11614456
                  1762.5                     -0.11614711
                    1765                     -0.11614819
                  1767.5                     -0.11614807
                    1770                      -0.1161462
                  1772.5                     -0.11614394
                    1775                     -0.11614013
                  1777.5                      -0.1161348
                    1780                      -0.1161293
                  1782.5                     -0.11612333
                    1785                     -0.11611607
                  1787.5                     -0.11610759
                    1790                     -0.11609954
                  1792.5                     -0.11609032
                    1795                      -0.1160795
                  1797.5                     -0.11606876
                    1800                     -0.11605836
                  1802.5                      -0.1160468
                    1805                     -0.11603566
                  1807.5                     -0.11602471
                    1810                     -0.11601245
                  1812.5                     -0.11600057
                    1815                     -0.11598956
                  1817.5                      -0.1159771
                    1820                     -0.11596508
                  1822.5                     -0.11595379
                    1825                     -0.11594287
                  1827.5                     -0.11593236
                    1830                     -0.11592182
                  1832.5                     -0.11591183
                    1835                     -0.11590279
                  1837.5                       -0.115894
                    1840                     -0.11588655
                  1842.5                     -0.11587915
                    1845                     -0.11587241
                  1847.5                     -0.11586764
                    1850                     -0.11586298
                  1852.5                     -0.11585868
                    1855                     -0.11585556
                  1857.5                     -0.11585553
                    1860                     -0.11585542
                  1862.5                     -0.11585736
                    1865                     -0.11585889
                  1867.5                     -0.11586343
                    1870                     -0.11586911
                  1872.5                     -0.11587616
                    1875                     -0.11588519
                  1877.5                     -0.11589549
                    1880                     -0.11590825
                  1882.5                      -0.1159231
                    1885                     -0.11593819
                  1887.5                     -0.11595691
                    1890                     -0.11597599
                  1892.5                     -0.11599846
                    1895                     -0.11602293
                  1897.5                     -0.11604904
                    1900                     -0.11607795
                  1902.5                     -0.11610967
                    1905                     -0.11614336
                  1907.5                     -0.11618009
                    1910                      -0.1162175
                  1912.5                     -0.11625875
                    1915                     -0.11630241
                  1917.5                      -0.1163492
                    1920                     -0.11639874
                  1922.5                     -0.11645171
                    1925                     -0.11650614
                  1927.5                     -0.11656399
                    1930                     -0.11662559
                  1932.5                     -0.11668978
                    1935                     -0.11675696
                  1937.5                     -0.11682801
                    1940                     -0.11690212
                  1942.5                     -0.11697887
                    1945                      -0.1170601
                  1947.5                     -0.11714391
                    1950                     -0.11723167
                  1952.5                     -0.11732299
                    1955                     -0.11741744
                  1957.5                     -0.11751623
                    1960                     -0.11761808
                  1962.5                     -0.11772352
                    1965                     -0.11783461
                  1967.5                     -0.11794797
                    1970                     -0.11806461
                  1972.5                     -0.11818753
                    1975                     -0.11831227
                  1977.5                     -0.11844149
                    1980                     -0.11857576
                  1982.5                     -0.11871474
                    1985                     -0.11885606
                  1987.5                     -0.11900322
                    1990                     -0.11915314
                  1992.5                     -0.11930891
                    1995                     -0.11946947
                  1997.5                     -0.11963323
                    2000                     -0.11980122
                  2002.5                     -0.11997515
                    2005                     -0.12015227
                  2007.5                     -0.12033566
                    2010                      -0.1205229
                  2012.5                     -0.12071447
                    2015                     -0.12091156
                  2017.5                     -0.12111363
                    2020                     -0.12132063
                  2022.5                     -0.12153129
                    2025                     -0.12174824
                  2027.5                     -0.12196881
                    2030                     -0.12219497
                  2032.5                     -0.12242663
                    2035                     -0.12266319
                  2037.5                     -0.12290537
                    2040                     -0.12315198
                  2042.5                     -0.12340359
                    2045                     -0.12366095
                  2047.5                     -0.12392412
                    2050                     -0.12419256
                  2052.5                     -0.12446512
                    2055                     -0.12474441
                  2057.5                     -0.12502915
                    2060                     -0.12531872
                  2062.5                     -0.12561355
                    2065                     -0.12591382
                  2067.5                     -0.12621995
                    2070                     -0.12653174
                  2072.5                     -0.12684962
                    2075                     -0.12717207
                  2077.5                      -0.1275009
                    2080                     -0.12783507
                  2082.5                     -0.12817485
                    2085                     -0.12852058
                  2087.5                     -0.12887216
                    2090                     -0.12922955
                  2092.5                     -0.12959284
                    2095                     -0.12996182
                  2097.5                      -0.1303363
                    2100                     -0.13071707
                  2102.5                     -0.13110481
                    2105                      -0.1314961
                  2107.5                     -0.13189508
                    2110                     -0.13229937
                  2112.5                     -0.13270905
                    2115                     -0.13312564
                  2117.5                     -0.13354847
                    2120                     -0.13397588
                  2122.5                     -0.13441053
                    2125                     -0.13485094
                  2127.5                      -0.1352971
                    2130                     -0.13574913
                  2132.5                     -0.13620865
                    2135                     -0.13667182
                  2137.5                     -0.13714214
                    2140                     -0.13762015
                  2142.5                     -0.13810222
                    2145                     -0.13859151
                  2147.5                     -0.13908755
                    2150                     -0.13958782
                  2152.5                     -0.14009497
                    2155                     -0.14060977
                  2157.5                     -0.14112916
                    2160                     -0.14165541
                  2162.5                     -0.14218805
                    2165                     -0.14272736
                  2167.5                     -0.14327255
                    2170                     -0.14382305
                  2172.5                     -0.14438029
                    2175                      -0.1449439
                  2177.5                     -0.14551308
                    2180                     -0.14608977
                  2182.5                     -0.14667118
                    2185                     -0.14726114
                  2187.5                     -0.14785558
                    2190                     -0.14845654
                  2192.5                     -0.14906363
                    2195                     -0.14967647
                  2197.5                     -0.15029758
                    2200                     -0.15092346
                  2202.5                     -0.15155639
                    2205                     -0.15219589
                  2207.5                     -0.15284177
                    2210                     -0.15349288
                  2212.5                     -0.15415019
                    2215                     -0.15481627
                  2217.5                     -0.15548627
                    2220                     -0.15616383
                  2222.5                     -0.15684735
                    2225                     -0.15753631
                  2227.5                     -0.15823306
                    2230                     -0.15893471
                  2232.5                     -0.15964462
                    2235                     -0.16035977
                  2237.5                     -0.16108163
                    2240                       -0.161811
                  2242.5                     -0.16254362
                    2245                     -0.16328552
                  2247.5                      -0.1640339
                    2250                     -0.16478722
                  2252.5                     -0.16554795
                    2255                     -0.16631425
                  2257.5                     -0.16708766
                    2260                     -0.16786929
                  2262.5                      -0.1686546
                    2265                     -0.16944758
                  2267.5                     -0.17024775
                    2270                     -0.17105426
                  2272.5                     -0.17186582
                    2275                     -0.17268537
                  2277.5                     -0.17351147
                    2280                     -0.17434399
                  2282.5                     -0.17518347
                    2285                     -0.17602866
                  2287.5                     -0.17688184
                    2290                     -0.17774073
                  2292.5                     -0.17860797
                    2295                     -0.17948052
                  2297.5                     -0.18035979
                    2300                     -0.18124616
                  2302.5                     -0.18214006
                    2305                     -0.18304021
                  2307.5                     -0.18394691
                    2310                      -0.1848614
                  2312.5                     -0.18578345
                    2315                     -0.18671152
                  2317.5                      -0.1876467
                    2320                     -0.18858929
                  2322.5                     -0.18953886
                    2325                     -0.19049678
                  2327.5                     -0.19146032
                    2330                     -0.19243203
                  2332.5                     -0.19341105
                    2335                     -0.19439726
                  2337.5                     -0.19539131
                    2340                     -0.19639193
                  2342.5                     -0.19740052
                    2345                     -0.19841805
                  2347.5                     -0.19944212
                    2350                     -0.20047447
                  2352.5                     -0.20151344
                    2355                     -0.20256262
                  2357.5                     -0.20361845
                    2360                     -0.20468191
                  2362.5                     -0.20575391
                    2365                      -0.2068339
                  2367.5                     -0.20792244
                    2370                     -0.20902005
                  2372.5                     -0.21012543
                    2375                      -0.2112391
                  2377.5                     -0.21236343
                    2380                     -0.21349407
                  2382.5                     -0.21463531
                    2385                     -0.21578353
                  2387.5                      -0.2169429
                    2390                      -0.2181106
                  2392.5                     -0.21928818
                    2395                     -0.22047469
                  2397.5                     -0.22167013
                    2400                     -0.22287612
                  2402.5                     -0.22409124
                    2405                     -0.22531665
                  2407.5                     -0.22655196
                    2410                     -0.22779776
                  2412.5                     -0.22905356
                    2415                     -0.23031981
                  2417.5                     -0.23159694
                    2420                     -0.23288524
                  2422.5                     -0.23418294
                    2425                     -0.23549405
                  2427.5                     -0.23681418
                    2430                     -0.23814697
                  2432.5                     -0.23949051
                    2435                     -0.24084622
                  2437.5                     -0.24221374
                    2440                      -0.2435933
                  2442.5                     -0.24498526
                    2445                     -0.24638986
                  2447.5                     -0.24780598
                    2450                     -0.24923637
                  2452.5                     -0.25067923
                    2455                     -0.25213602
                  2457.5                     -0.25360536
                    2460                     -0.25508823
                  2462.5                     -0.25658569
                    2465                     -0.25809608
                  2467.5                     -0.25962295
                    2470                     -0.26116313
                  2472.5                     -0.26271771
                    2475                     -0.26428684
                  2477.5                     -0.26587151
                    2480                     -0.26747325
                  2482.5                     -0.26908938
                    2485                     -0.27072099
                  2487.5                     -0.27237009
                    2490                     -0.27403601
                  2492.5                     -0.27571754
                    2495                     -0.27741699
                  2497.5                     -0.27913376
                    2500                     -0.28086819
                  2502.5                     -0.28261969
                    2505                     -0.28438973
                  2507.5                     -0.28617896
                    2510                     -0.28798725
                  2512.5                       -0.289813
                    2515                     -0.29166072
                  2517.5                     -0.29352609
                    2520                     -0.29541236
                  2522.5                     -0.29731819
                    2525                     -0.29924485
                  2527.5                     -0.30119401
                    2530                     -0.30316283
                  2532.5                     -0.30515415
                    2535                     -0.30716779
                  2537.5                     -0.30920419
                    2540                     -0.31126268
                  2542.5                     -0.31334397
                    2545                     -0.31544857
                  2547.5                     -0.31757878
                    2550                     -0.31973093
                  2552.5                     -0.32190862
                    2555                     -0.32411229
                  2557.5                     -0.32634076
                    2560                     -0.32859469
                  2562.5                     -0.33087485
                    2565                     -0.33318096
                  2567.5                     -0.33551486
                    2570                     -0.33787634
                  2572.5                     -0.34026586
                    2575                     -0.34268234
                  2577.5                     -0.34512924
                    2580                     -0.34760441
                  2582.5                     -0.35010812
                    2585                     -0.35264183
                  2587.5                     -0.35520711
                    2590                     -0.35780395
                  2592.5                     -0.36043042
                    2595                      -0.3630875
                  2597.5                     -0.36577895
                    2600                     -0.36850206
                  2602.5                     -0.37125907
                    2605                     -0.37404795
                  2607.5                     -0.37687178
                    2610                     -0.37973069
                  2612.5                     -0.38262297
                    2615                     -0.38555241
                  2617.5                     -0.38851735
                    2620                     -0.39151792
                  2622.5                     -0.39455591
                    2625                     -0.39763126
                  2627.5                     -0.40074412
                    2630                     -0.40389536
                  2632.5                     -0.40708522
                    2635                      -0.4103149
                  2637.5                     -0.41358459
                    2640                     -0.41689513
                  2642.5                     -0.42024556
                    2645                     -0.42363739
                  2647.5                     -0.42707175
                    2650                     -0.43054848
                  2652.5                     -0.43406779
                    2655                     -0.43763005
                  2657.5                     -0.44123721
                    2660                     -0.44488827
                  2662.5                     -0.44858548
                    2665                     -0.45232678
                  2667.5                     -0.45611533
                    2670                     -0.45994972
                  2672.5                     -0.46383197
                    2675                      -0.4677612
                  2677.5                      -0.4717387
                    2680                     -0.47576455
                  2682.5                     -0.47984164
                    2685                     -0.48396685
                  2687.5                     -0.48814267
                    2690                     -0.49236945
                  2692.5                     -0.49664795
                    2695                     -0.50097869
                  2697.5                     -0.50536192
                    2700                     -0.50979791
                  2702.5                     -0.51428758
                    2705                     -0.51883076
                  2707.5                     -0.52342898
                    2710                      -0.5280829
                  2712.5                     -0.53279229
                    2715                     -0.53755857
                  2717.5                     -0.54238084
                    2720                     -0.54726022
                  2722.5                      -0.5521976
                    2725                     -0.55719444
                  2727.5                     -0.56224958
                    2730                     -0.56736375
                  2732.5                     -0.57253694
                    2735                     -0.57777199
                  2737.5                     -0.58306807
                    2740                     -0.58842576
                  2742.5                      -0.5938453
                    2745                     -0.59932684
                  2747.5                     -0.60487154
                    2750                     -0.61047878
                  2752.5                     -0.61615211
                    2755                     -0.62188819
                  2757.5                     -0.62769119
                    2760                     -0.63355867
                  2762.5                     -0.63949139
                    2765                     -0.64549055
                  2767.5                     -0.65155653
                    2770                     -0.65769059
                  2772.5                     -0.66389264
                    2775                     -0.67016309
                  2777.5                     -0.67650155
                    2780                     -0.68290955
                  2782.5                     -0.68938632
                    2785                     -0.69593424
                  2787.5                     -0.70255165
                    2790                      -0.7092407
                  2792.5                     -0.71599973
                    2795                     -0.72283185
                  2797.5                     -0.72973528
                    2800                     -0.73671152
                  2802.5                      -0.7437598
                    2805                     -0.75088265
                  2807.5                     -0.75807804
                    2810                     -0.76534704
                  2812.5                     -0.77269017
                    2815                     -0.78010816
                  2817.5                     -0.78760069
                    2820                      -0.7951693
                  2822.5                     -0.80281248
                    2825                     -0.81053121
                  2827.5                     -0.81832606
                    2830                     -0.82619832
                  2832.5                     -0.83414587
                    2835                     -0.84217055
                  2837.5                     -0.85027185
                    2840                     -0.85845203
                  2842.5                     -0.86670772
                    2845                     -0.87504204
                  2847.5                     -0.88345237
                    2850                      -0.8919428
                  2852.5                     -0.90051086
                    2855                     -0.90915602
                  2857.5                     -0.91788074
                    2860                     -0.92668359
                  2862.5                     -0.93556586
                    2865                     -0.94452542
                  2867.5                     -0.95356477
                    2870                     -0.96268238
                  2872.5                     -0.97187843
                    2875                     -0.98115421
                  2877.5                     -0.99050826
                    2880                     -0.99994019
                  2882.5                      -1.0094519
                    2885                      -1.0190425
                  2887.5                      -1.0287108
                    2890                      -1.0384591
                  2892.5                      -1.0482846
                    2895                      -1.0581889
                  2897.5                      -1.0681712
                    2900                      -1.0782316
                  2902.5                      -1.0883703
                    2905                      -1.0985847
                  2907.5                      -1.1088774
                    2910                      -1.1192478
                  2912.5                      -1.1296948
                    2915                      -1.1402178
                  2917.5                      -1.1508179
                    2920                      -1.1614928
                  2922.5                      -1.1722444
                    2925                      -1.1830711
                  2927.5                       -1.193971
                    2930                      -1.2049462
                  2932.5                      -1.2159954
                    2935                      -1.2271175
                  2937.5                      -1.2383123
                    2940                      -1.2495789
                  2942.5                      -1.2609187
                    2945                      -1.2723298
                  2947.5                      -1.2838108
                    2950                       -1.295361
                  2952.5                      -1.3069814
                    2955                      -1.3186705
                  2957.5                      -1.3304268
                    2960                      -1.3422502
                  2962.5                      -1.3541399
                    2965                      -1.3660962
                  2967.5                      -1.3781166
                    2970                      -1.3902009
                  2972.5                      -1.4023484
                    2975                      -1.4145577
                  2977.5                      -1.4268285
                    2980                      -1.4391604
                  2982.5                      -1.4515498
                    2985                      -1.4639974
                  2987.5                      -1.4765026
                    2990                      -1.4890643
                  2992.5                      -1.5016799
                    2995                      -1.5143511
                  2997.5                      -1.5270734
                    3000                      -1.5398476

