        Frequency / MHz                S1,1/abs,dB
----------------------------------------------------------------------
                     500                     -0.25520496
                   502.5                     -0.27453223
                     505                      -0.2917758
                   507.5                     -0.30675415
                     510                     -0.31930921
                   512.5                     -0.32930848
                     515                     -0.33664763
                   517.5                     -0.34124999
                     520                     -0.34307227
                   522.5                     -0.34209748
                     525                     -0.33834354
                   527.5                     -0.33185967
                     530                     -0.32272606
                   532.5                     -0.31104865
                     535                     -0.29696626
                   537.5                     -0.28063938
                     540                      -0.2622552
                   542.5                     -0.24201886
                     545                     -0.22015432
                   547.5                     -0.19689962
                     550                     -0.17250751
                   552.5                     -0.14723676
                     555                      -0.1213523
                   557.5                    -0.095124342
                     560                    -0.068821012
                   562.5                    -0.042711027
                     565                    -0.017055531
                   567.5                    0.0078842555
                     570                     0.031863883
                   572.5                     0.054640787
                     575                     0.075985537
                   577.5                     0.095683012
                     580                      0.11352776
                   582.5                      0.12933084
                     585                      0.14291532
                   587.5                      0.15411978
                     590                      0.16279982
                   592.5                      0.16882495
                     595                      0.17207906
                   597.5                      0.17246419
                     600                       0.1698993
                   602.5                      0.16431684
                     605                      0.15566656
                   607.5                      0.14391606
                     610                      0.12904746
                   612.5                      0.11106129
                     615                     0.089972551
                   617.5                     0.065817364
                     620                     0.038643225
                   622.5                    0.0085205932
                     625                    -0.024465598
                   627.5                    -0.060214654
                     630                    -0.098603387
                   632.5                     -0.13949327
                     635                     -0.18272859
                   637.5                     -0.22813383
                     640                     -0.27551718
                   642.5                     -0.32466682
                     645                     -0.37535712
                   647.5                     -0.42734099
                     650                      -0.4803607
                   652.5                     -0.53413696
                     655                     -0.58838044
                   657.5                     -0.64279105
                     660                     -0.69705522
                   662.5                     -0.75084698
                     665                     -0.80384319
                   667.5                     -0.85570937
                     670                     -0.90611578
                   672.5                     -0.95473176
                     675                      -1.0012373
                   677.5                      -1.0453189
                     680                      -1.0866817
                   682.5                      -1.1250463
                     685                      -1.1601567
                   687.5                      -1.1917831
                     690                      -1.2197255
                   692.5                      -1.2438156
                     695                      -1.2639224
                   697.5                      -1.2799515
                     700                      -1.2918452
                   702.5                      -1.2995915
                     705                      -1.3032104
                   707.5                      -1.3027654
                     710                      -1.2983574
                   712.5                      -1.2901194
                     715                       -1.278223
                   717.5                      -1.2628652
                     720                      -1.2442694
                   722.5                      -1.2226805
                     725                       -1.198368
                   727.5                      -1.1716078
                     730                       -1.142691
                   732.5                      -1.1119153
                     735                      -1.0795785
                   737.5                      -1.0459829
                     740                      -1.0114198
                   742.5                      -0.9761818
                     745                     -0.94054831
                   747.5                     -0.90478829
                     750                     -0.86915969
                   752.5                     -0.83390535
                     755                     -0.79925116
                   757.5                     -0.76540995
                     760                     -0.73257397
                   762.5                     -0.70092143
                     765                     -0.67061187
                   767.5                     -0.64178591
                     770                     -0.61456687
                   772.5                     -0.58906301
                     775                     -0.56536401
                   777.5                     -0.54354136
                     780                     -0.52365107
                   782.5                     -0.50573472
                     785                     -0.48981762
                   787.5                     -0.47590794
                     790                     -0.46400279
                   792.5                     -0.45408329
                     795                     -0.44611902
                   797.5                     -0.44006608
                     800                     -0.43586807
                   802.5                     -0.43345772
                     805                     -0.43275686
                   807.5                     -0.43367979
                     810                     -0.43612769
                   812.5                     -0.43999504
                     815                     -0.44516901
                   817.5                     -0.45152981
                     820                     -0.45895111
                   822.5                     -0.46730278
                     825                     -0.47645023
                   827.5                     -0.48625255
                     830                     -0.49657021
                   832.5                      -0.5072642
                     835                     -0.51819015
                   837.5                     -0.52921188
                     840                     -0.54018841
                   842.5                      -0.5509867
                     845                     -0.56148004
                   847.5                     -0.57154092
                     850                     -0.58105775
                   852.5                     -0.58991723
                     855                     -0.59802093
                   857.5                      -0.6052804
                     860                     -0.61161487
                   862.5                     -0.61695498
                     865                     -0.62124636
                   867.5                     -0.62444178
                     870                      -0.6265106
                   872.5                      -0.6274319
                     875                      -0.6271992
                   877.5                      -0.6258161
                     880                      -0.6233003
                   882.5                     -0.61967973
                     885                      -0.6149937
                   887.5                     -0.60928965
                     890                     -0.60262914
                   892.5                     -0.59507539
                     895                     -0.58670629
                   897.5                     -0.57760177
                     900                     -0.56784835
                   902.5                     -0.55753568
                     905                      -0.5467594
                   907.5                     -0.53561584
                     910                     -0.52420446
                   912.5                     -0.51261992
                     915                     -0.50096251
                   917.5                     -0.48932654
                     920                      -0.4778068
                   922.5                     -0.46649067
                     925                     -0.45546716
                   927.5                     -0.44481716
                     930                     -0.43461611
                   932.5                     -0.42493699
                     935                     -0.41584218
                   937.5                      -0.4073914
                     940                     -0.39963703
                   942.5                     -0.39262354
                     945                     -0.38638676
                   947.5                     -0.38096053
                     950                     -0.37636657
                   952.5                     -0.37261976
                     955                     -0.36973347
                   957.5                     -0.36770444
                     960                     -0.36653246
                   962.5                     -0.36620158
                     965                     -0.36669672
                   967.5                     -0.36799399
                     970                     -0.37006222
                   972.5                     -0.37286506
                     975                     -0.37636303
                   977.5                     -0.38051189
                     980                     -0.38525906
                   982.5                     -0.39055377
                     985                     -0.39633769
                   987.5                     -0.40255183
                     990                     -0.40913409
                   992.5                     -0.41602192
                     995                     -0.42315021
                   997.5                     -0.43045331
                    1000                     -0.43786681
                  1002.5                     -0.44532602
                    1005                     -0.45276755
                  1007.5                     -0.46013058
                    1010                     -0.46735539
                  1012.5                     -0.47438532
                    1015                     -0.48116781
                  1017.5                     -0.48765376
                    1020                     -0.49379776
                  1022.5                      -0.4995588
                    1025                     -0.50490305
                  1027.5                     -0.50979805
                    1030                     -0.51422053
                  1032.5                     -0.51814966
                    1035                     -0.52157365
                  1037.5                     -0.52448416
                    1040                     -0.52687804
                  1042.5                     -0.52875803
                    1045                     -0.53013462
                  1047.5                     -0.53102321
                    1050                     -0.53144051
                  1052.5                     -0.53141072
                    1055                     -0.53096432
                  1057.5                     -0.53013253
                    1060                     -0.52895102
                  1062.5                     -0.52745987
                    1065                     -0.52570046
                  1067.5                      -0.5237178
                    1070                     -0.52155618
                  1072.5                     -0.51926652
                    1075                       -0.516892
                  1077.5                     -0.51448343
                    1080                     -0.51208953
                  1082.5                     -0.50975712
                    1085                     -0.50753197
                  1087.5                     -0.50545965
                    1090                     -0.50358348
                  1092.5                     -0.50194292
                    1095                      -0.5005781
                  1097.5                     -0.49952256
                    1100                     -0.49881036
                  1102.5                     -0.49846854
                    1105                     -0.49852481
                  1107.5                     -0.49899824
                    1110                     -0.49990848
                  1112.5                     -0.50127064
                    1115                     -0.50309301
                  1117.5                     -0.50538192
                    1120                     -0.50814101
                  1122.5                     -0.51136673
                    1125                      -0.5150541
                  1127.5                     -0.51919489
                    1130                     -0.52377519
                  1132.5                     -0.52877883
                    1135                     -0.53418752
                  1137.5                     -0.53997701
                    1140                     -0.54612324
                  1142.5                     -0.55259879
                    1145                     -0.55937112
                  1147.5                     -0.56641075
                    1150                      -0.5736836
                  1152.5                     -0.58115238
                    1155                     -0.58878457
                  1157.5                     -0.59654121
                    1160                     -0.60438502
                  1162.5                     -0.61228045
                    1165                     -0.62018922
                  1167.5                     -0.62807675
                    1170                      -0.6359084
                  1172.5                      -0.6436483
                    1175                     -0.65126627
                  1177.5                     -0.65873133
                    1180                     -0.66601722
                  1182.5                     -0.67309548
                    1185                     -0.67994676
                  1187.5                     -0.68654937
                    1190                     -0.69288557
                  1192.5                      -0.6989432
                    1195                     -0.70470993
                  1197.5                     -0.71017932
                    1200                     -0.71534715
                  1202.5                     -0.72021271
                    1205                     -0.72477783
                  1207.5                     -0.72904796
                    1210                     -0.73303267
                  1212.5                     -0.73674272
                    1215                     -0.74019188
                  1217.5                     -0.74339795
                    1220                     -0.74637922
                  1222.5                     -0.74915699
                    1225                      -0.7517531
                  1227.5                     -0.75419447
                    1230                     -0.75650526
                  1232.5                     -0.75871074
                    1235                     -0.76084191
                  1237.5                     -0.76292412
                    1240                     -0.76498511
                  1242.5                     -0.76705447
                    1245                     -0.76915673
                  1247.5                     -0.77132061
                    1250                     -0.77357004
                  1252.5                     -0.77592974
                    1255                     -0.77842305
                  1257.5                      -0.7810692
                    1260                     -0.78388781
                  1262.5                     -0.78689674
                    1265                     -0.79010989
                  1267.5                     -0.79353888
                    1270                     -0.79719481
                  1272.5                     -0.80108496
                    1275                     -0.80521221
                  1277.5                      -0.8095796
                    1280                     -0.81418641
                  1282.5                     -0.81902934
                    1285                     -0.82410244
                  1287.5                     -0.82939611
                    1290                       -0.834901
                  1292.5                      -0.8406023
                    1295                     -0.84648379
                  1297.5                     -0.85252781
                    1300                     -0.85871579
                  1302.5                     -0.86502485
                    1305                     -0.87143287
                  1307.5                     -0.87791338
                    1310                     -0.88444239
                  1312.5                     -0.89099148
                    1315                     -0.89753407
                  1317.5                     -0.90404314
                    1320                     -0.91048891
                  1322.5                     -0.91684397
                    1325                     -0.92308151
                  1327.5                     -0.92917369
                    1330                      -0.9350932
                  1332.5                     -0.94081684
                    1335                     -0.94631849
                  1337.5                     -0.95157724
                    1340                     -0.95657101
                  1342.5                     -0.96128172
                    1345                     -0.96569303
                  1347.5                     -0.96978796
                    1350                     -0.97355644
                  1352.5                     -0.97698718
                    1355                     -0.98007289
                  1357.5                     -0.98281027
                    1360                     -0.98519421
                  1362.5                     -0.98722761
                    1365                     -0.98891098
                  1367.5                     -0.99025049
                    1370                     -0.99125338
                  1372.5                     -0.99193139
                    1375                      -0.9922932
                  1377.5                     -0.99235666
                    1380                     -0.99213651
                  1382.5                     -0.99164908
                    1385                     -0.99091576
                  1387.5                     -0.98995598
                    1390                     -0.98879248
                  1392.5                     -0.98744723
                    1395                     -0.98594316
                  1397.5                      -0.9843042
                    1400                     -0.98255564
                  1402.5                     -0.98071979
                    1405                     -0.97882198
                  1407.5                     -0.97688266
                    1410                     -0.97492734
                  1412.5                      -0.9729756
                    1415                     -0.97104982
                  1417.5                     -0.96916887
                    1420                       -0.967351
                  1422.5                     -0.96561329
                    1425                     -0.96396877
                  1427.5                     -0.96243283
                    1430                     -0.96101513
                  1432.5                     -0.95972597
                    1435                     -0.95857342
                  1437.5                      -0.9575628
                    1440                     -0.95669661
                  1442.5                     -0.95597752
                    1445                     -0.95540424
                  1447.5                     -0.95497451
                    1450                     -0.95468386
                  1452.5                      -0.9545268
                    1455                     -0.95449566
                  1457.5                     -0.95457945
                    1460                     -0.95476782
                  1462.5                     -0.95504998
                    1465                     -0.95540943
                  1467.5                     -0.95583319
                    1470                     -0.95630605
                  1472.5                     -0.95681052
                    1475                     -0.95733083
                  1477.5                     -0.95784894
                    1480                     -0.95834735
                  1482.5                     -0.95880854
                    1485                     -0.95921668
                  1487.5                     -0.95955356
                    1490                     -0.95980322
                  1492.5                     -0.95995077
                    1495                     -0.95998005
                  1497.5                     -0.95988062
                    1500                     -0.95963669
                  1502.5                      -0.9592393
                    1505                     -0.95867881
                  1507.5                     -0.95794715
                    1510                     -0.95703963
                  1512.5                     -0.95594966
                    1515                     -0.95467575
                  1517.5                     -0.95321798
                    1520                     -0.95157634
                  1522.5                     -0.94975526
                    1525                     -0.94775965
                  1527.5                     -0.94559602
                    1530                      -0.9432725
                  1532.5                     -0.94080054
                    1535                     -0.93819209
                  1537.5                      -0.9354607
                    1540                     -0.93262041
                  1542.5                     -0.92968863
                    1545                      -0.9266827
                  1547.5                     -0.92362164
                    1550                     -0.92052267
                  1552.5                     -0.91740759
                    1555                      -0.9142959
                  1557.5                     -0.91120939
                    1560                     -0.90816699
                  1562.5                     -0.90519115
                    1565                     -0.90230263
                  1567.5                     -0.89952114
                    1570                     -0.89686766
                  1572.5                     -0.89435869
                    1575                     -0.89201374
                  1577.5                     -0.88985079
                    1580                     -0.88788511
                  1582.5                     -0.88613047
                    1585                     -0.88460144
                  1587.5                     -0.88330933
                    1590                     -0.88226572
                  1592.5                     -0.88147727
                    1595                     -0.88095198
                  1597.5                     -0.88069527
                    1600                     -0.88071045
                  1602.5                     -0.88099817
                    1605                      -0.8815599
                  1607.5                     -0.88239265
                    1610                     -0.88349358
                  1612.5                     -0.88485772
                    1615                     -0.88647671
                  1617.5                     -0.88834341
                    1620                     -0.89044667
                  1622.5                     -0.89277595
                    1625                     -0.89531771
                  1627.5                     -0.89806122
                    1630                     -0.90098762
                  1632.5                     -0.90408461
                    1635                     -0.90733469
                  1637.5                     -0.91072171
                    1640                     -0.91422868
                  1642.5                     -0.91783778
                    1645                     -0.92153126
                  1647.5                     -0.92529457
                    1650                     -0.92910864
                  1652.5                     -0.93295867
                    1655                     -0.93682702
                  1657.5                      -0.9407026
                    1660                     -0.94456972
                  1662.5                     -0.94841642
                    1665                     -0.95223081
                  1667.5                      -0.9560056
                    1670                     -0.95973156
                  1672.5                     -0.96340176
                    1675                     -0.96701411
                  1677.5                     -0.97056399
                    1680                     -0.97405249
                  1682.5                     -0.97747955
                    1685                     -0.98084922
                  1687.5                     -0.98416781
                    1690                     -0.98744182
                  1692.5                     -0.99068171
                    1695                     -0.99389902
                  1697.5                     -0.99710572
                    1700                      -1.0003191
                  1702.5                      -1.0035546
                    1705                      -1.0068318
                  1707.5                       -1.010171
                    1710                      -1.0135916
                  1712.5                      -1.0171176
                    1715                       -1.020773
                  1717.5                      -1.0245833
                    1720                       -1.028571
                  1722.5                      -1.0327642
                    1725                      -1.0371883
                  1727.5                      -1.0418709
                    1730                      -1.0468368
                  1732.5                      -1.0521131
                    1735                      -1.0577252
                  1737.5                      -1.0636996
                    1740                      -1.0700601
                  1742.5                        -1.07683
                    1745                      -1.0840339
                  1747.5                       -1.091693
                    1750                      -1.0998273
                  1752.5                      -1.1084566
                    1755                      -1.1175976
                  1757.5                      -1.1272683
                    1760                      -1.1374815
                  1762.5                       -1.148251
                    1765                      -1.1595866
                  1767.5                      -1.1714995
                    1770                      -1.1839964
                  1772.5                      -1.1970825
                    1775                      -1.2107638
                  1777.5                      -1.2250395
                    1780                       -1.239914
                  1782.5                      -1.2553833
                    1785                      -1.2714483
                  1787.5                      -1.2881029
                    1790                      -1.3053437
                  1792.5                      -1.3231648
                    1795                      -1.3415588
                  1797.5                        -1.36052
                    1800                      -1.3800373
                  1802.5                      -1.4001058
                    1805                      -1.4207172
                  1807.5                      -1.4418617
                    1810                      -1.4635332
                  1812.5                      -1.4857247
                    1815                      -1.5084304
                  1817.5                      -1.5316452
                    1820                      -1.5553671
                  1822.5                      -1.5795936
                    1825                      -1.6043283
                  1827.5                      -1.6295723
                    1830                      -1.6553323
                  1832.5                       -1.681617
                    1835                      -1.7084395
                  1837.5                      -1.7358142
                    1840                      -1.7637634
                  1842.5                      -1.7923065
                    1845                      -1.8214741
                  1847.5                      -1.8512961
                    1850                      -1.8818116
                  1852.5                      -1.9130592
                    1855                      -1.9450855
                  1857.5                      -1.9779427
                    1860                      -2.0116852
                  1862.5                      -2.0463753
                    1865                      -2.0820797
                  1867.5                      -2.1188694
                    1870                       -2.156822
                  1872.5                      -2.1960184
                    1875                      -2.2365494
                  1877.5                      -2.2785048
                    1880                      -2.3219865
                  1882.5                      -2.3670948
                    1885                      -2.4139403
                  1887.5                      -2.4626354
                    1890                      -2.5133019
                  1892.5                      -2.5660648
                    1895                      -2.6210509
                  1897.5                      -2.6783975
                    1900                      -2.7382449
                  1902.5                       -2.800737
                    1905                      -2.8660256
                  1907.5                      -2.9342702
                    1910                      -3.0056279
                  1912.5                      -3.0802689
                    1915                      -3.1583669
                  1917.5                      -3.2401033
                    1920                      -3.3256611
                  1922.5                      -3.4152379
                    1925                      -3.5090325
                  1927.5                      -3.6072533
                    1930                      -3.7101185
                  1932.5                      -3.8178541
                    1935                      -3.9306966
                  1937.5                       -4.048893
                    1940                       -4.172702
                  1942.5                       -4.302396
                    1945                      -4.4382596
                  1947.5                      -4.5805949
                    1950                      -4.7297223
                  1952.5                      -4.8859795
                    1955                      -5.0497253
                  1957.5                      -5.2213457
                    1960                      -5.4012507
                  1962.5                      -5.5898811
                    1965                      -5.7877121
                  1967.5                      -5.9952576
                    1970                      -6.2130733
                  1972.5                      -6.4417665
                    1975                      -6.6819987
                  1977.5                      -6.9344968
                    1980                       -7.200064
                  1982.5                       -7.479585
                    1985                      -7.7740475
                  1987.5                      -8.0845517
                    1990                      -8.4123369
                  1992.5                      -8.7588004
                    1995                      -9.1255311
                  1997.5                      -9.5143467
                    2000                      -9.9273381
                  2002.5                      -10.366934
                    2005                      -10.835972
                  2007.5                      -11.337804
                    2010                       -11.87643
                  2012.5                      -12.456663
                    2015                      -13.084388
                  2017.5                      -13.766891
                    2020                      -14.513341
                  2022.5                      -15.335506
                    2025                      -16.248813
                  2027.5                      -17.274022
                    2030                      -18.439951
                  2032.5                      -19.788113
                    2035                      -21.381044
                  2037.5                      -23.317991
                    2040                      -25.764606
                  2042.5                      -28.991533
                    2045                      -33.108147
                  2047.5                      -34.757797
                    2050                      -30.990367
                  2052.5                      -27.280861
                    2055                      -24.496023
                  2057.5                      -22.341982
                    2060                       -20.60373
                  2062.5                      -19.153757
                    2065                      -17.913853
                  2067.5                      -16.833396
                    2070                      -15.877985
                  2072.5                      -15.023269
                    2075                      -14.251422
                  2077.5                      -13.549007
                    2080                      -12.905671
                  2082.5                      -12.313253
                    2085                      -11.765218
                  2087.5                      -11.256253
                    2090                      -10.781973
                  2092.5                       -10.33872
                    2095                      -9.9234128
                  2097.5                      -9.5334224
                    2100                      -9.1664945
                  2102.5                       -8.820678
                    2105                       -8.494269
                  2107.5                       -8.185775
                    2110                      -7.8938749
                  2112.5                      -7.6173946
                    2115                       -7.355286
                  2117.5                      -7.1066076
                    2120                      -6.8705086
                  2122.5                      -6.6462189
                    2125                      -6.4330346
                  2127.5                      -6.2303139
                    2130                      -6.0374647
                  2132.5                      -5.8539435
                    2135                      -5.6792465
                  2137.5                      -5.5129014
                    2140                      -5.3544737
                  2142.5                      -5.2035535
                    2145                      -5.0597545
                  2147.5                      -4.9227164
                    2150                      -4.7920966
                  2152.5                      -4.6675709
                    2155                      -4.5488326
                  2157.5                      -4.4355876
                    2160                      -4.3275567
                  2162.5                      -4.2244744
                    2165                       -4.126083
                  2167.5                      -4.0321397
                    2170                      -3.9424081
                  2172.5                      -3.8566617
                    2175                      -3.7746847
                  2177.5                      -3.6962662
                    2180                      -3.6212055
                  2182.5                        -3.54931
                    2185                      -3.4803955
                  2187.5                      -3.4142774
                    2190                      -3.3507891
                  2192.5                      -3.2897648
                    2195                      -3.2310456
                  2197.5                      -3.1744825
                    2200                      -3.1199308
                  2202.5                      -3.0672557
                    2205                      -3.0163258
                  2207.5                      -2.9670195
                    2210                      -2.9192223
                  2212.5                      -2.8728273
                    2215                      -2.8277307
                  2217.5                      -2.7838414
                    2220                      -2.7410742
                  2222.5                      -2.6993478
                    2225                      -2.6585922
                  2227.5                      -2.6187395
                    2230                      -2.5797353
                  2232.5                      -2.5415256
                    2235                      -2.5040682
                  2237.5                      -2.4673233
                    2240                      -2.4312597
                  2242.5                      -2.3958502
                    2245                       -2.361074
                  2247.5                      -2.3269165
                    2250                       -2.293367
                  2252.5                      -2.2604208
                    2255                      -2.2280731
                  2257.5                      -2.1963289
                    2260                      -2.1651905
                  2262.5                      -2.1346696
                    2265                      -2.1047727
                  2267.5                      -2.0755163
                    2270                      -2.0469113
                  2272.5                      -2.0189777
                    2275                       -1.991727
                  2277.5                      -1.9651805
                    2280                      -1.9393523
                  2282.5                      -1.9142601
                    2285                      -1.8899197
                  2287.5                      -1.8663456
                    2290                      -1.8435521
                  2292.5                      -1.8215492
                    2295                      -1.8003511
                  2297.5                      -1.7799642
                    2300                      -1.7603925
                  2302.5                      -1.7416425
                    2305                      -1.7237132
                  2307.5                      -1.7066033
                    2310                      -1.6903093
                  2312.5                      -1.6748216
                    2315                      -1.6601313
                  2317.5                      -1.6462258
                    2320                      -1.6330879
                  2322.5                      -1.6206991
                    2325                      -1.6090373
                  2327.5                      -1.5980775
                    2330                      -1.5877944
                  2332.5                      -1.5781566
                    2335                      -1.5691345
                  2337.5                      -1.5606908
                    2340                      -1.5527948
                  2342.5                      -1.5454041
                    2345                      -1.5384848
                  2347.5                      -1.5319937
                    2350                      -1.5258929
                  2352.5                      -1.5201381
                    2355                      -1.5146911
                  2357.5                      -1.5095096
                    2360                      -1.5045525
                  2362.5                      -1.4997784
                    2365                      -1.4951498
                  2367.5                      -1.4906291
                    2370                      -1.4861789
                  2372.5                      -1.4817647
                    2375                      -1.4773546
                  2377.5                      -1.4729192
                    2380                      -1.4684305
                  2382.5                      -1.4638648
                    2385                       -1.459201
                  2387.5                      -1.4544218
                    2390                      -1.4495097
                  2392.5                       -1.444456
                    2395                      -1.4392529
                  2397.5                      -1.4338953
                    2400                       -1.428383
                  2402.5                      -1.4227185
                    2405                      -1.4169085
                  2407.5                      -1.4109618
                    2410                      -1.4048917
                  2412.5                      -1.3987142
                    2415                      -1.3924468
                  2417.5                      -1.3861126
                    2420                      -1.3797328
                  2422.5                      -1.3733353
                    2425                      -1.3669447
                  2427.5                      -1.3605928
                    2430                      -1.3543081
                  2432.5                      -1.3481213
                    2435                      -1.3420646
                  2437.5                        -1.33617
                    2440                       -1.330469
                  2442.5                      -1.3249923
                    2445                      -1.3197712
                  2447.5                      -1.3148354
                    2450                      -1.3102119
                  2452.5                       -1.305928
                    2455                      -1.3020092
                  2457.5                      -1.2984779
                    2460                      -1.2953547
                  2462.5                      -1.2926575
                    2465                      -1.2904014
                  2467.5                      -1.2886008
                    2470                      -1.2872631
                  2472.5                      -1.2863963
                    2475                      -1.2860033
                  2477.5                      -1.2860851
                    2480                       -1.286638
                  2482.5                      -1.2876579
                    2485                      -1.2891338
                  2487.5                      -1.2910545
                    2490                      -1.2934047
                  2492.5                      -1.2961683
                    2495                      -1.2993211
                  2497.5                      -1.3028427
                    2500                       -1.306707
                  2502.5                      -1.3108866
                    2505                      -1.3153498
                  2507.5                       -1.320067
                    2510                      -1.3250064
                  2512.5                      -1.3301333
                    2515                      -1.3354122
                  2517.5                      -1.3408081
                    2520                      -1.3462885
                  2522.5                      -1.3518157
                    2525                      -1.3573571
                  2527.5                      -1.3628772
                    2530                      -1.3683447
                  2532.5                       -1.373729
                    2535                      -1.3790002
                  2537.5                      -1.3841332
                    2540                      -1.3891014
                  2542.5                      -1.3938857
                    2545                      -1.3984649
                  2547.5                      -1.4028237
                    2550                      -1.4069508
                  2552.5                      -1.4108367
                    2555                      -1.4144771
                  2557.5                       -1.417869
                    2560                      -1.4210156
                  2562.5                      -1.4239219
                    2565                      -1.4265977
                  2567.5                      -1.4290558
                    2570                      -1.4313133
                  2572.5                      -1.4333903
                    2575                      -1.4353085
                  2577.5                      -1.4370957
                    2580                      -1.4387783
                  2582.5                      -1.4403878
                    2585                      -1.4419601
                  2587.5                      -1.4435259
                    2590                      -1.4451248
                  2592.5                      -1.4467924
                    2595                      -1.4485676
                  2597.5                      -1.4504905
                    2600                      -1.4525965
                  2602.5                      -1.4549272
                    2605                      -1.4575198
                  2607.5                      -1.4604085
                    2610                      -1.4636311
                  2612.5                      -1.4672197
                    2615                      -1.4712076
                  2617.5                      -1.4756223
                    2620                      -1.4804917
                  2622.5                      -1.4858404
                    2625                      -1.4916873
                  2627.5                      -1.4980519
                    2630                      -1.5049473
                  2632.5                      -1.5123855
                    2635                      -1.5203722
                  2637.5                      -1.5289112
                    2640                      -1.5380026
                  2642.5                      -1.5476401
                    2645                      -1.5578177
                  2647.5                      -1.5685226
                    2650                       -1.579739
                  2652.5                      -1.5914482
                    2655                      -1.6036268
                  2657.5                      -1.6162493
                    2660                      -1.6292863
                  2662.5                      -1.6427073
                    2665                      -1.6564748
                  2667.5                      -1.6705557
                    2670                      -1.6849095
                  2672.5                      -1.6994956
                    2675                      -1.7142738
                  2677.5                      -1.7292021
                    2680                      -1.7442355
                  2682.5                      -1.7593332
                    2685                      -1.7744523
                  2687.5                      -1.7895531
                    2690                      -1.8045936
                  2692.5                      -1.8195361
                    2695                      -1.8343448
                  2697.5                      -1.8489868
                    2700                      -1.8634301
                  2702.5                      -1.8776495
                    2705                      -1.8916215
                  2707.5                      -1.9053253
                    2710                      -1.9187479
                  2712.5                       -1.931878
                    2715                      -1.9447096
                  2717.5                      -1.9572429
                    2720                      -1.9694804
                  2722.5                      -1.9814317
                    2725                       -1.993112
                  2727.5                      -2.0045378
                    2730                       -2.015736
                  2732.5                      -2.0267318
                    2735                      -2.0375594
                  2737.5                      -2.0482543
                    2740                      -2.0588563
                  2742.5                        -2.06941
                    2745                      -2.0799608
                  2747.5                      -2.0905606
                    2750                      -2.1012557
                  2752.5                      -2.1121032
                    2755                      -2.1231542
                  2757.5                      -2.1344651
                    2760                      -2.1460886
                  2762.5                      -2.1580802
                    2765                      -2.1704926
                  2767.5                      -2.1833787
                    2770                      -2.1967874
                  2772.5                      -2.2107665
                    2775                      -2.2253601
                  2777.5                      -2.2406111
                    2780                      -2.2565593
                  2782.5                      -2.2732351
                    2785                      -2.2906712
                  2787.5                      -2.3088911
                    2790                      -2.3279154
                  2792.5                      -2.3477596
                    2795                      -2.3684335
                  2797.5                      -2.3899409
                    2800                        -2.41228
                  2802.5                      -2.4354442
                    2805                      -2.4594199
                  2807.5                      -2.4841889
                    2810                      -2.5097253
                  2812.5                      -2.5360011
                    2815                      -2.5629798
                  2817.5                      -2.5906194
                    2820                      -2.6188753
                  2822.5                      -2.6476977
                    2825                      -2.6770293
                  2827.5                       -2.706813
                    2830                      -2.7369871
                  2832.5                      -2.7674846
                    2835                      -2.7982386
                  2837.5                      -2.8291806
                    2840                      -2.8602393
                  2842.5                      -2.8913438
                    2845                      -2.9224245
                  2847.5                      -2.9534102
                    2850                      -2.9842334
                  2852.5                      -3.0148308
                    2855                      -3.0451388
                  2857.5                         -3.0751
                    2860                       -3.104661
                  2862.5                       -3.133775
                    2865                      -3.1624011
                  2867.5                      -3.1905042
                    2870                      -3.2180566
                  2872.5                      -3.2450381
                    2875                      -3.2714384
                  2877.5                       -3.297256
                    2880                      -3.3224946
                  2882.5                      -3.3471674
                    2885                      -3.3712998
                  2887.5                      -3.3949207
                    2890                       -3.418071
                  2892.5                      -3.4407999
                    2895                      -3.4631598
                  2897.5                      -3.4852149
                    2900                      -3.5070338
                  2902.5                      -3.5286892
                    2905                      -3.5502625
                  2907.5                      -3.5718356
                    2910                      -3.5934965
                  2912.5                      -3.6153352
                    2915                      -3.6374408
                  2917.5                      -3.6599066
                    2920                      -3.6828231
                  2922.5                      -3.7062816
                    2925                      -3.7303685
                  2927.5                      -3.7551718
                    2930                      -3.7807699
                  2932.5                      -3.8072394
                    2935                      -3.8346511
                  2937.5                      -3.8630725
                    2940                      -3.8925576
                  2942.5                      -3.9231577
                    2945                       -3.954913
                  2947.5                      -3.9878562
                    2950                      -4.0220105
                  2952.5                       -4.057388
                    2955                      -4.0939893
                  2957.5                      -4.1318084
                    2960                      -4.1708217
                  2962.5                      -4.2109991
                    2965                      -4.2522987
                  2967.5                      -4.2946641
                    2970                      -4.3380294
                  2972.5                      -4.3823167
                    2975                      -4.4274375
                  2977.5                      -4.4732898
                    2980                      -4.5197648
                  2982.5                      -4.5667418
                    2985                       -4.614092
                  2987.5                      -4.6616765
                    2990                      -4.7093522
                  2992.5                      -4.7569688
                    2995                      -4.8043689
                  2997.5                      -4.8513979
                    3000                      -4.8978954

