        Frequency / MHz                S1,1/abs,dB
----------------------------------------------------------------------
                     500                     -0.20303122
                   502.5                     -0.20359626
                     505                     -0.20384521
                   507.5                     -0.20379785
                     510                     -0.20347767
                   512.5                     -0.20290818
                     515                     -0.20211464
                   517.5                     -0.20112415
                     520                      -0.1999641
                   522.5                     -0.19866196
                     525                      -0.1972485
                   527.5                      -0.1957512
                     530                     -0.19420385
                   532.5                     -0.19263572
                     535                     -0.19107669
                   537.5                     -0.18956269
                     540                     -0.18812049
                   542.5                     -0.18678467
                     545                     -0.18558542
                   547.5                     -0.18455563
                     550                     -0.18372518
                   552.5                     -0.18312548
                     555                     -0.18278544
                   557.5                     -0.18273695
                     560                     -0.18300778
                   562.5                     -0.18362762
                     565                     -0.18462196
                   567.5                     -0.18602004
                     570                     -0.18784725
                   572.5                     -0.19012708
                     575                     -0.19288645
                   577.5                     -0.19614624
                     580                     -0.19993032
                   582.5                     -0.20425796
                     585                     -0.20915005
                   587.5                     -0.21462468
                     590                     -0.22070106
                   592.5                     -0.22739419
                     595                     -0.23471966
                   597.5                     -0.24269105
                     600                     -0.25132265
                   602.5                     -0.26062429
                     605                      -0.2706069
                   607.5                     -0.28127971
                     610                     -0.29265089
                   612.5                     -0.30472644
                     615                     -0.31751174
                   617.5                     -0.33101242
                     620                      -0.3452292
                   622.5                     -0.36016594
                     625                      -0.3758211
                   627.5                     -0.39219572
                     630                     -0.40928742
                   632.5                     -0.42709261
                     635                     -0.44560744
                   637.5                     -0.46482796
                     640                     -0.48474527
                   642.5                     -0.50535464
                     645                     -0.52664708
                   647.5                     -0.54861038
                     650                     -0.57123844
                   652.5                     -0.59451474
                     655                     -0.61843156
                   657.5                     -0.64297238
                     660                     -0.66812353
                   662.5                     -0.69387052
                     665                     -0.72019679
                   667.5                     -0.74708577
                     670                     -0.77451847
                   672.5                     -0.80247961
                     675                     -0.83094907
                   677.5                     -0.85990585
                     680                     -0.88933024
                   682.5                     -0.91920231
                     685                      -0.9495011
                   687.5                     -0.98020337
                     690                      -1.0112884
                   692.5                      -1.0427321
                     695                      -1.0745144
                   697.5                      -1.1066108
                     700                      -1.1389978
                   702.5                      -1.1716539
                     705                      -1.2045516
                   707.5                      -1.2376719
                     710                        -1.27099
                   712.5                      -1.3044812
                     715                      -1.3381246
                   717.5                      -1.3718966
                     720                      -1.4057742
                   722.5                      -1.4397352
                     725                      -1.4737578
                   727.5                      -1.5078214
                     730                      -1.5419042
                   732.5                       -1.575987
                     735                      -1.6100495
                   737.5                      -1.6440723
                     740                      -1.6780392
                   742.5                      -1.7119308
                     745                      -1.7457314
                   747.5                      -1.7794242
                     750                      -1.8129975
                   752.5                      -1.8464353
                     755                      -1.8797243
                   757.5                      -1.9128552
                     760                      -1.9458145
                   762.5                      -1.9785959
                     765                      -2.0111879
                   767.5                       -2.043585
                     770                      -2.0757818
                   772.5                      -2.1077718
                     775                       -2.139552
                   777.5                      -2.1711183
                     780                      -2.2024698
                   782.5                      -2.2336065
                     785                      -2.2645296
                   787.5                       -2.295239
                     790                      -2.3257387
                   792.5                      -2.3560345
                     795                      -2.3861268
                   797.5                      -2.4160256
                     800                      -2.4457366
                   802.5                      -2.4752679
                     805                      -2.5046266
                   807.5                      -2.5338223
                     810                      -2.5628673
                   812.5                      -2.5917706
                     815                      -2.6205435
                   817.5                      -2.6491994
                     820                      -2.6777521
                   822.5                      -2.7062133
                     825                       -2.734598
                   827.5                      -2.7629185
                     830                      -2.7911923
                   832.5                      -2.8194327
                     835                      -2.8476545
                   837.5                      -2.8758745
                     840                       -2.904106
                   842.5                      -2.9323683
                     845                       -2.960674
                   847.5                      -2.9890414
                     850                      -3.0174831
                   852.5                      -3.0460175
                     855                      -3.0746594
                   857.5                      -3.1034249
                     860                      -3.1323288
                   862.5                      -3.1613862
                     865                      -3.1906123
                   867.5                      -3.2200205
                     870                      -3.2496282
                   872.5                      -3.2794458
                     875                      -3.3094897
                   877.5                       -3.339772
                     880                       -3.370308
                   882.5                      -3.4011078
                     885                      -3.4321839
                   887.5                      -3.4635504
                     890                       -3.495218
                   892.5                      -3.5271976
                     895                      -3.5595004
                   897.5                      -3.5921367
                     900                      -3.6251175
                   902.5                      -3.6584518
                     905                      -3.6921495
                   907.5                      -3.7262201
                     910                      -3.7606719
                   912.5                      -3.7955134
                     915                       -3.830754
                   917.5                      -3.8663999
                     920                       -3.902461
                   922.5                      -3.9389431
                     925                      -3.9758553
                   927.5                      -4.0132032
                     930                      -4.0509948
                   932.5                      -4.0892381
                     935                       -4.127938
                   937.5                      -4.1671019
                     940                      -4.2067388
                   942.5                       -4.246853
                     945                      -4.2874508
                   947.5                      -4.3285423
                     950                      -4.3701316
                   952.5                      -4.4122276
                     955                      -4.4548361
                   957.5                      -4.4979659
                     960                      -4.5416241
                   962.5                      -4.5858168
                     965                      -4.6305554
                   967.5                       -4.675846
                     970                       -4.721697
                   972.5                       -4.768119
                     975                      -4.8151217
                   977.5                      -4.8627119
                     980                      -4.9109031
                   982.5                      -4.9597037
                     985                      -5.0091244
                   987.5                      -5.0591779
                     990                       -5.109875
                   992.5                      -5.1612291
                     995                      -5.2132517
                   997.5                      -5.2659557
                    1000                      -5.3193548
                  1002.5                      -5.3734642
                    1005                      -5.4282972
                  1007.5                      -5.4838704
                    1010                      -5.5401972
                  1012.5                      -5.5972946
                    1015                      -5.6551793
                  1017.5                      -5.7138651
                    1020                      -5.7733728
                  1022.5                      -5.8337184
                    1025                      -5.8949187
                  1027.5                      -5.9569927
                    1030                      -6.0199572
                  1032.5                      -6.0838326
                    1035                      -6.1486357
                  1037.5                      -6.2143861
                    1040                       -6.281102
                  1042.5                      -6.3488028
                    1045                      -6.4175074
                  1047.5                      -6.4872327
                    1050                      -6.5579984
                  1052.5                      -6.6298228
                    1055                      -6.7027213
                  1057.5                      -6.7767138
                    1060                      -6.8518131
                  1062.5                      -6.9280388
                    1065                      -7.0054031
                  1067.5                      -7.0839208
                    1070                      -7.1636045
                  1072.5                      -7.2444657
                    1075                      -7.3265134
                  1077.5                      -7.4097574
                    1080                      -7.4942026
                  1082.5                      -7.5798533
                    1085                      -7.6667118
                  1087.5                      -7.7547777
                    1090                      -7.8440485
                  1092.5                       -7.934516
                    1095                      -8.0261716
                  1097.5                      -8.1190007
                    1100                      -8.2129857
                  1102.5                      -8.3081053
                    1105                      -8.4043307
                  1107.5                      -8.5016305
                    1110                      -8.5999672
                  1112.5                      -8.6992959
                    1115                      -8.7995653
                  1117.5                      -8.9007164
                    1120                      -9.0026852
                  1122.5                      -9.1053956
                    1125                      -9.2087655
                  1127.5                      -9.3127001
                    1130                      -9.4170978
                  1132.5                      -9.5218455
                    1135                      -9.6268161
                  1137.5                      -9.7318751
                    1140                      -9.8368716
                  1142.5                      -9.9416428
                    1145                      -10.046013
                  1147.5                      -10.149794
                    1150                      -10.252779
                  1152.5                      -10.354753
                    1155                      -10.455482
                  1157.5                       -10.55472
                    1160                       -10.65221
                  1162.5                      -10.747675
                    1165                      -10.840833
                  1167.5                      -10.931385
                    1170                       -11.01903
                  1172.5                       -11.10345
                    1175                      -11.184329
                  1177.5                      -11.261344
                    1180                      -11.334173
                  1182.5                      -11.402498
                    1185                      -11.466003
                  1187.5                      -11.524388
                    1190                      -11.577361
                  1192.5                      -11.624649
                    1195                      -11.666004
                  1197.5                      -11.701197
                    1200                      -11.730034
                  1202.5                      -11.752348
                    1205                      -11.768008
                  1207.5                       -11.77692
                    1210                      -11.779029
                  1212.5                      -11.774318
                    1215                      -11.762812
                  1217.5                      -11.744576
                    1220                      -11.719712
                  1222.5                      -11.688356
                    1225                      -11.650683
                  1227.5                        -11.6069
                    1230                       -11.55724
                  1232.5                       -11.50196
                    1235                      -11.441339
                  1237.5                      -11.375675
                    1240                      -11.305281
                  1242.5                      -11.230471
                    1245                      -11.151576
                  1247.5                      -11.068922
                    1250                       -10.98284
                  1252.5                      -10.893652
                    1255                      -10.801679
                  1257.5                      -10.707233
                    1260                      -10.610614
                  1262.5                      -10.512114
                    1265                       -10.41201
                  1267.5                       -10.31057
                    1270                      -10.208045
                  1272.5                      -10.104673
                    1275                      -10.000675
                  1277.5                      -9.8962623
                    1280                        -9.79163
                  1282.5                      -9.6869587
                    1285                       -9.582416
                  1287.5                       -9.478158
                    1290                      -9.3743243
                  1292.5                      -9.2710485
                    1295                      -9.1684475
                  1297.5                      -9.0666288
                    1300                      -8.9656906
                  1302.5                      -8.8657227
                    1305                      -8.7668024
                  1307.5                      -8.6690001
                    1310                      -8.5723795
                  1312.5                      -8.4769969
                    1315                      -8.3828995
                  1317.5                      -8.2901317
                    1320                      -8.1987269
                  1322.5                      -8.1087174
                    1325                      -8.0201302
                  1327.5                      -7.9329849
                    1330                      -7.8472989
                  1332.5                      -7.7630852
                    1335                      -7.6803528
                  1337.5                       -7.599109
                    1340                      -7.5193558
                  1342.5                      -7.4410935
                    1345                       -7.364319
                  1347.5                       -7.289028
                    1350                      -7.2152156
                  1352.5                      -7.1428714
                    1355                      -7.0719834
                  1357.5                      -7.0025412
                    1360                      -6.9345313
                  1362.5                      -6.8679386
                    1365                      -6.8027467
                  1367.5                      -6.7389374
                    1370                      -6.6764941
                  1372.5                      -6.6153981
                    1375                      -6.5556301
                  1377.5                      -6.4971687
                    1380                      -6.4399943
                  1382.5                      -6.3840863
                    1385                       -6.329422
                  1387.5                      -6.2759799
                    1390                      -6.2237383
                  1392.5                      -6.1726758
                    1395                      -6.1227679
                  1397.5                      -6.0739959
                    1400                      -6.0263347
                  1402.5                      -5.9797643
                    1405                      -5.9342622
                  1407.5                      -5.8898068
                    1410                      -5.8463759
                  1412.5                      -5.8039507
                    1415                      -5.7625065
                  1417.5                      -5.7220274
                    1420                      -5.6824907
                  1422.5                      -5.6438788
                    1425                      -5.6061701
                  1427.5                      -5.5693491
                    1430                      -5.5333956
                  1432.5                      -5.4982947
                    1435                      -5.4640278
                  1437.5                      -5.4305797
                    1440                      -5.3979348
                  1442.5                      -5.3660795
                    1445                      -5.3350007
                  1447.5                      -5.3046826
                    1450                      -5.2751159
                  1452.5                      -5.2462878
                    1455                      -5.2181875
                  1457.5                      -5.1908055
                    1460                      -5.1641333
                  1462.5                      -5.1381614
                    1465                      -5.1128857
                  1467.5                       -5.088295
                    1470                      -5.0643879
                  1472.5                      -5.0411575
                    1475                      -5.0185998
                  1477.5                      -4.9967134
                    1480                      -4.9754938
                  1482.5                      -4.9549424
                    1485                      -4.9350565
                  1487.5                      -4.9158369
                    1490                      -4.8972865
                  1492.5                      -4.8794032
                    1495                      -4.8621945
                  1497.5                      -4.8456602
                    1500                      -4.8298045
                  1502.5                      -4.8146349
                    1505                      -4.8001538
                  1507.5                      -4.7863679
                    1510                      -4.7732846
                  1512.5                       -4.760913
                    1515                      -4.7492581
                  1517.5                      -4.7383283
                    1520                      -4.7281331
                  1522.5                      -4.7186824
                    1525                      -4.7099854
                  1527.5                      -4.7020513
                    1530                      -4.6948931
                  1532.5                      -4.6885188
                    1535                      -4.6829399
                  1537.5                      -4.6781693
                    1540                      -4.6742161
                  1542.5                      -4.6710933
                    1545                      -4.6688118
                  1547.5                      -4.6673842
                    1550                      -4.6668218
                  1552.5                      -4.6671353
                    1555                      -4.6683373
                  1557.5                      -4.6704391
                    1560                      -4.6734508
                  1562.5                      -4.6773844
                    1565                      -4.6822523
                  1567.5                      -4.6880617
                    1570                      -4.6948254
                  1572.5                      -4.7025506
                    1575                      -4.7112488
                  1577.5                      -4.7209274
                    1580                       -4.731594
                  1582.5                      -4.7432579
                    1585                      -4.7559236
                  1587.5                      -4.7695983
                    1590                      -4.7842865
                  1592.5                      -4.7999933
                    1595                      -4.8167214
                  1597.5                      -4.8344734
                    1600                      -4.8532501
                  1602.5                      -4.8730524
                    1605                       -4.893878
                  1607.5                      -4.9157249
                    1610                      -4.9385896
                  1612.5                      -4.9624669
                    1615                      -4.9873491
                  1617.5                      -5.0132283
                    1620                      -5.0400938
                  1622.5                      -5.0679343
                    1625                      -5.0967366
                  1627.5                      -5.1264832
                    1630                      -5.1571551
                  1632.5                      -5.1887357
                    1635                      -5.2212001
                  1637.5                      -5.2545235
                    1640                      -5.2886794
                  1642.5                      -5.3236372
                    1645                      -5.3593642
                  1647.5                      -5.3958246
                    1650                      -5.4329789
                  1652.5                      -5.4707872
                    1655                       -5.509205
                  1657.5                      -5.5481825
                    1660                      -5.5876692
                  1662.5                       -5.627612
                    1665                      -5.6679486
                  1667.5                      -5.7086201
                    1670                      -5.7495617
                  1672.5                      -5.7907029
                    1675                      -5.8319687
                  1677.5                      -5.8732839
                    1680                      -5.9145702
                  1682.5                      -5.9557403
                    1685                      -5.9967076
                  1687.5                      -6.0373813
                    1690                      -6.0776656
                  1692.5                      -6.1174618
                    1695                      -6.1566689
                  1697.5                      -6.1951826
                    1700                      -6.2328961
                  1702.5                      -6.2696982
                    1705                        -6.30548
                  1707.5                      -6.3401249
                    1710                      -6.3735205
                  1712.5                      -6.4055511
                    1715                      -6.4360999
                  1717.5                      -6.4650522
                    1720                      -6.4922932
                  1722.5                      -6.5177087
                    1725                      -6.5411897
                  1727.5                      -6.5626248
                    1730                      -6.5819114
                  1732.5                      -6.5989482
                    1735                      -6.6136379
                  1737.5                      -6.6258917
                    1740                      -6.6356237
                  1742.5                       -6.642758
                    1745                       -6.647224
                  1747.5                      -6.6489595
                    1750                      -6.6479119
                  1752.5                       -6.644038
                    1755                       -6.637301
                  1757.5                      -6.6276763
                    1760                      -6.6151503
                  1762.5                      -6.5997149
                    1765                      -6.5813787
                  1767.5                      -6.5601546
                    1770                      -6.5360672
                  1772.5                      -6.5091518
                    1775                      -6.4794527
                  1777.5                      -6.4470231
                    1780                      -6.4119247
                  1782.5                      -6.3742264
                    1785                       -6.334005
                  1787.5                      -6.2913452
                    1790                      -6.2463365
                  1792.5                      -6.1990752
                    1795                      -6.1496621
                  1797.5                      -6.0982001
                    1800                      -6.0447989
                  1802.5                       -5.989567
                    1805                       -5.932619
                  1807.5                      -5.8740691
                    1810                      -5.8140303
                  1812.5                      -5.7526186
                    1815                      -5.6899502
                  1817.5                      -5.6261373
                    1820                      -5.5612925
                  1822.5                      -5.4955283
                    1825                      -5.4289518
                  1827.5                      -5.3616711
                    1830                       -5.293788
                  1832.5                      -5.2254048
                    1835                       -5.156619
                  1837.5                      -5.0875239
                    1840                       -5.018212
                  1842.5                      -4.9487704
                    1845                      -4.8792806
                  1847.5                      -4.8098242
                    1850                      -4.7404778
                  1852.5                      -4.6713136
                    1855                      -4.6023994
                  1857.5                      -4.5338021
                    1860                      -4.4655826
                  1862.5                      -4.3977986
                    1865                      -4.3305039
                  1867.5                      -4.2637518
                    1870                      -4.1975886
                  1872.5                      -4.1320595
                    1875                      -4.0672052
                  1877.5                      -4.0030652
                    1880                      -3.9396748
                  1882.5                       -3.877066
                    1885                      -3.8152694
                  1887.5                      -3.7543131
                    1890                      -3.6942222
                  1892.5                      -3.6350182
                    1895                      -3.5767215
                  1897.5                      -3.5193516
                    1900                      -3.4629234
                  1902.5                      -3.4074512
                    1905                      -3.3529479
                  1907.5                      -3.2994222
                    1910                      -3.2468853
                  1912.5                      -3.1953427
                    1915                      -3.1447993
                  1917.5                      -3.0952595
                    1920                      -3.0467266
                  1922.5                      -2.9992001
                    1925                      -2.9526818
                  1927.5                      -2.9071702
                    1930                      -2.8626609
                  1932.5                       -2.819152
                    1935                      -2.7766386
                  1937.5                      -2.7351163
                    1940                      -2.6945754
                  1942.5                      -2.6550115
                    1945                      -2.6164159
                  1947.5                      -2.5787793
                    1950                      -2.5420907
                  1952.5                      -2.5063407
                    1955                      -2.4715188
                  1957.5                      -2.4376115
                    1960                      -2.4046084
                  1962.5                      -2.3724965
                    1965                      -2.3412608
                  1967.5                      -2.3108885
                    1970                      -2.2813645
                  1972.5                      -2.2526755
                    1975                      -2.2248054
                  1977.5                      -2.1977387
                    1980                        -2.17146
                  1982.5                       -2.145952
                    1985                      -2.1212006
                  1987.5                      -2.0971877
                    1990                      -2.0738959
                  1992.5                      -2.0513089
                    1995                      -2.0294104
                  1997.5                      -2.0081834
                    2000                      -1.9876085
                  2002.5                      -1.9676701
                    2005                      -1.9483487
                  2007.5                      -1.9296286
                    2010                      -1.9114917
                  2012.5                      -1.8939207
                    2015                      -1.8768975
                  2017.5                      -1.8604067
                    2020                      -1.8444278
                  2022.5                      -1.8289459
                    2025                      -1.8139441
                  2027.5                      -1.7994041
                    2030                      -1.7853112
                  2032.5                      -1.7716473
                    2035                      -1.7583972
                  2037.5                      -1.7455449
                    2040                      -1.7330732
                  2042.5                      -1.7209693
                    2045                      -1.7092165
                  2047.5                      -1.6978004
                    2050                      -1.6867056
                  2052.5                      -1.6759203
                    2055                      -1.6654294
                  2057.5                      -1.6552202
                    2060                      -1.6452789
                  2062.5                      -1.6355948
                    2065                      -1.6261555
                  2067.5                      -1.6169483
                    2070                      -1.6079626
                  2072.5                       -1.599189
                    2075                      -1.5906155
                  2077.5                      -1.5822344
                    2080                      -1.5740361
                  2082.5                      -1.5660113
                    2085                      -1.5581522
                  2087.5                      -1.5504518
                    2090                      -1.5429019
                  2092.5                      -1.5354968
                    2095                      -1.5282298
                  2097.5                      -1.5210954
                    2100                      -1.5140875
                  2102.5                      -1.5072037
                    2105                      -1.5004383
                  2107.5                      -1.4937881
                    2110                      -1.4872487
                  2112.5                       -1.480818
                    2115                      -1.4744939
                  2117.5                      -1.4682747
                    2120                      -1.4621591
                  2122.5                       -1.456144
                    2125                      -1.4502298
                  2127.5                      -1.4444167
                    2130                      -1.4387044
                  2132.5                      -1.4330923
                    2135                      -1.4275816
                  2137.5                      -1.4221735
                    2140                      -1.4168692
                  2142.5                      -1.4116697
                    2145                       -1.406576
                  2147.5                      -1.4015926
                    2150                      -1.3967182
                  2152.5                      -1.3919573
                    2155                      -1.3873115
                  2157.5                      -1.3827841
                    2160                      -1.3783768
                  2162.5                      -1.3740929
                    2165                       -1.369936
                  2167.5                      -1.3659076
                    2170                      -1.3620119
                  2172.5                      -1.3582515
                    2175                      -1.3546305
                  2177.5                      -1.3511486
                    2180                      -1.3478124
                  2182.5                      -1.3446238
                    2185                      -1.3415849
                  2187.5                      -1.3387002
                    2190                      -1.3359707
                  2192.5                         -1.3334
                    2195                      -1.3309897
                  2197.5                      -1.3287436
                    2200                      -1.3266629
                  2202.5                      -1.3247507
                    2205                      -1.3230072
                  2207.5                      -1.3214363
                    2210                      -1.3200386
                  2212.5                      -1.3188141
                    2215                      -1.3177678
                  2217.5                      -1.3168975
                    2220                      -1.3162058
                  2222.5                      -1.3156913
                    2225                      -1.3153563
                  2227.5                      -1.3152009
                    2230                      -1.3152247
                  2232.5                      -1.3154274
                    2235                      -1.3158094
                  2237.5                      -1.3163688
                    2240                      -1.3171054
                  2242.5                      -1.3180194
                    2245                      -1.3191077
                  2247.5                      -1.3203693
                    2250                      -1.3218034
                  2252.5                      -1.3234073
                    2255                      -1.3251802
                  2257.5                      -1.3271182
                    2260                      -1.3292208
                  2262.5                      -1.3314847
                    2265                      -1.3339069
                  2267.5                      -1.3364845
                    2270                      -1.3392158
                  2272.5                      -1.3420968
                    2275                       -1.345125
                  2277.5                      -1.3482953
                    2280                      -1.3516072
                  2282.5                       -1.355055
                    2285                      -1.3586367
                  2287.5                      -1.3623484
                    2290                      -1.3661851
                  2292.5                      -1.3701451
                    2295                      -1.3742244
                  2297.5                      -1.3784179
                    2300                      -1.3827237
                  2302.5                       -1.387137
                    2305                      -1.3916554
                  2307.5                      -1.3962739
                    2310                      -1.4009902
                  2312.5                      -1.4058001
                    2315                      -1.4106994
                  2317.5                      -1.4156886
                    2320                      -1.4207606
                  2322.5                      -1.4259137
                    2325                      -1.4311451
                  2327.5                      -1.4364516
                    2330                      -1.4418306
                  2332.5                      -1.4472797
                    2335                       -1.452797
                  2337.5                      -1.4583798
                    2340                      -1.4640273
                  2342.5                      -1.4697357
                    2345                       -1.475504
                  2347.5                      -1.4813326
                    2350                       -1.487218
                  2352.5                      -1.4931599
                    2355                      -1.4991585
                  2357.5                      -1.5052111
                    2360                      -1.5113196
                  2362.5                      -1.5174822
                    2365                      -1.5236987
                  2367.5                      -1.5299715
                    2370                         -1.5363
                  2372.5                      -1.5426831
                    2375                      -1.5491243
                  2377.5                      -1.5556243
                    2380                       -1.562184
                  2382.5                      -1.5688037
                    2385                      -1.5754875
                  2387.5                      -1.5822356
                    2390                      -1.5890511
                  2392.5                      -1.5959349
                    2395                      -1.6028918
                  2397.5                       -1.609923
                    2400                      -1.6170311
                  2402.5                      -1.6242214
                    2405                      -1.6314927
                  2407.5                      -1.6388521
                    2410                      -1.6463031
                  2412.5                      -1.6538464
                    2415                      -1.6614886
                  2417.5                      -1.6692302
                    2420                      -1.6770791
                  2422.5                       -1.685036
                    2425                      -1.6931066
                  2427.5                      -1.7012949
                    2430                       -1.709604
                  2432.5                      -1.7180395
                    2435                      -1.7266038
                  2437.5                      -1.7353029
                    2440                      -1.7441414
                  2442.5                      -1.7531197
                    2445                      -1.7622474
                  2447.5                      -1.7715254
                    2450                      -1.7809589
                  2452.5                      -1.7905507
                    2455                      -1.8003072
                  2457.5                      -1.8102308
                    2460                       -1.820325
                  2462.5                      -1.8305971
                    2465                      -1.8410452
                  2467.5                      -1.8516778
                    2470                       -1.862496
                  2472.5                      -1.8735047
                    2475                      -1.8847066
                  2477.5                      -1.8961039
                    2480                      -1.9077015
                  2482.5                      -1.9195014
                    2485                       -1.931507
                  2487.5                      -1.9437189
                    2490                       -1.956142
                  2492.5                      -1.9687791
                    2495                      -1.9816298
                  2497.5                      -1.9946975
                    2500                      -2.0079824
                  2502.5                       -2.021488
                    2505                      -2.0352153
                  2507.5                      -2.0491656
                    2510                      -2.0633391
                  2512.5                      -2.0777378
                    2515                      -2.0923601
                  2517.5                      -2.1072078
                    2520                      -2.1222829
                  2522.5                      -2.1375816
                    2525                      -2.1531058
                  2527.5                      -2.1688547
                    2530                      -2.1848278
                  2532.5                      -2.2010235
                    2535                      -2.2174401
                  2537.5                       -2.234079
                    2540                      -2.2509349
                  2542.5                      -2.2680095
                    2545                       -2.285297
                  2547.5                      -2.3027973
                    2550                      -2.3205074
                  2552.5                      -2.3384247
                    2555                      -2.3565455
                  2557.5                      -2.3748665
                    2560                      -2.3933851
                  2562.5                      -2.4120966
                    2565                      -2.4309963
                  2567.5                      -2.4500815
                    2570                      -2.4693456
                  2572.5                      -2.4887864
                    2575                      -2.5083953
                  2577.5                        -2.52817
                    2580                      -2.5481037
                  2582.5                      -2.5681897
                    2585                      -2.5884225
                  2587.5                      -2.6087971
                    2590                      -2.6293034
                  2592.5                      -2.6499363
                    2595                      -2.6706887
                  2597.5                      -2.6915531
                    2600                      -2.7125203
                  2602.5                      -2.7335833
                    2605                      -2.7547323
                  2607.5                      -2.7759615
                    2610                      -2.7972564
                  2612.5                       -2.818613
                    2615                       -2.840018
                  2617.5                      -2.8614643
                    2620                      -2.8829383
                  2622.5                      -2.9044313
                    2625                      -2.9259324
                  2627.5                      -2.9474291
                    2630                      -2.9689112
                  2632.5                      -2.9903655
                    2635                      -3.0117804
                  2637.5                      -3.0331423
                    2640                      -3.0544407
                  2642.5                      -3.0756602
                    2645                      -3.0967885
                  2647.5                      -3.1178109
                    2650                      -3.1387142
                  2652.5                      -3.1594838
                    2655                      -3.1801043
                  2657.5                      -3.2005622
                    2660                      -3.2208407
                  2662.5                      -3.2409266
                    2665                      -3.2608021
                  2667.5                      -3.2804526
                    2670                      -3.2998615
                  2672.5                      -3.3190121
                    2675                      -3.3378892
                  2677.5                      -3.3564766
                    2680                      -3.3747569
                  2682.5                      -3.3927156
                    2685                      -3.4103317
                  2687.5                      -3.4275909
                    2690                      -3.4444769
                  2692.5                      -3.4609709
                    2695                       -3.477059
                  2697.5                      -3.4927222
                    2700                      -3.5079452
                  2702.5                      -3.5227131
                    2705                      -3.5370066
                  2707.5                      -3.5508127
                    2710                      -3.5641145
                  2712.5                      -3.5768962
                    2715                      -3.5891448
                  2717.5                      -3.6008439
                    2720                       -3.611981
                  2722.5                      -3.6225429
                    2725                      -3.6325143
                  2727.5                      -3.6418855
                    2730                       -3.650645
                  2732.5                      -3.6587794
                    2735                      -3.6662801
                  2737.5                      -3.6731353
                    2740                      -3.6793387
                  2742.5                      -3.6848834
                    2745                      -3.6897574
                  2747.5                      -3.6939591
                    2750                      -3.6974822
                  2752.5                      -3.7003209
                    2755                      -3.7024719
                  2757.5                      -3.7039357
                    2760                      -3.7047071
                  2762.5                      -3.7047893
                    2765                      -3.7041804
                  2767.5                      -3.7028835
                    2770                      -3.7009002
                  2772.5                       -3.698235
                    2775                      -3.6948941
                  2777.5                       -3.690881
                    2780                      -3.6862061
                  2782.5                      -3.6808746
                    2785                       -3.674897
                  2787.5                       -3.668283
                    2790                      -3.6610434
                  2792.5                      -3.6531911
                    2795                      -3.6447376
                  2797.5                      -3.6356987
                    2800                      -3.6260854
                  2802.5                      -3.6159173
                    2805                      -3.6052094
                  2807.5                      -3.5939784
                    2810                        -3.58224
                  2812.5                      -3.5700143
                    2815                      -3.5573201
                  2817.5                      -3.5441779
                    2820                       -3.530603
                  2822.5                      -3.5166195
                    2825                      -3.5022461
                  2827.5                      -3.4875054
                    2830                      -3.4724153
                  2832.5                      -3.4570018
                    2835                      -3.4412816
                  2837.5                      -3.4252778
                    2840                      -3.4090131
                  2842.5                      -3.3925067
                    2845                      -3.3757805
                  2847.5                      -3.3588582
                    2850                      -3.3417579
                  2852.5                      -3.3245014
                    2855                      -3.3071098
                  2857.5                      -3.2896029
                    2860                      -3.2719983
                  2862.5                      -3.2543202
                    2865                      -3.2365841
                  2867.5                      -3.2188082
                    2870                      -3.2010118
                  2872.5                      -3.1832125
                    2875                      -3.1654259
                  2877.5                      -3.1476681
                    2880                      -3.1299556
                  2882.5                      -3.1123029
                    2885                      -3.0947238
                  2887.5                      -3.0772325
                    2890                      -3.0598407
                  2892.5                      -3.0425609
                    2895                      -3.0254042
                  2897.5                      -3.0083805
                    2900                      -2.9915004
                  2902.5                      -2.9747716
                    2905                      -2.9582027
                  2907.5                       -2.941801
                    2910                      -2.9255723
                  2912.5                      -2.9095222
                    2915                      -2.8936572
                  2917.5                      -2.8779772
                    2920                      -2.8624895
                  2922.5                      -2.8471948
                    2925                      -2.8320936
                  2927.5                      -2.8171898
                    2930                      -2.8024806
                  2932.5                       -2.787966
                    2935                      -2.7736464
                  2937.5                      -2.7595182
                    2940                       -2.745578
                  2942.5                      -2.7318234
                    2945                      -2.7182517
                  2947.5                      -2.7048564
                    2950                      -2.6916344
                  2952.5                      -2.6785789
                    2955                      -2.6656821
                  2957.5                      -2.6529415
                    2960                      -2.6403474
                  2962.5                      -2.6278923
                    2965                        -2.61557
                  2967.5                      -2.6033732
                    2970                      -2.5912901
                  2972.5                      -2.5793155
                    2975                      -2.5674404
                  2977.5                      -2.5556555
                    2980                      -2.5439526
                  2982.5                      -2.5323212
                    2985                      -2.5207546
                  2987.5                      -2.5092428
                    2990                      -2.4977779
                  2992.5                      -2.4863511
                    2995                      -2.4749532
                  2997.5                      -2.4635785
                    3000                       -2.452217

