        Frequency / MHz                S1,1/abs,dB
----------------------------------------------------------------------
                     500                     0.051410837
                   502.5                     0.085398003
                     505                      0.11792466
                   507.5                      0.14875608
                     510                      0.17767583
                   512.5                      0.20447639
                     515                      0.22896859
                   517.5                      0.25097557
                     520                      0.27033355
                   522.5                      0.28689399
                     525                      0.30052135
                   527.5                      0.31109636
                     530                      0.31850998
                   532.5                      0.32266705
                     535                      0.32348778
                   537.5                      0.32090423
                     540                       0.3148581
                   542.5                      0.30530865
                     545                      0.29222293
                   547.5                       0.2755835
                     550                      0.25538494
                   552.5                      0.23163497
                     555                      0.20434995
                   557.5                      0.17356565
                     560                      0.13932416
                   562.5                      0.10168764
                     565                     0.060725409
                   567.5                      0.01652359
                     570                    -0.030815039
                   572.5                    -0.081175631
                     575                     -0.13442737
                   577.5                     -0.19042347
                     580                     -0.24900204
                   582.5                     -0.30998318
                     585                     -0.37316885
                   587.5                     -0.43834825
                     590                      -0.5052878
                   592.5                     -0.57373848
                     595                     -0.64343585
                   597.5                     -0.71409451
                     600                     -0.78541518
                   602.5                      -0.8570822
                     605                     -0.92876316
                   607.5                      -1.0001176
                     610                      -1.0707853
                   612.5                      -1.1404048
                     615                       -1.208604
                   617.5                       -1.275007
                     620                       -1.339241
                   622.5                      -1.4009306
                     625                       -1.459715
                   627.5                      -1.5152438
                     630                      -1.5671801
                   632.5                      -1.6152128
                     635                      -1.6590528
                   637.5                      -1.6984459
                     640                      -1.7331689
                   642.5                      -1.7630404
                     645                      -1.7879144
                   647.5                      -1.8076967
                     650                      -1.8223307
                   652.5                      -1.8318108
                     655                       -1.836177
                   657.5                      -1.8355089
                     660                      -1.8299371
                   662.5                      -1.8196253
                     665                      -1.8047809
                   667.5                      -1.7856382
                     670                       -1.762465
                   672.5                      -1.7355534
                     675                       -1.705212
                   677.5                      -1.6717681
                     680                      -1.6355592
                   682.5                      -1.5969248
                     685                      -1.5562163
                   687.5                      -1.5137702
                     690                      -1.4699293
                   692.5                      -1.4250226
                     695                      -1.3793709
                   697.5                      -1.3332802
                     700                      -1.2870426
                   702.5                      -1.2409362
                     705                      -1.1952201
                   707.5                      -1.1501379
                     710                      -1.1059137
                   712.5                      -1.0627531
                     715                      -1.0208444
                   717.5                     -0.98035732
                     720                     -0.94144574
                   722.5                     -0.90424007
                     725                     -0.86886052
                   727.5                     -0.83540787
                     730                     -0.80396584
                   732.5                      -0.7746034
                     735                     -0.74737797
                   737.5                     -0.72232739
                     740                     -0.69947963
                   742.5                     -0.67884763
                     745                     -0.66043372
                   747.5                     -0.64422738
                     750                     -0.63020575
                   752.5                      -0.6183382
                     755                     -0.60857984
                   757.5                     -0.60087918
                     760                     -0.59517376
                   762.5                     -0.59139366
                     765                     -0.58945826
                   767.5                     -0.58928328
                     770                     -0.59077423
                   772.5                     -0.59382988
                     775                     -0.59834358
                   777.5                     -0.60420478
                     780                     -0.61129516
                   782.5                     -0.61949304
                     785                     -0.62867469
                   787.5                     -0.63871121
                     790                     -0.64947318
                   792.5                     -0.66082804
                     795                      -0.6726444
                   797.5                     -0.68478973
                     800                     -0.69713212
                   802.5                     -0.70954333
                     805                     -0.72189543
                   807.5                     -0.73406556
                     810                     -0.74593498
                   812.5                     -0.75738925
                     815                     -0.76832261
                   817.5                     -0.77863169
                     820                     -0.78822644
                   822.5                     -0.79701884
                     825                     -0.80493584
                   827.5                     -0.81190935
                     830                     -0.81788253
                   832.5                     -0.82280874
                     835                     -0.82665376
                   837.5                     -0.82938843
                     840                     -0.83100132
                   842.5                     -0.83148737
                     845                      -0.8308524
                   847.5                     -0.82911193
                     850                     -0.82629222
                   852.5                     -0.82242766
                     855                     -0.81756403
                   857.5                     -0.81175035
                     860                     -0.80504754
                   862.5                     -0.79752034
                     865                     -0.78923987
                   867.5                     -0.78028362
                     870                     -0.77073095
                   872.5                     -0.76066491
                     875                     -0.75017413
                   877.5                     -0.73934448
                     880                     -0.72826501
                   882.5                     -0.71702413
                     885                     -0.70570921
                   887.5                     -0.69440974
                     890                     -0.68320768
                   892.5                     -0.67218492
                     895                     -0.66142356
                   897.5                     -0.65099621
                     900                     -0.64097523
                   902.5                     -0.63142697
                     905                     -0.62241365
                   907.5                      -0.6139932
                     910                     -0.60621665
                   912.5                     -0.59912955
                     915                     -0.59277498
                   917.5                     -0.58718494
                     920                     -0.58239119
                   922.5                     -0.57841696
                     925                     -0.57527611
                   927.5                     -0.57298503
                     930                     -0.57154737
                   932.5                      -0.5709637
                     935                     -0.57122967
                   937.5                     -0.57233462
                     940                      -0.5742635
                   942.5                     -0.57699414
                     945                     -0.58050402
                   947.5                     -0.58476334
                     950                     -0.58973582
                   952.5                     -0.59538644
                     955                     -0.60167247
                   957.5                     -0.60855114
                     960                     -0.61597455
                   962.5                     -0.62389159
                     965                     -0.63225235
                   967.5                     -0.64100309
                     970                     -0.65008692
                   972.5                     -0.65944988
                     975                     -0.66903519
                   977.5                       -0.678786
                     980                     -0.68864682
                   982.5                     -0.69856139
                     985                     -0.70847637
                   987.5                     -0.71833882
                     990                     -0.72809839
                   992.5                      -0.7377069
                     995                     -0.74711785
                   997.5                     -0.75629141
                    1000                     -0.76518586
                  1002.5                     -0.77376831
                    1005                     -0.78200499
                  1007.5                     -0.78987009
                    1010                     -0.79734052
                  1012.5                     -0.80439846
                    1015                     -0.81102919
                  1017.5                     -0.81722368
                    1020                     -0.82297728
                  1022.5                     -0.82828855
                    1025                     -0.83316503
                  1027.5                     -0.83761373
                    1030                     -0.84164732
                  1032.5                     -0.84528373
                    1035                     -0.84854381
                  1037.5                     -0.85145246
                    1040                     -0.85403717
                  1042.5                     -0.85632923
                    1045                      -0.8583621
                  1047.5                     -0.86017231
                    1050                      -0.8617978
                  1052.5                     -0.86327758
                    1055                     -0.86465267
                  1057.5                     -0.86596565
                    1060                     -0.86725722
                  1062.5                     -0.86857245
                    1065                     -0.86995067
                  1067.5                     -0.87143674
                    1070                     -0.87306839
                  1072.5                     -0.87488921
                    1075                     -0.87693441
                  1077.5                     -0.87924187
                    1080                     -0.88184597
                  1082.5                     -0.88477966
                    1085                      -0.8880717
                  1087.5                     -0.89175025
                    1090                     -0.89584198
                  1092.5                     -0.90036401
                    1095                     -0.90533897
                  1097.5                     -0.91078077
                    1100                     -0.91670164
                  1102.5                     -0.92311199
                    1105                      -0.9300151
                  1107.5                      -0.9374154
                    1110                     -0.94531137
                  1112.5                     -0.95369944
                    1115                     -0.96257132
                  1117.5                     -0.97191866
                    1120                     -0.98172593
                  1122.5                     -0.99197868
                    1125                      -1.0026579
                  1127.5                      -1.0137406
                    1130                      -1.0252044
                  1132.5                      -1.0370233
                    1135                      -1.0491684
                  1137.5                      -1.0616095
                    1140                      -1.0743152
                  1142.5                      -1.0872544
                    1145                       -1.100391
                  1147.5                      -1.1136903
                    1150                      -1.1271186
                  1152.5                       -1.140637
                    1155                      -1.1542133
                  1157.5                      -1.1678086
                    1160                      -1.1813896
                  1162.5                      -1.1949213
                    1165                      -1.2083696
                  1167.5                       -1.221703
                    1170                      -1.2348903
                  1172.5                      -1.2479027
                    1175                      -1.2607113
                  1177.5                       -1.273291
                    1180                      -1.2856211
                  1182.5                      -1.2976775
                    1185                      -1.3094444
                  1187.5                      -1.3209052
                    1190                      -1.3320468
                  1192.5                      -1.3428588
                    1195                      -1.3533338
                  1197.5                      -1.3634672
                    1200                      -1.3732577
                  1202.5                       -1.382705
                    1205                      -1.3918124
                  1207.5                      -1.4005841
                    1210                      -1.4090314
                  1212.5                      -1.4171636
                    1215                      -1.4249921
                  1217.5                      -1.4325311
                    1220                      -1.4397991
                  1222.5                      -1.4468103
                    1225                       -1.453587
                  1227.5                      -1.4601468
                    1230                      -1.4665118
                  1232.5                      -1.4727019
                    1235                      -1.4787406
                  1237.5                      -1.4846478
                    1240                       -1.490448
                  1242.5                        -1.49616
                    1245                      -1.5018056
                  1247.5                      -1.5074044
                    1250                      -1.5129762
                  1252.5                      -1.5185392
                    1255                      -1.5241079
                  1257.5                      -1.5297005
                    1260                      -1.5353264
                  1262.5                      -1.5410013
                    1265                      -1.5467315
                  1267.5                      -1.5525277
                    1270                      -1.5583932
                  1272.5                      -1.5643321
                    1275                      -1.5703459
                  1277.5                      -1.5764331
                    1280                      -1.5825923
                  1282.5                      -1.5888162
                    1285                      -1.5950991
                  1287.5                      -1.6014301
                    1290                      -1.6077994
                  1292.5                      -1.6141925
                    1295                      -1.6205943
                  1297.5                      -1.6269899
                    1300                      -1.6333591
                  1302.5                       -1.639683
                    1305                      -1.6459416
                  1307.5                       -1.652111
                    1310                      -1.6581714
                  1312.5                      -1.6640971
                    1315                      -1.6698665
                  1317.5                       -1.675456
                    1320                      -1.6808408
                  1322.5                      -1.6859974
                    1325                      -1.6909038
                  1327.5                      -1.6955382
                    1330                      -1.6998789
                  1332.5                      -1.7039053
                    1335                      -1.7075982
                  1337.5                      -1.7109412
                    1340                      -1.7139181
                  1342.5                      -1.7165145
                    1345                      -1.7187201
                  1347.5                      -1.7205229
                    1350                       -1.721918
                  1352.5                      -1.7228976
                    1355                      -1.7234608
                  1357.5                      -1.7236049
                    1360                      -1.7233334
                  1362.5                      -1.7226505
                    1365                      -1.7215622
                  1367.5                      -1.7200785
                    1370                        -1.71821
                  1372.5                      -1.7159698
                    1375                      -1.7133754
                  1377.5                      -1.7104435
                    1380                      -1.7071929
                  1382.5                      -1.7036459
                    1385                      -1.6998254
                  1387.5                      -1.6957556
                    1390                      -1.6914604
                  1392.5                      -1.6869673
                    1395                      -1.6823036
                  1397.5                      -1.6774969
                    1400                      -1.6725752
                  1402.5                      -1.6675651
                    1405                      -1.6624984
                  1407.5                         -1.6574
                    1410                       -1.652299
                  1412.5                      -1.6472209
                    1415                      -1.6421945
                  1417.5                       -1.637242
                    1420                      -1.6323892
                  1422.5                      -1.6276588
                    1425                       -1.623072
                  1427.5                      -1.6186497
                    1430                      -1.6144092
                  1432.5                      -1.6103663
                    1435                      -1.6065385
                  1437.5                      -1.6029361
                    1440                      -1.5995729
                  1442.5                      -1.5964564
                    1445                      -1.5935925
                  1447.5                       -1.590989
                    1450                      -1.5886478
                  1452.5                      -1.5865718
                    1455                       -1.584758
                  1457.5                       -1.583207
                    1460                       -1.581913
                  1462.5                      -1.5808701
                    1465                      -1.5800716
                  1467.5                      -1.5795095
                    1470                      -1.5791729
                  1472.5                      -1.5790498
                    1475                      -1.5791295
                  1477.5                      -1.5793976
                    1480                       -1.579841
                  1482.5                       -1.580445
                    1485                      -1.5811927
                  1487.5                      -1.5820705
                    1490                       -1.583061
                  1492.5                      -1.5841511
                    1495                      -1.5853239
                  1497.5                      -1.5865642
                    1500                      -1.5878579
                  1502.5                      -1.5891921
                    1505                       -1.590552
                  1507.5                      -1.5919279
                    1510                      -1.5933077
                  1512.5                      -1.5946828
                    1515                      -1.5960444
                  1517.5                      -1.5973852
                    1520                       -1.598701
                  1522.5                      -1.5999874
                    1525                      -1.6012459
                  1527.5                      -1.6024736
                    1530                      -1.6036721
                  1532.5                      -1.6048468
                    1535                      -1.6060023
                  1537.5                      -1.6071471
                    1540                      -1.6082897
                  1542.5                      -1.6094412
                    1545                      -1.6106133
                  1547.5                      -1.6118205
                    1550                      -1.6130793
                  1552.5                      -1.6144059
                    1555                      -1.6158193
                  1557.5                      -1.6173403
                    1560                      -1.6189862
                  1562.5                      -1.6207828
                    1565                       -1.622751
                  1567.5                      -1.6249119
                    1570                      -1.6272929
                  1572.5                      -1.6299146
                    1575                      -1.6328034
                  1577.5                       -1.635983
                    1580                      -1.6394765
                  1582.5                      -1.6433098
                    1585                      -1.6475049
                  1587.5                      -1.6520846
                    1590                      -1.6570727
                  1592.5                      -1.6624893
                    1595                      -1.6683551
                  1597.5                       -1.674691
                    1600                      -1.6815156
                  1602.5                      -1.6888445
                    1605                      -1.6966953
                  1607.5                       -1.705082
                    1610                      -1.7140183
                  1612.5                      -1.7235171
                    1615                      -1.7335867
                  1617.5                      -1.7442386
                    1620                      -1.7554799
                  1622.5                       -1.767316
                    1625                      -1.7797535
                  1627.5                      -1.7927938
                    1630                      -1.8064398
                  1632.5                      -1.8206935
                    1635                      -1.8355554
                  1637.5                      -1.8510214
                    1640                      -1.8670918
                  1642.5                      -1.8837635
                    1645                      -1.9010323
                  1647.5                      -1.9188938
                    1650                      -1.9373447
                  1652.5                      -1.9563808
                    1655                      -1.9759951
                  1657.5                      -1.9961867
                    1660                      -2.0169473
                  1662.5                      -2.0382754
                    1665                      -2.0601688
                  1667.5                      -2.0826253
                    1670                      -2.1056432
                  1672.5                      -2.1292233
                    1675                      -2.1533686
                  1677.5                      -2.1780822
                    1680                      -2.2033715
                  1682.5                      -2.2292413
                    1685                      -2.2557065
                  1687.5                      -2.2827773
                    1690                      -2.3104692
                  1692.5                      -2.3388022
                    1695                      -2.3677973
                  1697.5                       -2.397478
                    1700                      -2.4278741
                  1702.5                      -2.4590167
                    1705                      -2.4909395
                  1707.5                      -2.5236822
                    1710                      -2.5572862
                  1712.5                      -2.5917975
                    1715                      -2.6272667
                  1717.5                      -2.6637441
                    1720                      -2.7012901
                  1722.5                      -2.7399626
                    1725                      -2.7798273
                  1727.5                      -2.8209528
                    1730                      -2.8634106
                  1732.5                      -2.9072763
                    1735                      -2.9526284
                  1737.5                      -2.9995496
                    1740                      -3.0481268
                  1742.5                      -3.0984464
                    1745                      -3.1506047
                  1747.5                      -3.2046958
                    1750                      -3.2608186
                  1752.5                      -3.3190756
                    1755                      -3.3795717
                  1757.5                      -3.4424145
                    1760                      -3.5077141
                  1762.5                      -3.5755869
                    1765                      -3.6461465
                  1767.5                       -3.719514
                    1770                      -3.7958095
                  1772.5                      -3.8751588
                    1775                      -3.9576903
                  1777.5                      -4.0435321
                    1780                      -4.1328157
                  1782.5                      -4.2256793
                    1785                      -4.3222575
                  1787.5                      -4.4226934
                    1790                      -4.5271282
                  1792.5                      -4.6357095
                    1795                      -4.7485825
                  1797.5                      -4.8659013
                    1800                      -4.9878165
                  1802.5                      -5.1144834
                    1805                      -5.2460622
                  1807.5                      -5.3827115
                    1810                       -5.524592
                  1812.5                      -5.6718648
                    1815                      -5.8246948
                  1817.5                      -5.9832459
                    1820                      -6.1476792
                  1822.5                      -6.3181553
                    1825                      -6.4948297
                  1827.5                      -6.6778552
                    1830                      -6.8673746
                  1832.5                      -7.0635222
                    1835                      -7.2664152
                  1837.5                      -7.4761556
                    1840                      -7.6928164
                  1842.5                      -7.9164465
                    1845                      -8.1470511
                  1847.5                      -8.3845823
                    1850                       -8.628938
                  1852.5                      -8.8799347
                    1855                      -9.1372899
                  1857.5                      -9.4006085
                    1860                        -9.66935
                  1862.5                      -9.9428029
                    1865                      -10.220042
                  1867.5                      -10.499902
                    1870                      -10.780924
                  1872.5                      -11.061322
                    1875                      -11.338932
                  1877.5                      -11.611188
                    1880                      -11.875093
                  1882.5                      -12.127226
                    1885                      -12.363775
                  1887.5                      -12.580623
                    1890                      -12.773476
                  1892.5                      -12.938058
                    1895                      -13.070352
                  1897.5                      -13.166873
                    1900                      -13.224937
                  1902.5                      -13.242891
                    1905                      -13.220274
                  1907.5                       -13.15785
                    1910                      -13.057542
                  1912.5                      -12.922251
                    1915                      -12.755621
                  1917.5                      -12.561751
                    1920                      -12.344935
                  1922.5                      -12.109435
                    1925                      -11.859295
                  1927.5                      -11.598225
                    1930                      -11.329541
                  1932.5                      -11.056121
                    1935                      -10.780424
                  1937.5                      -10.504509
                    1940                      -10.230068
                  1942.5                      -9.9584789
                    1945                      -9.6908373
                  1947.5                      -9.4280033
                    1950                      -9.1706411
                  1952.5                      -8.9192432
                    1955                       -8.674172
                  1957.5                      -8.4356735
                    1960                      -8.2039093
                  1962.5                      -7.9789606
                    1965                      -7.7608541
                  1967.5                      -7.5495696
                    1970                      -7.3450493
                  1972.5                       -7.147206
                    1975                      -6.9559303
                  1977.5                       -6.771096
                    1980                      -6.5925645
                  1982.5                      -6.4201878
                    1985                      -6.2538072
                  1987.5                      -6.0932648
                    1990                      -5.9383989
                  1992.5                      -5.7890408
                    1995                      -5.6450307
                  1997.5                       -5.506202
                    2000                      -5.3723918
                  2002.5                      -5.2434403
                    2005                      -5.1191872
                  2007.5                       -4.999476
                    2010                      -4.8841542
                  2012.5                      -4.7730698
                    2015                      -4.6660749
                  2017.5                       -4.563024
                    2020                       -4.463776
                  2022.5                      -4.3681916
                    2025                       -4.276135
                  2027.5                      -4.1874744
                    2030                      -4.1020784
                  2032.5                      -4.0198232
                    2035                      -3.9405842
                  2037.5                      -3.8642405
                    2040                      -3.7906765
                  2042.5                      -3.7197785
                    2045                      -3.6514344
                  2047.5                      -3.5855373
                    2050                      -3.5219836
                  2052.5                      -3.4606708
                    2055                      -3.4014997
                  2057.5                      -3.3443775
                    2060                      -3.2892117
                  2062.5                      -3.2359143
                    2065                      -3.1843982
                  2067.5                      -3.1345813
                    2070                      -3.0863861
                  2072.5                      -3.0397368
                    2075                      -2.9945608
                  2077.5                      -2.9507888
                    2080                      -2.9083544
                  2082.5                      -2.8671957
                    2085                      -2.8272535
                  2087.5                      -2.7884704
                    2090                      -2.7507959
                  2092.5                      -2.7141783
                    2095                      -2.6785705
                  2097.5                      -2.6439307
                    2100                      -2.6102165
                  2102.5                      -2.5773896
                    2105                      -2.5454184
                  2107.5                       -2.514267
                    2110                      -2.4839087
                  2112.5                      -2.4543133
                    2115                        -2.42546
                  2117.5                       -2.397324
                    2120                      -2.3698847
                  2122.5                      -2.3431252
                    2125                      -2.3170291
                  2127.5                      -2.2915818
                    2130                       -2.266771
                  2132.5                      -2.2425853
                    2135                      -2.2190138
                  2137.5                       -2.196049
                    2140                      -2.1736828
                  2142.5                      -2.1519094
                    2145                       -2.130722
                  2147.5                      -2.1101147
                    2150                      -2.0900842
                  2152.5                      -2.0706252
                    2155                      -2.0517337
                  2157.5                      -2.0334069
                    2160                      -2.0156397
                  2162.5                      -1.9984296
                    2165                      -1.9817722
                  2167.5                      -1.9656615
                    2170                      -1.9500952
                  2172.5                      -1.9350688
                    2175                      -1.9205768
                  2177.5                      -1.9066117
                    2180                      -1.8931692
                  2182.5                      -1.8802418
                    2185                      -1.8678219
                  2187.5                      -1.8559018
                    2190                      -1.8444734
                  2192.5                      -1.8335274
                    2195                      -1.8230537
                  2197.5                      -1.8130428
                    2200                      -1.8034835
                  2202.5                      -1.7943637
                    2205                      -1.7856729
                  2207.5                       -1.777398
                    2210                      -1.7695264
                  2212.5                      -1.7620447
                    2215                      -1.7549398
                  2217.5                      -1.7481989
                    2220                      -1.7418083
                  2222.5                      -1.7357534
                    2225                      -1.7300207
                  2227.5                      -1.7245967
                    2230                      -1.7194667
                  2232.5                      -1.7146188
                    2235                      -1.7100397
                  2237.5                      -1.7057148
                    2240                      -1.7016331
                  2242.5                      -1.6977835
                    2245                      -1.6941527
                  2247.5                      -1.6907302
                    2250                      -1.6875071
                  2252.5                      -1.6844724
                    2255                      -1.6816188
                  2257.5                       -1.678936
                    2260                      -1.6764186
                  2262.5                        -1.67406
                    2265                      -1.6718547
                  2267.5                      -1.6697986
                    2270                      -1.6678862
                  2272.5                      -1.6661163
                    2275                      -1.6644856
                  2277.5                      -1.6629953
                    2280                      -1.6616431
                  2282.5                      -1.6604297
                    2285                      -1.6593573
                  2287.5                      -1.6584268
                    2290                      -1.6576429
                  2292.5                       -1.657009
                    2295                      -1.6565276
                  2297.5                      -1.6562046
                    2300                       -1.656045
                  2302.5                      -1.6560543
                    2305                      -1.6562395
                  2307.5                      -1.6566061
                    2310                      -1.6571599
                  2312.5                      -1.6579107
                    2315                      -1.6588636
                  2317.5                      -1.6600253
                    2320                      -1.6614034
                  2322.5                      -1.6630046
                    2325                      -1.6648362
                  2327.5                      -1.6669054
                    2330                      -1.6692176
                  2332.5                      -1.6717793
                    2335                       -1.674596
                  2337.5                       -1.677673
                    2340                      -1.6810164
                  2342.5                       -1.684629
                    2345                      -1.6885157
                  2347.5                      -1.6926797
                    2350                       -1.697126
                  2352.5                      -1.7018527
                    2355                      -1.7068651
                  2357.5                      -1.7121636
                    2360                      -1.7177478
                  2362.5                      -1.7236195
                    2365                      -1.7297776
                  2367.5                      -1.7362207
                    2370                       -1.742948
                  2372.5                      -1.7499572
                    2375                      -1.7572456
                  2377.5                      -1.7648112
                    2380                       -1.772652
                  2382.5                      -1.7807625
                    2385                      -1.7891391
                  2387.5                        -1.79778
                    2390                      -1.8066799
                  2392.5                      -1.8158352
                    2395                      -1.8252407
                  2397.5                      -1.8348936
                    2400                      -1.8447885
                  2402.5                      -1.8549234
                    2405                      -1.8652931
                  2407.5                      -1.8758953
                    2410                      -1.8867254
                  2412.5                      -1.8977827
                    2415                      -1.9090622
                  2417.5                      -1.9205651
                    2420                      -1.9322878
                  2422.5                      -1.9442306
                    2425                      -1.9563932
                  2427.5                      -1.9687758
                    2430                      -1.9813804
                  2432.5                      -1.9942072
                    2435                      -2.0072602
                  2437.5                      -2.0205421
                    2440                      -2.0340563
                  2442.5                      -2.0478072
                    2445                      -2.0618027
                  2447.5                      -2.0760469
                    2450                      -2.0905469
                  2452.5                      -2.1053108
                    2455                      -2.1203451
                  2457.5                      -2.1356598
                    2460                      -2.1512653
                  2462.5                      -2.1671715
                    2465                      -2.1833876
                  2467.5                      -2.1999247
                    2470                      -2.2167948
                  2472.5                      -2.2340086
                    2475                      -2.2515804
                  2477.5                      -2.2695216
                    2480                      -2.2878448
                  2482.5                      -2.3065611
                    2485                      -2.3256878
                  2487.5                      -2.3452338
                    2490                      -2.3652129
                  2492.5                        -2.38564
                    2495                      -2.4065249
                  2497.5                      -2.4278832
                    2500                       -2.449726
                  2502.5                      -2.4720656
                    2505                      -2.4949131
                  2507.5                      -2.5182815
                    2510                      -2.5421814
                  2512.5                      -2.5666223
                    2515                      -2.5916178
                  2517.5                      -2.6171746
                    2520                      -2.6433021
                  2522.5                      -2.6700114
                    2525                      -2.6973098
                  2527.5                      -2.7252057
                    2530                      -2.7537055
                  2532.5                      -2.7828162
                    2535                      -2.8125451
                  2537.5                      -2.8428974
                    2540                      -2.8738781
                  2542.5                      -2.9054933
                    2545                      -2.9377475
                  2547.5                      -2.9706445
                    2550                      -3.0041879
                  2552.5                       -3.038381
                    2555                      -3.0732287
                  2557.5                      -3.1087331
                    2560                      -3.1448965
                  2562.5                       -3.181722
                    2565                      -3.2192121
                  2567.5                      -3.2573695
                    2570                       -3.296197
                  2572.5                      -3.3356981
                    2575                      -3.3758735
                  2577.5                      -3.4167286
                    2580                      -3.4582635
                  2582.5                      -3.5004836
                    2585                      -3.5433922
                  2587.5                      -3.5869929
                    2590                      -3.6312898
                  2592.5                      -3.6762874
                    2595                      -3.7219903
                  2597.5                      -3.7684047
                    2600                      -3.8155355
                  2602.5                      -3.8633884
                    2605                      -3.9119703
                  2607.5                      -3.9612873
                    2610                      -4.0113465
                  2612.5                      -4.0621546
                    2615                      -4.1137199
                  2617.5                      -4.1660496
                    2620                      -4.2191499
                  2622.5                      -4.2730299
                    2625                      -4.3276957
                  2627.5                      -4.3831552
                    2630                      -4.4394162
                  2632.5                      -4.4964828
                    2635                      -4.5543632
                  2637.5                      -4.6130588
                    2640                      -4.6725779
                  2642.5                      -4.7329202
                    2645                      -4.7940884
                  2647.5                      -4.8560835
                    2650                      -4.9189022
                  2652.5                      -4.9825428
                    2655                      -5.0469992
                  2657.5                      -5.1122627
                    2660                      -5.1783226
                  2662.5                      -5.2451671
                    2665                      -5.3127775
                  2667.5                      -5.3811372
                    2670                      -5.4502174
                  2672.5                      -5.5199955
                    2675                      -5.5904353
                  2677.5                      -5.6615046
                    2680                      -5.7331596
                  2682.5                       -5.805355
                    2685                      -5.8780385
                  2687.5                      -5.9511549
                    2690                      -6.0246388
                  2692.5                      -6.0984237
                    2695                      -6.1724337
                  2697.5                      -6.2465862
                    2700                      -6.3207944
                  2702.5                      -6.3949631
                    2705                      -6.4689913
                  2707.5                      -6.5427704
                    2710                      -6.6161865
                  2712.5                      -6.6891171
                    2715                      -6.7614354
                  2717.5                       -6.833007
                    2720                      -6.9036917
                  2722.5                      -6.9733453
                    2725                      -7.0418178
                  2727.5                      -7.1089544
                    2730                      -7.1745959
                  2732.5                      -7.2385848
                    2735                      -7.3007556
                  2737.5                      -7.3609446
                    2740                      -7.4189898
                  2742.5                      -7.4747271
                    2745                       -7.527998
                  2747.5                      -7.5786449
                    2750                      -7.6265165
                  2752.5                      -7.6714683
                    2755                      -7.7133629
                  2757.5                      -7.7520708
                    2760                      -7.7874753
                  2762.5                      -7.8194654
                    2765                      -7.8479502
                  2767.5                       -7.872846
                    2770                      -7.8940857
                  2772.5                      -7.9116158
                    2775                      -7.9253996
                  2777.5                      -7.9354144
                    2780                      -7.9416534
                  2782.5                      -7.9441259
                    2785                       -7.942856
                  2787.5                      -7.9378833
                    2790                      -7.9292594
                  2792.5                      -7.9170524
                    2795                      -7.9013408
                  2797.5                      -7.8822146
                    2800                      -7.8597755
                  2802.5                      -7.8341315
                    2805                      -7.8054011
                  2807.5                      -7.7737098
                    2810                      -7.7391861
                  2812.5                       -7.701963
                    2815                       -7.662178
                  2817.5                      -7.6199689
                    2820                      -7.5754739
                  2822.5                       -7.528833
                    2825                      -7.4801825
                  2827.5                      -7.4296576
                    2830                      -7.3773914
                  2832.5                      -7.3235129
                    2835                      -7.2681463
                  2837.5                      -7.2114131
                    2840                      -7.1534293
                  2842.5                      -7.0943063
                    2845                      -7.0341513
                  2847.5                      -6.9730643
                    2850                      -6.9111422
                  2852.5                      -6.8484741
                    2855                      -6.7851485
                  2857.5                      -6.7212435
                    2860                      -6.6568369
                  2862.5                      -6.5919989
                    2865                      -6.5267983
                  2867.5                      -6.4612972
                    2870                       -6.395555
                  2872.5                      -6.3296284
                    2875                      -6.2635696
                  2877.5                      -6.1974272
                    2880                      -6.1312488
                  2882.5                      -6.0650781
                    2885                      -5.9989568
                  2887.5                      -5.9329273
                    2890                      -5.8670247
                  2892.5                      -5.8012884
                    2895                      -5.7357513
                  2897.5                      -5.6704496
                    2900                      -5.6054162
                  2902.5                      -5.5406815
                    2905                      -5.4762776
                  2907.5                      -5.4122348
                    2910                      -5.3485841
                  2912.5                      -5.2853558
                    2915                      -5.2225766
                  2917.5                      -5.1602734
                    2920                      -5.0984774
                  2922.5                      -5.0372143
                    2925                      -4.9765103
                  2927.5                      -4.9163932
                    2930                      -4.8568857
                  2932.5                      -4.7980143
                    2935                      -4.7398031
                  2937.5                      -4.6822737
                    2940                      -4.6254499
                  2942.5                      -4.5693523
                    2945                          -4.514
                  2947.5                      -4.4594137
                    2950                      -4.4056098
                  2952.5                      -4.3526049
                    2955                      -4.3004124
                  2957.5                      -4.2490472
                    2960                      -4.1985209
                  2962.5                      -4.1488416
                    2965                      -4.1000202
                  2967.5                      -4.0520607
                    2970                      -4.0049695
                  2972.5                      -3.9587473
                    2975                      -3.9133954
                  2977.5                      -3.8689127
                    2980                      -3.8252944
                  2982.5                      -3.7825363
                    2985                      -3.7406298
                  2987.5                       -3.699566
                    2990                      -3.6593321
                  2992.5                       -3.619915
                    2995                      -3.5812997
                  2997.5                      -3.5434698
                    3000                      -3.5064028

