        Frequency / MHz                S1,1/abs,dB
----------------------------------------------------------------------
                     500                    -0.078301748
                   502.5                    -0.082404984
                     505                    -0.086384663
                   507.5                    -0.090238572
                     510                    -0.093959626
                   512.5                    -0.097544848
                     515                     -0.10098974
                   517.5                     -0.10429136
                     520                     -0.10744558
                   522.5                     -0.11044929
                     525                     -0.11330007
                   527.5                     -0.11599469
                     530                     -0.11853378
                   532.5                     -0.12091216
                     535                     -0.12312818
                   537.5                     -0.12518303
                     540                     -0.12707399
                   542.5                     -0.12880116
                     545                     -0.13036399
                   547.5                     -0.13176253
                     550                     -0.13299687
                   552.5                     -0.13406694
                     555                     -0.13497358
                   557.5                     -0.13572035
                     560                      -0.1363054
                   562.5                     -0.13673036
                     565                     -0.13699921
                   567.5                     -0.13711303
                     570                     -0.13707321
                   572.5                     -0.13688364
                     575                     -0.13654728
                   577.5                     -0.13606543
                     580                     -0.13544167
                   582.5                        -0.13468
                     585                     -0.13378505
                   587.5                     -0.13275835
                     590                     -0.13160407
                   592.5                     -0.13032795
                     595                     -0.12893267
                   597.5                      -0.1274225
                     600                      -0.1258028
                   602.5                     -0.12407743
                     605                     -0.12225176
                   607.5                     -0.12032912
                     610                     -0.11831566
                   612.5                     -0.11621579
                     615                     -0.11403458
                   617.5                     -0.11177606
                     620                     -0.10944799
                   622.5                     -0.10705291
                     625                     -0.10459598
                   627.5                     -0.10208408
                     630                    -0.099519227
                   632.5                     -0.09691103
                     635                    -0.094262113
                   637.5                    -0.091575294
                     640                    -0.088860123
                   642.5                    -0.086119961
                     645                    -0.083357737
                   647.5                    -0.080581996
                     650                    -0.077793668
                   652.5                    -0.075000915
                     655                    -0.072206774
                   657.5                    -0.069416779
                     660                    -0.066634229
                   662.5                    -0.063864134
                     665                    -0.061112882
                   667.5                    -0.058381479
                     670                    -0.055676809
                   672.5                    -0.053001231
                     675                    -0.050359307
                   677.5                    -0.047755962
                     680                    -0.045193384
                   682.5                     -0.04267544
                     685                    -0.040205877
                   687.5                    -0.037788702
                     690                    -0.035425043
                   692.5                    -0.033121401
                     695                    -0.030876969
                   697.5                    -0.028697622
                     700                    -0.026582912
                   702.5                    -0.024538395
                     705                    -0.022564529
                   707.5                    -0.020664925
                     710                    -0.018839902
                   712.5                    -0.017092033
                     715                    -0.015423676
                   717.5                    -0.013835432
                     720                    -0.012330559
                   722.5                    -0.010907762
                     725                   -0.0095695439
                   727.5                   -0.0083170129
                     730                   -0.0071520028
                   732.5                   -0.0060743718
                     735                   -0.0050839316
                   737.5                   -0.0041806581
                     740                   -0.0033660479
                   742.5                   -0.0026413284
                     745                   -0.0020047651
                   747.5                   -0.0014561395
                     750                  -0.00099582304
                   752.5                  -0.00062385758
                     755                  -0.00033845443
                   757.5                  -0.00013948211
                     760                  -2.8392731e-05
                   762.5                  -4.8366548e-07
                     765                  -5.5119167e-05
                   767.5                  -0.00019515325
                     770                  -0.00041510791
                   772.5                  -0.00071643434
                     775                   -0.0010960969
                   777.5                   -0.0015529871
                     780                   -0.0020843788
                   782.5                   -0.0026904545
                     785                    -0.003368104
                   787.5                   -0.0041146826
                     790                   -0.0049303101
                   792.5                   -0.0058130188
                     795                   -0.0067567453
                   797.5                   -0.0077643818
                     800                   -0.0088293966
                   802.5                   -0.0099513492
                     805                    -0.011128248
                   807.5                    -0.012355565
                     810                    -0.013633461
                   812.5                    -0.014958168
                     815                    -0.016325103
                   817.5                    -0.017734694
                     820                    -0.019181632
                   822.5                    -0.020665288
                     825                    -0.022181918
                   827.5                    -0.023729175
                     830                    -0.025303646
                   832.5                    -0.026903236
                     835                    -0.028524114
                   837.5                    -0.030164187
                     840                    -0.031820195
                   842.5                    -0.033490283
                     845                    -0.035170029
                   847.5                    -0.036858726
                     850                    -0.038550792
                   852.5                    -0.040245601
                     855                    -0.041941714
                   857.5                    -0.043632841
                     860                    -0.045318944
                   862.5                    -0.046995566
                     865                    -0.048662913
                   867.5                    -0.050314643
                     870                    -0.051951398
                   872.5                    -0.053568244
                     875                    -0.055165446
                   877.5                    -0.056738767
                     880                    -0.058286141
                   882.5                    -0.059806383
                     885                    -0.061296069
                   887.5                    -0.062754659
                     890                    -0.064177824
                   892.5                    -0.065566472
                     895                    -0.066916558
                   897.5                    -0.068227321
                     900                    -0.069496341
                   902.5                    -0.070722256
                     905                    -0.071904272
                   907.5                    -0.073040425
                     910                    -0.074129808
                   912.5                    -0.075169272
                     915                    -0.076160508
                   917.5                     -0.07710063
                     920                    -0.077988886
                   922.5                    -0.078824409
                     925                    -0.079606612
                   927.5                    -0.080334997
                     930                    -0.081008372
                   932.5                    -0.081626598
                     935                    -0.082189727
                   937.5                    -0.082696143
                     940                    -0.083146646
                   942.5                    -0.083540765
                     945                    -0.083879275
                   947.5                    -0.084160031
                     950                    -0.084384563
                   952.5                    -0.084554102
                     955                    -0.084667525
                   957.5                    -0.084725168
                     960                     -0.08472978
                   962.5                    -0.084679048
                     965                    -0.084574429
                   967.5                     -0.08441815
                     970                    -0.084208546
                   972.5                     -0.08394909
                     975                    -0.083638274
                   977.5                    -0.083279167
                     980                    -0.082872187
                   982.5                    -0.082417948
                     985                    -0.081918012
                   987.5                    -0.081374442
                     990                     -0.08078751
                   992.5                    -0.080159052
                     995                    -0.079490893
                   997.5                    -0.078784162
                    1000                    -0.078040664
                  1002.5                    -0.077261444
                    1005                     -0.07644845
                  1007.5                    -0.075604564
                    1010                    -0.074730171
                  1012.5                    -0.073826385
                    1015                    -0.072896485
                  1017.5                    -0.071942841
                    1020                    -0.070964581
                  1022.5                    -0.069966331
                    1025                    -0.068948687
                  1027.5                     -0.06791425
                    1030                    -0.066864552
                  1032.5                    -0.065799803
                    1035                    -0.064724475
                  1037.5                    -0.063640622
                    1040                    -0.062548801
                  1042.5                    -0.061450619
                    1045                    -0.060348008
                  1047.5                    -0.059245614
                    1050                    -0.058141696
                  1052.5                    -0.057040667
                    1055                     -0.05594325
                  1057.5                    -0.054851245
                    1060                    -0.053767028
                  1062.5                    -0.052691339
                    1065                    -0.051626983
                  1067.5                    -0.050576816
                    1070                    -0.049540505
                  1072.5                    -0.048519707
                    1075                    -0.047517246
                  1077.5                    -0.046533853
                    1080                    -0.045572698
                  1082.5                    -0.044633579
                    1085                    -0.043718161
                  1087.5                    -0.042829386
                    1090                    -0.041966363
                  1092.5                    -0.041131581
                    1095                    -0.040327177
                  1097.5                    -0.039553093
                    1100                    -0.038810892
                  1102.5                    -0.038102734
                    1105                     -0.03742742
                  1107.5                    -0.036788732
                    1110                     -0.03618444
                  1112.5                    -0.035617316
                    1115                    -0.035089074
                  1117.5                    -0.034600051
                    1120                       -0.034149
                  1122.5                    -0.033738118
                    1125                     -0.03336847
                  1127.5                    -0.033040094
                    1130                    -0.032753249
                  1132.5                    -0.032507785
                    1135                    -0.032305473
                  1137.5                    -0.032146391
                    1140                    -0.032029468
                  1142.5                    -0.031954882
                    1145                    -0.031924534
                  1147.5                    -0.031937537
                    1150                    -0.031992406
                  1152.5                    -0.032091605
                    1155                    -0.032234127
                  1157.5                    -0.032418595
                    1160                    -0.032645056
                  1162.5                    -0.032914469
                    1165                    -0.033224969
                  1167.5                    -0.033577217
                    1170                    -0.033970902
                  1172.5                    -0.034404911
                    1175                    -0.034878179
                  1177.5                    -0.035389925
                    1180                    -0.035940727
                  1182.5                    -0.036527875
                    1185                     -0.03715312
                  1187.5                    -0.037814658
                    1190                    -0.038510865
                  1192.5                    -0.039241203
                    1195                    -0.040004067
                  1197.5                     -0.04079937
                    1200                    -0.041625706
                  1202.5                    -0.042483353
                    1205                     -0.04336761
                  1207.5                    -0.044281182
                    1210                    -0.045220435
                  1212.5                    -0.046184715
                    1215                    -0.047173763
                  1217.5                     -0.04818682
                    1220                    -0.049219662
                  1222.5                    -0.050272143
                    1225                    -0.051343679
                  1227.5                    -0.052433685
                    1230                      -0.0535387
                  1232.5                     -0.05465986
                    1235                     -0.05579296
                  1237.5                    -0.056937745
                    1240                    -0.058093758
                  1242.5                    -0.059258822
                    1245                    -0.060430621
                  1247.5                    -0.061608716
                    1250                    -0.062792371
                  1252.5                     -0.06397882
                    1255                    -0.065167899
                  1257.5                    -0.066356542
                    1260                    -0.067545011
                  1262.5                    -0.068730367
                    1265                    -0.069911996
                  1267.5                    -0.071088663
                    1270                    -0.072260599
                  1272.5                    -0.073423148
                    1275                    -0.074577319
                  1277.5                    -0.075720325
                    1280                    -0.076852884
                  1282.5                      -0.0779716
                    1285                    -0.079076983
                  1287.5                     -0.08016756
                    1290                    -0.081241807
                  1292.5                    -0.082298001
                    1295                    -0.083336954
                  1297.5                    -0.084355081
                    1300                    -0.085353429
                  1302.5                    -0.086329846
                    1305                    -0.087283933
                  1307.5                    -0.088216002
                    1310                    -0.089121951
                  1312.5                    -0.090005843
                    1315                    -0.090861454
                  1317.5                     -0.09169218
                    1320                    -0.092494491
                  1322.5                    -0.093271849
                    1325                    -0.094019538
                  1327.5                    -0.094737937
                    1330                    -0.095427819
                  1332.5                    -0.096088475
                    1335                    -0.096718813
                  1337.5                    -0.097320281
                    1340                    -0.097890323
                  1342.5                    -0.098430538
                    1345                    -0.098939262
                  1347.5                    -0.099417819
                    1350                    -0.099865322
                  1352.5                     -0.10028152
                    1355                      -0.1006664
                  1357.5                     -0.10102187
                    1360                     -0.10134593
                  1362.5                     -0.10163976
                    1365                     -0.10190433
                  1367.5                     -0.10213887
                    1370                     -0.10234359
                  1372.5                     -0.10251922
                    1375                     -0.10266573
                  1377.5                     -0.10278553
                    1380                     -0.10287697
                  1382.5                     -0.10294077
                    1385                     -0.10297959
                  1387.5                     -0.10299168
                    1390                     -0.10297973
                  1392.5                     -0.10294237
                    1395                     -0.10288251
                  1397.5                     -0.10280024
                    1400                     -0.10269641
                  1402.5                     -0.10257044
                    1405                     -0.10242631
                  1407.5                     -0.10226086
                    1410                     -0.10207915
                  1412.5                     -0.10188076
                    1415                     -0.10166496
                  1417.5                     -0.10143535
                    1420                     -0.10119209
                  1422.5                     -0.10093521
                    1425                     -0.10066822
                  1427.5                     -0.10038928
                    1430                     -0.10010182
                  1432.5                    -0.099806963
                    1435                    -0.099504709
                  1437.5                    -0.099197262
                    1440                    -0.098883441
                  1442.5                    -0.098568473
                    1445                    -0.098249964
                  1447.5                    -0.097932706
                    1450                     -0.09761469
                  1452.5                    -0.097299131
                    1455                    -0.096984773
                  1457.5                    -0.096677005
                    1460                    -0.096372312
                  1462.5                    -0.096074572
                    1465                    -0.095785417
                  1467.5                    -0.095504629
                    1470                    -0.095234193
                  1472.5                     -0.09497495
                    1475                    -0.094727756
                  1477.5                     -0.09449417
                    1480                    -0.094275751
                  1482.5                    -0.094072227
                    1485                    -0.093885835
                  1487.5                    -0.093716666
                    1490                    -0.093566566
                  1492.5                    -0.093436384
                    1495                    -0.093326398
                  1497.5                    -0.093238532
                    1500                     -0.09317383
                  1502.5                    -0.093130282
                    1505                     -0.09311354
                  1507.5                    -0.093120767
                    1510                    -0.093151963
                  1512.5                    -0.093211802
                    1515                    -0.093298195
                  1517.5                    -0.093411708
                    1520                    -0.093554232
                  1522.5                    -0.093726014
                    1525                    -0.093924979
                  1527.5                    -0.094156337
                    1530                    -0.094417197
                  1532.5                     -0.09470811
                    1535                    -0.095030147
                  1537.5                    -0.095384439
                    1540                    -0.095769583
                  1542.5                    -0.096185756
                    1545                     -0.09663475
                  1547.5                    -0.097115901
                    1550                    -0.097628042
                  1552.5                     -0.09817288
                    1555                    -0.098750635
                  1557.5                    -0.099359348
                    1560                     -0.10000029
                  1562.5                     -0.10067317
                    1565                      -0.1013771
                  1567.5                     -0.10211226
                    1570                      -0.1028784
                  1572.5                     -0.10367567
                    1575                     -0.10450297
                  1577.5                     -0.10535952
                    1580                      -0.1062457
                  1582.5                     -0.10715997
                    1585                     -0.10810214
                  1587.5                     -0.10907268
                    1590                     -0.11006966
                  1592.5                     -0.11109253
                    1595                     -0.11214002
                  1597.5                     -0.11321426
                    1600                     -0.11431132
                  1602.5                     -0.11543137
                    1605                     -0.11657338
                  1607.5                     -0.11773633
                    1610                     -0.11891989
                  1612.5                     -0.12012255
                    1615                     -0.12134381
                  1617.5                     -0.12258056
                    1620                     -0.12383595
                  1622.5                      -0.1251041
                    1625                     -0.12638614
                  1627.5                     -0.12768254
                    1630                     -0.12898929
                  1632.5                     -0.13030628
                    1635                     -0.13163289
                  1637.5                     -0.13296672
                    1640                     -0.13430754
                  1642.5                     -0.13565512
                    1645                     -0.13700543
                  1647.5                     -0.13835924
                    1650                     -0.13971449
                  1652.5                     -0.14106934
                    1655                     -0.14242351
                  1657.5                      -0.1437754
                    1660                     -0.14512471
                  1662.5                     -0.14646715
                    1665                     -0.14780522
                  1667.5                     -0.14913417
                    1670                     -0.15045626
                  1672.5                     -0.15176584
                    1675                     -0.15306668
                  1677.5                     -0.15435365
                    1680                      -0.1556258
                  1682.5                     -0.15688445
                    1685                     -0.15812621
                  1687.5                     -0.15935076
                    1690                     -0.16055734
                  1692.5                      -0.1617426
                    1695                     -0.16290831
                  1697.5                     -0.16405104
                    1700                     -0.16517139
                  1702.5                      -0.1662676
                    1705                     -0.16733857
                  1707.5                     -0.16838442
                    1710                     -0.16940254
                  1712.5                      -0.1703929
                    1715                     -0.17135394
                  1717.5                       -0.172286
                    1720                     -0.17318834
                  1722.5                     -0.17405971
                    1725                     -0.17489834
                  1727.5                     -0.17570578
                    1730                     -0.17648046
                  1732.5                     -0.17722006
                    1735                     -0.17792699
                  1737.5                      -0.1785992
                    1740                     -0.17923659
                  1742.5                     -0.17983814
                    1745                     -0.18040485
                  1747.5                     -0.18093609
                    1750                      -0.1814299
                  1752.5                     -0.18189003
                    1755                     -0.18231253
                  1757.5                     -0.18269886
                    1760                     -0.18304989
                  1762.5                     -0.18336382
                    1765                     -0.18364295
                  1767.5                     -0.18388473
                    1770                     -0.18409228
                  1772.5                     -0.18426369
                    1775                     -0.18440098
                  1777.5                     -0.18450274
                    1780                     -0.18457064
                  1782.5                     -0.18460607
                    1785                     -0.18460785
                  1787.5                     -0.18457753
                    1790                     -0.18451516
                  1792.5                     -0.18442214
                    1795                     -0.18429903
                  1797.5                     -0.18414661
                    1800                     -0.18396498
                  1802.5                     -0.18375598
                    1805                     -0.18352031
                  1807.5                     -0.18326035
                    1810                     -0.18297472
                  1812.5                     -0.18266626
                    1815                     -0.18233471
                  1817.5                     -0.18198289
                    1820                     -0.18161106
                  1822.5                     -0.18122014
                    1825                     -0.18081197
                  1827.5                     -0.18038715
                    1830                     -0.17994871
                  1832.5                     -0.17949737
                    1835                     -0.17903349
                  1837.5                     -0.17855958
                    1840                     -0.17807608
                  1842.5                     -0.17758578
                    1845                     -0.17708858
                  1847.5                     -0.17658842
                    1850                     -0.17608494
                  1852.5                     -0.17557972
                    1855                     -0.17507485
                  1857.5                     -0.17457227
                    1860                     -0.17407347
                  1862.5                     -0.17357924
                    1865                     -0.17309283
                  1867.5                     -0.17261403
                    1870                     -0.17214429
                  1872.5                      -0.1716869
                    1875                      -0.1712429
                  1877.5                     -0.17081375
                    1880                     -0.17040082
                  1882.5                     -0.17000624
                    1885                     -0.16963111
                  1887.5                     -0.16927702
                    1890                     -0.16894556
                  1892.5                     -0.16863886
                    1895                     -0.16835715
                  1897.5                       -0.168103
                    1900                     -0.16787726
                  1902.5                     -0.16768201
                    1905                     -0.16751792
                  1907.5                     -0.16738703
                    1910                     -0.16729027
                  1912.5                      -0.1672293
                    1915                     -0.16720462
                  1917.5                     -0.16721808
                    1920                     -0.16727085
                  1922.5                     -0.16736486
                    1925                     -0.16749824
                  1927.5                     -0.16767569
                    1930                      -0.1678967
                  1932.5                     -0.16816228
                    1935                     -0.16847224
                  1937.5                     -0.16882895
                    1940                     -0.16923306
                  1942.5                     -0.16968537
                    1945                     -0.17018556
                  1947.5                     -0.17073527
                    1950                     -0.17133393
                  1952.5                     -0.17198483
                    1955                     -0.17268455
                  1957.5                     -0.17343701
                    1960                     -0.17423856
                  1962.5                      -0.1750939
                    1965                     -0.17600027
                  1967.5                     -0.17695959
                    1970                     -0.17797107
                  1972.5                      -0.1790336
                    1975                     -0.18014971
                  1977.5                      -0.1813165
                    1980                     -0.18253564
                  1982.5                     -0.18380644
                    1985                     -0.18512889
                  1987.5                      -0.1865017
                    1990                     -0.18792502
                  1992.5                     -0.18939887
                    1995                       -0.190921
                  1997.5                     -0.19249229
                    2000                     -0.19411153
                  2002.5                     -0.19577811
                    2005                     -0.19748998
                  2007.5                     -0.19924759
                    2010                     -0.20104947
                  2012.5                     -0.20289398
                    2015                     -0.20478059
                  2017.5                     -0.20670832
                    2020                     -0.20867521
                  2022.5                     -0.21068151
                    2025                     -0.21272357
                  2027.5                     -0.21480096
                    2030                     -0.21691291
                  2032.5                     -0.21905578
                    2035                     -0.22123032
                  2037.5                     -0.22343331
                    2040                     -0.22566389
                  2042.5                     -0.22791943
                    2045                     -0.23019831
                  2047.5                     -0.23249932
                    2050                     -0.23481976
                  2052.5                     -0.23715674
                    2055                     -0.23951164
                  2057.5                     -0.24187761
                    2060                     -0.24425699
                  2062.5                     -0.24664437
                    2065                     -0.24903981
                  2067.5                     -0.25143956
                    2070                     -0.25384292
                  2072.5                     -0.25624459
                    2075                     -0.25864629
                  2077.5                     -0.26104214
                    2080                     -0.26343213
                  2082.5                     -0.26581292
                    2085                     -0.26818284
                  2087.5                     -0.27053811
                    2090                     -0.27287734
                  2092.5                     -0.27519855
                    2095                      -0.2774986
                  2097.5                     -0.27977426
                    2100                     -0.28202461
                  2102.5                     -0.28424596
                    2105                     -0.28643682
                  2107.5                     -0.28859532
                    2110                     -0.29071828
                  2112.5                     -0.29280258
                    2115                     -0.29484891
                  2117.5                     -0.29685004
                    2120                      -0.2988081
                  2122.5                     -0.30071909
                    2125                     -0.30258146
                  2127.5                     -0.30439167
                    2130                     -0.30614857
                  2132.5                     -0.30784919
                    2135                     -0.30949392
                  2137.5                     -0.31107731
                    2140                     -0.31259993
                  2142.5                     -0.31405849
                    2145                     -0.31545202
                  2147.5                     -0.31677973
                    2150                     -0.31803654
                  2152.5                      -0.3192259
                    2155                     -0.32034149
                  2157.5                     -0.32138363
                    2160                      -0.3223512
                  2162.5                     -0.32324243
                    2165                      -0.3240562
                  2167.5                       -0.324792
                    2170                      -0.3254472
                  2172.5                     -0.32602179
                    2175                      -0.3265156
                  2177.5                     -0.32692755
                    2180                     -0.32725447
                  2182.5                     -0.32749825
                    2185                     -0.32765698
                  2187.5                     -0.32773142
                    2190                     -0.32772065
                  2192.5                     -0.32762453
                    2195                     -0.32744195
                  2197.5                      -0.3271743
                    2200                     -0.32682084
                  2202.5                      -0.3263819
                    2205                     -0.32585705
                  2207.5                      -0.3252473
                    2210                     -0.32455316
                  2212.5                     -0.32377428
                    2215                     -0.32291284
                  2217.5                     -0.32196802
                    2220                      -0.3209414
                  2222.5                     -0.31983423
                    2225                     -0.31864681
                  2227.5                     -0.31738094
                    2230                      -0.3160375
                  2232.5                     -0.31461654
                    2235                     -0.31312265
                  2237.5                       -0.311554
                    2240                     -0.30991275
                  2242.5                     -0.30820303
                    2245                     -0.30642418
                  2247.5                     -0.30457973
                    2250                      -0.3026699
                  2252.5                     -0.30069767
                    2255                     -0.29866481
                  2257.5                      -0.2965745
                    2260                     -0.29442638
                  2262.5                     -0.29222635
                    2265                     -0.28997314
                  2267.5                     -0.28767213
                    2270                      -0.2853236
                  2272.5                     -0.28293173
                    2275                     -0.28049853
                  2277.5                     -0.27802699
                    2280                     -0.27551973
                  2282.5                     -0.27297818
                    2285                     -0.27040547
                  2287.5                     -0.26780711
                    2290                     -0.26518175
                  2292.5                     -0.26253666
                    2295                     -0.25987069
                  2297.5                     -0.25719097
                    2300                     -0.25449699
                  2302.5                     -0.25179162
                    2305                     -0.24908114
                  2307.5                     -0.24636515
                    2310                     -0.24364922
                  2312.5                     -0.24093421
                    2315                      -0.2382246
                  2317.5                     -0.23552096
                    2320                     -0.23283071
                  2322.5                     -0.23015194
                    2325                     -0.22749189
                  2327.5                     -0.22484926
                    2330                     -0.22223137
                  2332.5                     -0.21963926
                    2335                     -0.21707251
                  2337.5                     -0.21454004
                    2340                     -0.21203807
                  2342.5                     -0.20957554
                    2345                     -0.20715179
                  2347.5                     -0.20476741
                    2350                     -0.20243083
                  2352.5                     -0.20013919
                    2355                     -0.19789751
                  2357.5                     -0.19570605
                    2360                     -0.19357047
                  2362.5                      -0.1914905
                    2365                     -0.18946863
                  2367.5                     -0.18750968
                    2370                     -0.18561214
                  2372.5                     -0.18377786
                    2375                     -0.18201178
                  2377.5                     -0.18031482
                    2380                     -0.17868702
                  2382.5                     -0.17713051
                    2385                     -0.17564785
                  2387.5                     -0.17423922
                    2390                     -0.17290581
                  2392.5                      -0.1716516
                    2395                     -0.17047534
                  2397.5                     -0.16937756
                    2400                     -0.16836118
                  2402.5                     -0.16742521
                    2405                     -0.16657213
                  2407.5                     -0.16580111
                    2410                     -0.16511302
                  2412.5                     -0.16450963
                    2415                      -0.1639885
                  2417.5                     -0.16355201
                    2420                     -0.16320065
                  2422.5                     -0.16293141
                    2425                     -0.16274747
                  2427.5                     -0.16264693
                    2430                     -0.16262819
                  2432.5                     -0.16269361
                    2435                     -0.16284123
                  2437.5                     -0.16306927
                    2440                     -0.16337889
                  2442.5                     -0.16376863
                    2445                     -0.16423591
                  2447.5                     -0.16478067
                    2450                     -0.16540102
                  2452.5                     -0.16609643
                    2455                     -0.16686574
                  2457.5                     -0.16770629
                    2460                     -0.16861597
                  2462.5                     -0.16959426
                    2465                     -0.17063847
                  2467.5                     -0.17174651
                    2470                     -0.17291661
                  2472.5                      -0.1741456
                    2475                     -0.17543249
                  2477.5                     -0.17677444
                    2480                     -0.17816796
                  2482.5                     -0.17961178
                    2485                     -0.18110266
                  2487.5                     -0.18263632
                    2490                     -0.18421289
                  2492.5                     -0.18582713
                    2495                     -0.18747694
                  2497.5                     -0.18915816
                    2500                     -0.19086846
                  2502.5                     -0.19260434
                    2505                     -0.19436288
                  2507.5                     -0.19614142
                    2510                     -0.19793421
                  2512.5                      -0.1997406
                    2515                     -0.20155377
                  2517.5                     -0.20337311
                    2520                     -0.20519423
                  2522.5                     -0.20701288
                    2525                     -0.20882538
                  2527.5                     -0.21062909
                    2530                     -0.21241947
                  2532.5                     -0.21419287
                    2535                     -0.21594663
                  2537.5                     -0.21767444
                    2540                     -0.21937621
                  2542.5                     -0.22104544
                    2545                     -0.22267848
                  2547.5                     -0.22427422
                    2550                     -0.22582702
                  2552.5                     -0.22733313
                    2555                     -0.22879021
                  2557.5                     -0.23019411
                    2560                     -0.23154087
                  2562.5                     -0.23282803
                    2565                     -0.23405161
                  2567.5                     -0.23520919
                    2570                     -0.23629529
                  2572.5                     -0.23730923
                    2575                     -0.23824735
                  2577.5                     -0.23910631
                    2580                     -0.23988347
                  2582.5                     -0.24057643
                    2585                     -0.24118199
                  2587.5                     -0.24169772
                    2590                     -0.24212134
                  2592.5                      -0.2424503
                    2595                     -0.24268378
                  2597.5                     -0.24281759
                    2600                     -0.24285104
                  2602.5                     -0.24278176
                    2605                     -0.24260949
                  2607.5                     -0.24233052
                    2610                     -0.24194566
                  2612.5                     -0.24145339
                    2615                     -0.24085062
                  2617.5                     -0.24013863
                    2620                     -0.23931689
                  2622.5                     -0.23838377
                    2625                     -0.23733934
                  2627.5                       -0.236182
                    2630                     -0.23491579
                  2632.5                     -0.23353634
                    2635                      -0.2320471
                  2637.5                     -0.23044625
                    2640                     -0.22873654
                  2642.5                     -0.22691717
                    2645                      -0.2249904
                  2647.5                     -0.22295684
                    2650                     -0.22081699
                  2652.5                     -0.21857521
                    2655                     -0.21623008
                  2657.5                     -0.21378624
                    2660                     -0.21124287
                  2662.5                     -0.20860488
                    2665                     -0.20587323
                  2667.5                      -0.2030515
                    2670                     -0.20014145
                  2672.5                     -0.19714637
                    2675                     -0.19406875
                  2677.5                     -0.19091325
                    2680                     -0.18768226
                  2682.5                      -0.1843789
                    2685                      -0.1810076
                  2687.5                     -0.17757137
                    2690                     -0.17407372
                  2692.5                     -0.17052143
                    2695                      -0.1669167
                  2697.5                     -0.16326157
                    2700                     -0.15956327
                  2702.5                     -0.15582763
                    2705                     -0.15205543
                  2707.5                     -0.14825327
                    2710                     -0.14442619
                  2712.5                     -0.14057731
                    2715                     -0.13671367
                  2717.5                     -0.13283787
                    2720                     -0.12895686
                  2722.5                     -0.12507505
                    2725                     -0.12119704
                  2727.5                     -0.11732874
                    2730                     -0.11347536
                  2732.5                     -0.10964097
                    2735                     -0.10583204
                  2737.5                     -0.10205296
                    2740                    -0.098308017
                  2742.5                    -0.094603732
                    2745                    -0.090945431
                  2747.5                     -0.08733854
                    2750                    -0.083786831
                  2752.5                    -0.080295421
                    2755                    -0.076870404
                  2757.5                    -0.073516238
                    2760                    -0.070237385
                  2762.5                    -0.067040889
                    2765                    -0.063927965
                  2767.5                    -0.060906769
                    2770                    -0.057979607
                  2772.5                    -0.055151617
                    2775                    -0.052428432
                  2777.5                    -0.049813134
                    2780                    -0.047309763
                  2782.5                     -0.04492366
                    2785                    -0.042657409
                  2787.5                    -0.040515572
                    2790                    -0.038503243
                  2792.5                    -0.036621085
                    2795                    -0.034875645
                  2797.5                    -0.033267635
                    2800                    -0.031803566
                  2802.5                    -0.030482262
                    2805                    -0.029309119
                  2807.5                    -0.028284995
                    2810                    -0.027414799
                  2812.5                    -0.026699341
                    2815                    -0.026140377
                  2817.5                    -0.025740576
                    2820                    -0.025502171
                  2822.5                    -0.025425687
                    2825                    -0.025512254
                  2827.5                    -0.025763624
                    2830                    -0.026180123
                  2832.5                    -0.026762013
                    2835                    -0.027511929
                  2837.5                    -0.028427269
                    2840                    -0.029509879
                  2842.5                    -0.030758492
                    2845                    -0.032173361
                  2847.5                    -0.033753385
                    2850                    -0.035497399
                  2852.5                    -0.037403787
                    2855                    -0.039472511
                  2857.5                    -0.041700618
                    2860                    -0.044086672
                  2862.5                    -0.046628205
                    2865                    -0.049323712
                  2867.5                    -0.052169175
                    2870                    -0.055162394
                  2872.5                    -0.058300827
                    2875                    -0.061579038
                  2877.5                    -0.064994451
                    2880                    -0.068543246
                  2882.5                    -0.072221946
                    2885                    -0.076024255
                  2887.5                    -0.079946207
                    2890                    -0.083984359
                  2892.5                     -0.08813072
                    2895                    -0.092381698
                  2897.5                    -0.096731802
                    2900                     -0.10117373
                  2902.5                     -0.10570313
                    2905                     -0.11031235
                  2907.5                      -0.1149955
                    2910                     -0.11974539
                  2912.5                      -0.1245547
                    2915                     -0.12941701
                  2917.5                     -0.13432343
                    2920                     -0.13926784
                  2922.5                      -0.1442425
                    2925                     -0.14923984
                  2927.5                     -0.15424863
                    2930                     -0.15926443
                  2932.5                      -0.1642767
                    2935                     -0.16927775
                  2937.5                     -0.17425976
                    2940                     -0.17921054
                  2942.5                      -0.1841256
                    2945                     -0.18899284
                  2947.5                       -0.193804
                    2950                     -0.19855096
                  2952.5                     -0.20322417
                    2955                     -0.20781352
                  2957.5                     -0.21231149
                    2960                     -0.21670675
                  2962.5                     -0.22099234
                    2965                     -0.22515898
                  2967.5                     -0.22919505
                    2970                     -0.23309485
                  2972.5                     -0.23684732
                    2975                     -0.24044392
                  2977.5                     -0.24387719
                    2980                     -0.24713727
                  2982.5                     -0.25021762
                    2985                      -0.2531082
                  2987.5                     -0.25580113
                    2990                     -0.25828921
                  2992.5                     -0.26056514
                    2995                     -0.26262112
                  2997.5                     -0.26444927
                    3000                     -0.26604546

