        Frequency / MHz                S1,1/abs,dB
----------------------------------------------------------------------
                     500                     -0.40237117
                   502.5                     -0.38943489
                     505                     -0.37346888
                   507.5                     -0.35466249
                     510                     -0.33323145
                   512.5                     -0.30941817
                     515                      -0.2834852
                   517.5                     -0.25571213
                     520                      -0.2263922
                   522.5                     -0.19583037
                     525                     -0.16433568
                   527.5                       -0.132223
                     530                    -0.099802878
                   532.5                    -0.067387583
                     535                    -0.035280544
                   537.5                   -0.0037773904
                     540                     0.026834404
                   542.5                      0.05627846
                     545                     0.084294638
                   547.5                      0.11063318
                     550                      0.13506126
                   552.5                       0.1573592
                     555                      0.17732776
                   557.5                      0.19478113
                     560                      0.20954872
                   562.5                      0.22147933
                     565                      0.23043905
                   567.5                      0.23630779
                     570                      0.23898425
                   572.5                      0.23838383
                     575                       0.2344403
                   577.5                      0.22709824
                     580                      0.21632526
                   582.5                      0.20210414
                     585                      0.18443132
                   587.5                      0.16332134
                     590                      0.13880723
                   592.5                      0.11094034
                     595                     0.079783961
                   597.5                     0.045421154
                     600                    0.0079581626
                   602.5                    -0.032490769
                     605                     -0.07578353
                   607.5                     -0.12176708
                     610                     -0.17026413
                   612.5                     -0.22108309
                     615                     -0.27400894
                   617.5                     -0.32881077
                     620                     -0.38524073
                   622.5                     -0.44302774
                     625                     -0.50188812
                   627.5                     -0.56151808
                     630                     -0.62160031
                   632.5                      -0.6818029
                     635                     -0.74178296
                   637.5                     -0.80118583
                     640                      -0.8596502
                   642.5                     -0.91681247
                     645                     -0.97230522
                   647.5                       -1.025767
                     650                      -1.0768414
                   652.5                      -1.1251832
                     655                      -1.1704666
                   657.5                      -1.2123811
                     660                      -1.2506454
                   662.5                      -1.2850051
                     665                      -1.3152412
                   667.5                       -1.341169
                     670                      -1.3626471
                   672.5                      -1.3795736
                     675                      -1.3918911
                   677.5                      -1.3995881
                     680                       -1.402698
                   682.5                      -1.4012951
                     685                      -1.3954994
                   687.5                      -1.3854663
                     690                      -1.3713909
                   692.5                      -1.3534986
                     695                      -1.3320472
                   697.5                      -1.3073112
                     700                      -1.2795909
                   702.5                         -1.2492
                     705                      -1.2164617
                   707.5                       -1.181706
                     710                      -1.1452645
                   712.5                      -1.1074659
                     715                       -1.068637
                   717.5                       -1.029092
                     720                     -0.98913712
                   722.5                     -0.94906487
                     725                     -0.90915451
                   727.5                     -0.86966666
                     730                     -0.83084627
                   732.5                     -0.79291855
                     735                     -0.75609287
                   737.5                      -0.7205571
                     740                     -0.68648006
                   742.5                      -0.6540132
                     745                      -0.6232872
                   747.5                     -0.59441722
                     750                     -0.56749656
                   752.5                     -0.54260359
                     755                     -0.51979699
                   757.5                     -0.49912254
                     760                     -0.48060636
                   762.5                     -0.46426071
                     765                     -0.45008357
                   767.5                     -0.43805831
                     770                     -0.42815331
                   772.5                     -0.42032514
                     775                     -0.41451837
                   777.5                     -0.41066579
                     780                     -0.40869012
                   782.5                     -0.40849879
                     785                     -0.40999712
                   787.5                     -0.41307504
                     790                     -0.41761987
                   792.5                     -0.42350666
                     795                     -0.43060622
                   797.5                     -0.43878416
                     800                     -0.44790134
                   802.5                     -0.45781286
                     805                     -0.46837432
                   807.5                     -0.47943694
                     810                     -0.49085446
                   812.5                     -0.50247928
                     815                     -0.51416218
                   817.5                     -0.52576407
                     820                     -0.53714407
                   822.5                     -0.54817094
                     825                     -0.55871553
                   827.5                      -0.5686586
                     830                     -0.57788928
                   832.5                     -0.58630606
                     835                     -0.59381794
                   837.5                     -0.60034468
                     840                     -0.60581795
                   842.5                     -0.61017993
                     845                     -0.61338916
                   847.5                     -0.61541449
                     850                     -0.61623783
                   852.5                     -0.61585497
                     855                     -0.61427291
                   857.5                     -0.61151322
                     860                     -0.60760789
                   862.5                     -0.60259762
                     865                       -0.596538
                   867.5                     -0.58949195
                     870                     -0.58153033
                   872.5                     -0.57273257
                     875                     -0.56318447
                   877.5                     -0.55297604
                     880                     -0.54220341
                   882.5                     -0.53096606
                     885                     -0.51936345
                   887.5                     -0.50749588
                     890                     -0.49546687
                   892.5                     -0.48337883
                     895                      -0.4713264
                   897.5                     -0.45940906
                     900                     -0.44771728
                   902.5                     -0.43633997
                     905                     -0.42536299
                   907.5                     -0.41485989
                     910                     -0.40490669
                   912.5                     -0.39556724
                     915                     -0.38690047
                   917.5                     -0.37896103
                     920                     -0.37179096
                   922.5                     -0.36542846
                     925                     -0.35990608
                   927.5                     -0.35524245
                     930                     -0.35145696
                   932.5                     -0.34855548
                     935                     -0.34654023
                   937.5                     -0.34540169
                     940                     -0.34513022
                   942.5                     -0.34570388
                     945                      -0.3470982
                   947.5                     -0.34927954
                     950                      -0.3522102
                   952.5                     -0.35584817
                     955                      -0.3601455
                   957.5                     -0.36504891
                     960                     -0.37050326
                   962.5                     -0.37644854
                     965                     -0.38282363
                   967.5                      -0.3895635
                     970                      -0.3966021
                   972.5                     -0.40387365
                     975                     -0.41130834
                   977.5                     -0.41884023
                     980                      -0.4264014
                   982.5                     -0.43392822
                     985                     -0.44135714
                   987.5                     -0.44862585
                     990                     -0.45567683
                   992.5                     -0.46245622
                     995                     -0.46891207
                   997.5                     -0.47500138
                    1000                     -0.48068134
                  1002.5                     -0.48591695
                    1005                     -0.49067706
                  1007.5                     -0.49493794
                    1010                     -0.49867954
                  1012.5                     -0.50189088
                    1015                     -0.50456353
                  1017.5                     -0.50669775
                    1020                     -0.50829764
                  1022.5                     -0.50937605
                    1025                     -0.50994656
                  1027.5                     -0.51003196
                    1030                     -0.50965987
                  1032.5                     -0.50885974
                    1035                     -0.50766694
                  1037.5                     -0.50612031
                    1040                     -0.50426218
                  1042.5                     -0.50213698
                    1045                     -0.49979175
                  1047.5                     -0.49727472
                    1050                     -0.49463704
                  1052.5                      -0.4919274
                    1055                     -0.48919775
                  1057.5                     -0.48649842
                    1060                     -0.48387754
                  1062.5                     -0.48138444
                    1065                     -0.47906622
                  1067.5                     -0.47696457
                    1070                     -0.47512535
                  1072.5                     -0.47358358
                    1075                       -0.472379
                  1077.5                     -0.47154339
                    1080                     -0.47110308
                  1082.5                     -0.47108702
                    1085                     -0.47151391
                  1087.5                     -0.47240253
                    1090                     -0.47376513
                  1092.5                     -0.47561196
                    1095                     -0.47794625
                  1097.5                     -0.48076871
                    1100                     -0.48407658
                  1102.5                     -0.48786201
                    1105                     -0.49211307
                  1107.5                     -0.49681522
                    1110                      -0.5019491
                  1112.5                     -0.50749243
                    1115                     -0.51342074
                  1117.5                     -0.51970465
                    1120                     -0.52631449
                  1122.5                     -0.53321728
                    1125                     -0.54037776
                  1127.5                     -0.54775939
                    1130                     -0.55532417
                  1132.5                     -0.56303413
                    1135                     -0.57084894
                  1137.5                     -0.57873161
                    1140                     -0.58664041
                  1142.5                     -0.59453848
                    1145                     -0.60238638
                  1147.5                     -0.61014938
                    1150                     -0.61779324
                  1152.5                     -0.62528291
                    1155                      -0.6325903
                  1157.5                     -0.63968703
                    1160                     -0.64654596
                  1162.5                      -0.6531483
                    1165                     -0.65947216
                  1167.5                     -0.66550313
                    1170                     -0.67122876
                  1172.5                     -0.67664176
                    1175                     -0.68173424
                  1177.5                     -0.68650746
                    1180                     -0.69096306
                  1182.5                     -0.69510501
                    1185                     -0.69894318
                  1187.5                     -0.70248853
                    1190                     -0.70575942
                  1192.5                     -0.70877044
                    1195                      -0.7115433
                  1197.5                     -0.71410146
                    1200                     -0.71646946
                  1202.5                     -0.71867288
                    1205                     -0.72074121
                  1207.5                     -0.72270263
                    1210                     -0.72458878
                  1212.5                     -0.72642785
                    1215                     -0.72825184
                  1217.5                     -0.73009122
                    1220                     -0.73197698
                  1222.5                     -0.73393526
                    1225                     -0.73599614
                  1227.5                      -0.7381855
                    1230                     -0.74052771
                  1232.5                     -0.74304756
                    1235                     -0.74576397
                  1237.5                     -0.74869799
                    1240                     -0.75186218
                  1242.5                     -0.75527414
                    1245                     -0.75894145
                  1247.5                     -0.76287285
                    1250                     -0.76707441
                  1252.5                     -0.77154685
                    1255                     -0.77628988
                  1257.5                     -0.78129848
                    1260                      -0.7865667
                  1262.5                       -0.792085
                    1265                     -0.79783962
                  1267.5                     -0.80381711
                    1270                     -0.80999808
                  1272.5                     -0.81636352
                    1275                     -0.82289067
                  1277.5                     -0.82955656
                    1280                     -0.83633449
                  1282.5                     -0.84319628
                    1285                     -0.85011458
                  1287.5                     -0.85705939
                    1290                     -0.86399978
                  1292.5                     -0.87090609
                    1295                     -0.87774709
                  1297.5                     -0.88449226
                    1300                     -0.89111058
                  1302.5                     -0.89757344
                    1305                     -0.90385167
                  1307.5                      -0.9099185
                    1310                     -0.91574772
                  1312.5                     -0.92131661
                    1315                     -0.92660187
                  1317.5                     -0.93158541
                    1320                      -0.9362508
                  1322.5                     -0.94058049
                    1325                     -0.94456377
                  1327.5                     -0.94819277
                    1330                     -0.95146073
                  1332.5                     -0.95436312
                    1335                     -0.95689993
                  1337.5                     -0.95907393
                    1340                     -0.96089124
                  1342.5                     -0.96235845
                    1345                     -0.96348656
                  1347.5                     -0.96428934
                    1350                     -0.96478266
                  1352.5                     -0.96498393
                    1355                     -0.96491207
                  1357.5                     -0.96458868
                    1360                     -0.96403743
                  1362.5                     -0.96328348
                    1365                        -0.96235
                  1367.5                     -0.96126573
                    1370                     -0.96005451
                  1372.5                     -0.95874402
                    1375                     -0.95736171
                  1377.5                     -0.95593367
                    1380                     -0.95448526
                  1382.5                     -0.95304106
                    1385                     -0.95162612
                  1387.5                     -0.95026191
                    1390                     -0.94897155
                  1392.5                     -0.94777293
                    1395                     -0.94668447
                  1397.5                     -0.94572232
                    1400                     -0.94489871
                  1402.5                      -0.9442268
                    1405                     -0.94371601
                  1407.5                     -0.94337258
                    1410                      -0.9432003
                  1412.5                     -0.94320261
                    1415                     -0.94337909
                  1417.5                     -0.94372831
                    1420                     -0.94424383
                  1422.5                     -0.94491822
                    1425                     -0.94574594
                  1427.5                     -0.94671238
                    1430                     -0.94780713
                  1432.5                     -0.94901528
                    1435                     -0.95032031
                  1437.5                     -0.95170466
                    1440                     -0.95315084
                  1442.5                     -0.95463911
                    1445                     -0.95614981
                  1447.5                     -0.95766268
                    1450                     -0.95915518
                  1452.5                     -0.96060995
                    1455                     -0.96200382
                  1457.5                     -0.96331821
                    1460                      -0.9645327
                  1462.5                     -0.96562972
                    1465                      -0.9665916
                  1467.5                     -0.96740287
                    1470                     -0.96805027
                  1472.5                     -0.96851927
                    1475                     -0.96879923
                  1477.5                     -0.96888231
                    1480                      -0.9687605
                  1482.5                     -0.96843088
                    1485                      -0.9678892
                  1487.5                     -0.96713745
                    1490                     -0.96617573
                  1492.5                     -0.96501034
                    1495                     -0.96364802
                  1497.5                     -0.96209768
                    1500                     -0.96036979
                  1502.5                     -0.95847819
                    1505                     -0.95643887
                  1507.5                     -0.95426711
                    1510                     -0.95198326
                  1512.5                      -0.9496076
                    1515                     -0.94716026
                  1517.5                     -0.94466419
                    1520                     -0.94214288
                  1522.5                     -0.93962031
                    1525                     -0.93712044
                  1527.5                     -0.93466898
                    1530                     -0.93228991
                  1532.5                     -0.93000612
                    1535                     -0.92784343
                  1537.5                     -0.92582492
                    1540                     -0.92397261
                  1542.5                     -0.92230698
                    1545                     -0.92084982
                  1547.5                     -0.91961852
                    1550                     -0.91862899
                  1552.5                     -0.91789853
                    1555                     -0.91744007
                  1557.5                     -0.91726455
                    1560                       -0.917382
                  1562.5                     -0.91779929
                    1565                      -0.9185224
                  1567.5                     -0.91955357
                    1570                     -0.92089411
                  1572.5                     -0.92254212
                    1575                     -0.92449532
                  1577.5                     -0.92674756
                    1580                     -0.92929113
                  1582.5                     -0.93211551
                    1585                     -0.93521252
                  1587.5                     -0.93856656
                    1590                     -0.94216308
                  1592.5                     -0.94598633
                    1595                     -0.95002095
                  1597.5                       -0.954248
                    1600                     -0.95864651
                  1602.5                     -0.96319987
                    1605                     -0.96788597
                  1607.5                     -0.97268575
                    1610                     -0.97757858
                  1612.5                     -0.98254465
                    1615                     -0.98756473
                  1617.5                     -0.99262032
                    1620                     -0.99769529
                  1622.5                      -1.0027707
                    1625                      -1.0078311
                  1627.5                      -1.0128669
                    1630                      -1.0178629
                  1632.5                      -1.0228113
                    1635                      -1.0277024
                  1637.5                      -1.0325314
                    1640                      -1.0372969
                  1642.5                      -1.0419953
                    1645                      -1.0466307
                  1647.5                      -1.0512055
                    1650                      -1.0557271
                  1652.5                      -1.0602043
                    1655                      -1.0646483
                  1657.5                      -1.0690739
                    1660                      -1.0734977
                  1662.5                       -1.077936
                    1665                      -1.0824132
                  1667.5                      -1.0869498
                    1670                      -1.0915697
                  1672.5                      -1.0962997
                    1675                      -1.1011665
                  1677.5                      -1.1061997
                    1680                      -1.1114282
                  1682.5                      -1.1168828
                    1685                      -1.1225951
                  1687.5                      -1.1285955
                    1690                      -1.1349166
                  1692.5                      -1.1415884
                    1695                      -1.1486418
                  1697.5                      -1.1561078
                    1700                       -1.164016
                  1702.5                      -1.1723953
                    1705                      -1.1812725
                  1707.5                      -1.1906732
                    1710                      -1.2006242
                  1712.5                      -1.2111463
                    1715                       -1.222261
                  1717.5                      -1.2339888
                    1720                      -1.2463454
                  1722.5                      -1.2593485
                    1725                       -1.273008
                  1727.5                      -1.2873387
                    1730                      -1.3023466
                  1732.5                      -1.3180397
                    1735                      -1.3344233
                  1737.5                      -1.3515013
                    1740                      -1.3692726
                  1742.5                      -1.3877382
                    1745                      -1.4068957
                  1747.5                      -1.4267418
                    1750                      -1.4472712
                  1752.5                      -1.4684778
                    1755                      -1.4903554
                  1757.5                      -1.5128963
                    1760                      -1.5360948
                  1762.5                      -1.5599417
                    1765                      -1.5844297
                  1767.5                      -1.6095538
                    1770                      -1.6353087
                  1772.5                       -1.661688
                    1775                      -1.6886914
                  1777.5                      -1.7163172
                    1780                      -1.7445686
                  1782.5                      -1.7734485
                    1785                      -1.8029666
                  1787.5                      -1.8331323
                    1790                       -1.863961
                  1792.5                      -1.8954704
                    1795                      -1.9276858
                  1797.5                      -1.9606328
                    1800                      -1.9943462
                  1802.5                      -2.0288616
                    1805                       -2.064223
                  1807.5                      -2.1004793
                    1810                      -2.1376858
                  1812.5                       -2.175901
                    1815                      -2.2151919
                  1817.5                      -2.2556306
                    1820                      -2.2972981
                  1822.5                      -2.3402768
                    1825                      -2.3846587
                  1827.5                        -2.43054
                    1830                      -2.4780272
                  1832.5                      -2.5272289
                    1835                      -2.5782599
                  1837.5                      -2.6312451
                    1840                      -2.6863128
                  1842.5                       -2.743598
                    1845                      -2.8032433
                  1847.5                      -2.8653954
                    1850                      -2.9302072
                  1852.5                      -2.9978407
                    1855                      -3.0684631
                  1857.5                      -3.1422454
                    1860                      -3.2193715
                  1862.5                       -3.300023
                    1865                      -3.3843971
                  1867.5                      -3.4726956
                    1870                      -3.5651283
                  1872.5                      -3.6619111
                    1875                      -3.7632693
                  1877.5                      -3.8694416
                    1880                      -3.9806714
                  1882.5                       -4.097218
                    1885                      -4.2193479
                  1887.5                      -4.3473448
                    1890                      -4.4815038
                  1892.5                      -4.6221375
                    1895                      -4.7695754
                  1897.5                      -4.9241664
                    1900                      -5.0862805
                  1902.5                      -5.2563125
                    1905                      -5.4346849
                  1907.5                      -5.6218501
                    1910                      -5.8182905
                  1912.5                      -6.0245359
                    1915                      -6.2411518
                  1917.5                      -6.4687582
                    1920                      -6.7080293
                  1922.5                      -6.9597068
                    1925                      -7.2246067
                  1927.5                      -7.5036335
                    1930                      -7.7977901
                  1932.5                      -8.1081982
                    1935                       -8.436122
                  1937.5                      -8.7829851
                    1940                      -9.1504108
                  1942.5                      -9.5402531
                    1945                      -9.9546562
                  1947.5                      -10.396104
                    1950                      -10.867512
                  1952.5                      -11.372331
                    1955                      -11.914682
                  1957.5                      -12.499558
                    1960                      -13.133072
                  1962.5                      -13.822837
                    1965                      -14.578498
                  1967.5                      -15.412525
                    1970                      -16.341437
                  1972.5                      -17.387774
                    1975                      -18.583418
                  1977.5                      -19.975574
                    1980                      -21.638412
                  1982.5                      -23.698251
                    1985                      -26.396514
                  1987.5                       -30.28297
                    1990                      -36.944506
                  1992.5                       -40.54788
                    1995                      -32.269402
                  1997.5                       -27.66345
                    2000                      -24.633307
                  2002.5                      -22.388326
                    2005                      -20.609913
                  2007.5                       -19.14036
                    2010                      -17.890455
                  2012.5                      -16.804904
                    2015                      -15.847098
                  2017.5                      -14.991547
                    2020                      -14.219798
                  2022.5                      -13.518061
                    2025                      -12.875758
                  2027.5                      -12.284595
                    2030                      -11.737951
                  2032.5                      -11.230452
                    2035                      -10.757669
                  2037.5                      -10.315921
                    2040                      -9.9021024
                  2042.5                      -9.5135701
                    2045                      -9.1480568
                  2047.5                      -8.8036007
                    2050                        -8.47849
                  2052.5                      -8.1712232
                    2055                       -7.880473
                  2057.5                      -7.6050612
                    2060                      -7.3439323
                  2062.5                      -7.0961417
                    2065                       -6.860831
                  2067.5                      -6.6372268
                    2070                      -6.4246213
                  2072.5                      -6.2223711
                    2075                       -6.029879
                  2077.5                      -5.8465963
                    2080                      -5.6720178
                  2082.5                      -5.5056714
                    2085                      -5.3471175
                  2087.5                      -5.1959459
                    2090                      -5.0517709
                  2092.5                      -4.9142301
                    2095                      -4.7829815
                  2097.5                      -4.6577044
                    2100                        -4.53809
                  2102.5                      -4.4238476
                    2105                      -4.3147042
                  2107.5                      -4.2103941
                    2110                      -4.1106667
                  2112.5                       -4.015283
                    2115                      -3.9240138
                  2117.5                      -3.8366404
                    2120                      -3.7529527
                  2122.5                      -3.6727498
                    2125                      -3.5958397
                  2127.5                      -3.5220392
                    2130                      -3.4511739
                  2132.5                      -3.3830731
                    2135                      -3.3175796
                  2137.5                      -3.2545399
                    2140                      -3.1938085
                  2142.5                      -3.1352481
                    2145                      -3.0787271
                  2147.5                      -3.0241232
                    2150                      -2.9713195
                  2152.5                      -2.9202069
                    2155                       -2.870681
                  2157.5                      -2.8226485
                    2160                      -2.7760188
                  2162.5                      -2.7307097
                    2165                      -2.6866456
                  2167.5                      -2.6437558
                    2170                      -2.6019786
                  2172.5                      -2.5612552
                    2175                      -2.5215333
                  2177.5                      -2.4827674
                    2180                      -2.4449161
                  2182.5                       -2.407945
                    2185                      -2.3718201
                  2187.5                      -2.3365184
                    2190                       -2.302015
                  2192.5                      -2.2682923
                    2195                      -2.2353352
                  2197.5                      -2.2031325
                    2200                      -2.1716745
                  2202.5                      -2.1409566
                    2205                      -2.1109707
                  2207.5                      -2.0817188
                    2210                      -2.0531984
                  2212.5                      -2.0254095
                    2215                      -1.9983548
                  2217.5                      -1.9720338
                    2220                       -1.946452
                  2222.5                       -1.921609
                    2225                      -1.8975078
                  2227.5                      -1.8741509
                    2230                      -1.8515369
                  2232.5                      -1.8296671
                    2235                      -1.8085401
                  2237.5                       -1.788154
                    2240                      -1.7685037
                  2242.5                       -1.749585
                    2245                      -1.7313906
                  2247.5                      -1.7139126
                    2250                      -1.6971387
                  2252.5                       -1.681059
                    2255                      -1.6656582
                  2257.5                      -1.6509218
                    2260                      -1.6368327
                  2262.5                      -1.6233711
                    2265                      -1.6105179
                  2267.5                        -1.59825
                    2270                      -1.5865444
                  2272.5                      -1.5753765
                    2275                      -1.5647216
                  2277.5                      -1.5545528
                    2280                      -1.5448429
                  2282.5                      -1.5355625
                    2285                      -1.5266842
                  2287.5                      -1.5181803
                    2290                      -1.5100215
                  2292.5                      -1.5021778
                    2295                      -1.4946233
                  2297.5                      -1.4873283
                    2300                       -1.480268
                  2302.5                      -1.4734147
                    2305                      -1.4667425
                  2307.5                      -1.4602309
                    2310                      -1.4538549
                  2312.5                      -1.4475943
                    2315                      -1.4414314
                  2317.5                      -1.4353469
                    2320                      -1.4293268
                  2322.5                      -1.4233576
                    2325                      -1.4174275
                  2327.5                      -1.4115284
                    2330                      -1.4056533
                  2332.5                      -1.3997951
                    2335                       -1.393954
                  2337.5                      -1.3881272
                    2340                      -1.3823176
                  2342.5                       -1.376528
                    2345                      -1.3707638
                  2347.5                      -1.3650305
                    2350                      -1.3593382
                  2352.5                      -1.3536976
                    2355                      -1.3481185
                  2357.5                      -1.3426144
                    2360                      -1.3371981
                  2362.5                      -1.3318862
                    2365                       -1.326692
                  2367.5                      -1.3216321
                    2370                      -1.3167208
                  2372.5                      -1.3119766
                    2375                      -1.3074137
                  2377.5                      -1.3030487
                    2380                      -1.2988954
                  2382.5                      -1.2949699
                    2385                      -1.2912852
                  2387.5                      -1.2878559
                    2390                      -1.2846914
                  2392.5                      -1.2818027
                    2395                      -1.2792004
                  2397.5                      -1.2768927
                    2400                      -1.2748842
                  2402.5                      -1.2731823
                    2405                      -1.2717879
                  2407.5                      -1.2707037
                    2410                      -1.2699297
                  2412.5                      -1.2694641
                    2415                      -1.2693035
                  2417.5                      -1.2694444
                    2420                      -1.2698773
                  2422.5                      -1.2705963
                    2425                      -1.2715912
                  2427.5                      -1.2728502
                    2430                      -1.2743628
                  2432.5                      -1.2761166
                    2435                      -1.2780934
                  2437.5                      -1.2802816
                    2440                       -1.282662
                  2442.5                      -1.2852213
                    2445                      -1.2879396
                  2447.5                      -1.2908024
                    2450                      -1.2937901
                  2452.5                      -1.2968858
                    2455                      -1.3000733
                  2457.5                       -1.303336
                    2460                       -1.306656
                  2462.5                      -1.3100206
                    2465                      -1.3134128
                  2467.5                      -1.3168218
                    2470                      -1.3202328
                  2472.5                      -1.3236365
                    2475                       -1.327022
                  2477.5                      -1.3303831
                    2480                      -1.3337115
                  2482.5                      -1.3370038
                    2485                      -1.3402562
                  2487.5                       -1.343466
                    2490                       -1.346635
                  2492.5                      -1.3497656
                    2495                      -1.3528617
                  2497.5                      -1.3559265
                    2500                      -1.3589702
                  2502.5                      -1.3619986
                    2505                      -1.3650255
                  2507.5                      -1.3680587
                    2510                      -1.3711122
                  2512.5                      -1.3742004
                    2515                      -1.3773386
                  2517.5                      -1.3805408
                    2520                      -1.3838249
                  2522.5                      -1.3872066
                    2525                      -1.3907042
                  2527.5                      -1.3943354
                    2530                      -1.3981161
                  2532.5                      -1.4020645
                    2535                      -1.4061979
                  2537.5                       -1.410532
                    2540                      -1.4150833
                  2542.5                      -1.4198672
                    2545                      -1.4248973
                  2547.5                      -1.4301865
                    2550                      -1.4357472
                  2552.5                      -1.4415895
                    2555                      -1.4477228
                  2557.5                      -1.4541557
                    2560                      -1.4608936
                  2562.5                      -1.4679404
                    2565                      -1.4753001
                  2567.5                      -1.4829745
                    2570                      -1.4909625
                  2572.5                       -1.499262
                    2575                      -1.5078686
                  2577.5                      -1.5167788
                    2580                      -1.5259842
                  2582.5                      -1.5354786
                    2585                      -1.5452505
                  2587.5                      -1.5552889
                    2590                      -1.5655832
                  2592.5                       -1.576119
                    2595                      -1.5868827
                  2597.5                      -1.5978609
                    2600                      -1.6090351
                  2602.5                      -1.6203912
                    2605                      -1.6319139
                  2607.5                      -1.6435855
                    2610                      -1.6553906
                  2612.5                      -1.6673131
                    2615                      -1.6793383
                  2617.5                      -1.6914486
                    2620                       -1.703634
                  2622.5                      -1.7158781
                    2625                      -1.7281706
                  2627.5                      -1.7404986
                    2630                       -1.752856
                  2632.5                      -1.7652307
                    2635                      -1.7776202
                  2637.5                      -1.7900173
                    2640                      -1.8024197
                  2642.5                      -1.8148271
                    2645                        -1.82724
                  2647.5                      -1.8396596
                    2650                      -1.8520917
                  2652.5                      -1.8645429
                    2655                      -1.8770206
                  2657.5                      -1.8895347
                    2660                      -1.9020982
                  2662.5                      -1.9147229
                    2665                       -1.927423
                  2667.5                      -1.9402169
                    2670                      -1.9531195
                  2672.5                      -1.9661499
                    2675                      -1.9793259
                  2677.5                      -1.9926699
                    2680                      -2.0062007
                  2682.5                      -2.0199378
                    2685                       -2.033905
                  2687.5                      -2.0481208
                    2690                      -2.0626041
                  2692.5                      -2.0773794
                    2695                      -2.0924629
                  2697.5                       -2.107873
                    2700                      -2.1236271
                  2702.5                      -2.1397423
                    2705                      -2.1562327
                  2707.5                       -2.173113
                    2710                      -2.1903931
                  2712.5                      -2.2080843
                    2715                       -2.226194
                  2717.5                      -2.2447279
                    2720                      -2.2636896
                  2722.5                      -2.2830825
                    2725                      -2.3029044
                  2727.5                      -2.3231539
                    2730                      -2.3438266
                  2732.5                      -2.3649164
                    2735                      -2.3864114
                  2737.5                      -2.4083024
                    2740                      -2.4305767
                  2742.5                      -2.4532187
                    2745                       -2.476212
                  2747.5                      -2.4995385
                    2750                      -2.5231778
                  2752.5                      -2.5471092
                    2755                      -2.5713102
                  2757.5                      -2.5957585
                    2760                      -2.6204294
                  2762.5                      -2.6452989
                    2765                      -2.6703412
                  2767.5                      -2.6955335
                    2770                      -2.7208487
                  2772.5                      -2.7462659
                    2775                      -2.7717611
                  2777.5                      -2.7973107
                    2780                      -2.8228934
                  2782.5                      -2.8484903
                    2785                      -2.8740833
                  2787.5                      -2.8996556
                    2790                      -2.9251912
                  2792.5                      -2.9506804
                    2795                      -2.9761124
                  2797.5                      -3.0014773
                    2800                      -3.0267739
                  2802.5                      -3.0519961
                    2805                      -3.0771444
                  2807.5                      -3.1022219
                    2810                      -3.1272346
                  2812.5                      -3.1521879
                    2815                      -3.1770943
                  2817.5                      -3.2019625
                    2820                      -3.2268087
                  2822.5                      -3.2516496
                    2825                      -3.2765028
                  2827.5                      -3.3013873
                    2830                      -3.3263239
                  2832.5                      -3.3513362
                    2835                      -3.3764443
                  2837.5                      -3.4016753
                    2840                       -3.427048
                  2842.5                      -3.4525871
                    2845                      -3.4783181
                  2847.5                      -3.5042582
                    2850                       -3.530432
                  2852.5                      -3.5568579
                    2855                      -3.5835536
                  2857.5                      -3.6105356
                    2860                      -3.6378163
                  2862.5                      -3.6654072
                    2865                       -3.693318
                  2867.5                      -3.7215519
                    2870                      -3.7501139
                  2872.5                      -3.7790001
                    2875                      -3.8082073
                  2877.5                      -3.8377266
                    2880                      -3.8675478
                  2882.5                       -3.897653
                    2885                       -3.928024
                  2887.5                      -3.9586375
                    2890                      -3.9894675
                  2892.5                      -4.0204828
                    2895                      -4.0516504
                  2897.5                      -4.0829324
                    2900                      -4.1142896
                  2902.5                      -4.1456803
                    2905                      -4.1770589
                  2907.5                      -4.2083769
                    2910                       -4.239588
                  2912.5                      -4.2706398
                    2915                       -4.301481
                  2917.5                      -4.3320628
                    2920                      -4.3623307
                  2922.5                      -4.3922338
                    2925                      -4.4217236
                  2927.5                      -4.4507518
                    2930                       -4.479271
                  2932.5                      -4.5072368
                    2935                       -4.534608
                  2937.5                      -4.5613483
                    2940                       -4.587425
                  2942.5                      -4.6128045
                    2945                      -4.6374657
                  2947.5                      -4.6613882
                    2950                      -4.6845553
                  2952.5                      -4.7069601
                    2955                      -4.7285963
                  2957.5                      -4.7494657
                    2960                      -4.7695753
                  2962.5                      -4.7889377
                    2965                      -4.8075718
                  2967.5                      -4.8254973
                    2970                      -4.8427424
                  2972.5                      -4.8593396
                    2975                      -4.8753222
                  2977.5                      -4.8907309
                    2980                      -4.9056078
                  2982.5                      -4.9199958
                    2985                       -4.933941
                  2987.5                      -4.9474935
                    2990                      -4.9606983
                  2992.5                      -4.9736044
                    2995                      -4.9862599
                  2997.5                      -4.9987111
                    3000                      -5.0110024

