        Frequency / MHz                S1,1/abs,dB
----------------------------------------------------------------------
                     500                     -0.17067986
                   502.5                     -0.16891787
                     505                     -0.16512695
                   507.5                     -0.15936378
                     510                     -0.15171236
                   512.5                     -0.14227919
                     515                     -0.13119424
                   517.5                     -0.11860639
                     520                     -0.10468344
                   522.5                    -0.089607725
                     525                    -0.073573679
                   527.5                    -0.056787407
                     530                    -0.039456646
                   532.5                    -0.021796543
                     535                   -0.0040241344
                   537.5                      0.01364774
                     540                      0.03100904
                   542.5                     0.047855931
                     545                     0.063992747
                   547.5                     0.079236352
                     550                     0.093412089
                   552.5                      0.10636164
                     555                       0.1179395
                   557.5                      0.12801875
                     560                      0.13648521
                   562.5                      0.14324556
                     565                      0.14822383
                   567.5                      0.15136154
                     570                      0.15262076
                   572.5                      0.15198123
                     575                      0.14944295
                   577.5                      0.14502534
                     580                      0.13876726
                   582.5                      0.13072316
                     585                      0.12097073
                   587.5                      0.10959897
                     590                     0.096724369
                   592.5                     0.082469531
                     595                     0.066978103
                   597.5                     0.050406968
                     600                     0.032924317
                   602.5                     0.014715178
                     605                   -0.0040325353
                   607.5                    -0.023117306
                     610                    -0.042333045
                   612.5                    -0.061469735
                     615                    -0.080316078
                   617.5                    -0.098659968
                     620                     -0.11629486
                   622.5                     -0.13301744
                     625                     -0.14863605
                   627.5                     -0.16296899
                     630                     -0.17584686
                   632.5                     -0.18711926
                     635                     -0.19665385
                   637.5                     -0.20433741
                     640                       -0.210082
                   642.5                     -0.21382092
                     645                     -0.21551578
                   647.5                     -0.21515097
                     650                     -0.21273903
                   652.5                     -0.20831649
                     655                     -0.20194628
                   657.5                     -0.19371578
                     660                     -0.18373408
                   662.5                     -0.17213351
                     665                     -0.15906292
                   667.5                     -0.14468946
                     670                     -0.12919528
                   672.5                     -0.11277197
                     675                    -0.095624781
                   677.5                    -0.077961166
                     680                     -0.05999426
                   682.5                    -0.041940909
                     685                     -0.02401375
                   687.5                   -0.0064249794
                     690                     0.010620838
                   692.5                     0.026923519
                     695                      0.04229374
                   697.5                     0.056549915
                     700                     0.069527242
                   702.5                     0.081068118
                     705                     0.091033404
                   707.5                     0.099297127
                     710                      0.10574776
                   712.5                      0.11029398
                     715                      0.11285609
                   717.5                      0.11337582
                     720                      0.11181012
                   722.5                      0.10813273
                     725                      0.10234152
                   727.5                     0.094443155
                     730                     0.084466584
                   732.5                     0.072461313
                     735                      0.05848803
                   737.5                     0.042630731
                     740                     0.024986672
                   742.5                     0.005667865
                     745                    -0.015191347
                   747.5                    -0.037449731
                     750                    -0.060945682
                   752.5                    -0.085508335
                     755                     -0.11095322
                   757.5                     -0.13708401
                     760                     -0.16369686
                   762.5                     -0.19057904
                     765                     -0.21751496
                   767.5                     -0.24428337
                     770                     -0.27065946
                   772.5                      -0.2964227
                     775                      -0.3213549
                   777.5                     -0.34524015
                     780                     -0.36787692
                   782.5                     -0.38906851
                     785                     -0.40863277
                   787.5                      -0.4264062
                     790                     -0.44224067
                   792.5                     -0.45600834
                     795                     -0.46759997
                   797.5                     -0.47693309
                     800                     -0.48395122
                   802.5                     -0.48861603
                     805                     -0.49092056
                   807.5                     -0.49087844
                     810                     -0.48853085
                   812.5                      -0.4839423
                     815                     -0.47719764
                   817.5                     -0.46840768
                     820                     -0.45769519
                   822.5                     -0.44520457
                     825                     -0.43109671
                   827.5                     -0.41554035
                     830                     -0.39871651
                   832.5                     -0.38081105
                     835                     -0.36202174
                   837.5                     -0.34253866
                     840                     -0.32256074
                   842.5                      -0.3022824
                     845                     -0.28189083
                   847.5                     -0.26157198
                     850                     -0.24150086
                   852.5                     -0.22184671
                     855                     -0.20276594
                   857.5                     -0.18440632
                     860                     -0.16690069
                   862.5                     -0.15036969
                     865                     -0.13492244
                   867.5                     -0.12065197
                     870                      -0.1076369
                   872.5                    -0.095944164
                     875                    -0.085623567
                   877.5                    -0.076711984
                     880                    -0.069230981
                   882.5                    -0.063188303
                     885                    -0.058579543
                   887.5                    -0.055385745
                     890                    -0.053574893
                   892.5                    -0.053103969
                     895                    -0.053918764
                   897.5                    -0.055951373
                     900                    -0.059128468
                   902.5                    -0.063362689
                     905                    -0.068560417
                   907.5                    -0.074623313
                     910                    -0.081442898
                   912.5                    -0.088904672
                     915                    -0.096895353
                   917.5                     -0.10529518
                     920                     -0.11398039
                   922.5                     -0.12283224
                     925                     -0.13172709
                   927.5                     -0.14054813
                     930                     -0.14917898
                   932.5                     -0.15750898
                     935                     -0.16543085
                   937.5                     -0.17284854
                     940                     -0.17966898
                   942.5                      -0.1858126
                     945                     -0.19120519
                   947.5                     -0.19578505
                     950                     -0.19950209
                   952.5                     -0.20231514
                     955                     -0.20419883
                   957.5                     -0.20513507
                     960                     -0.20512018
                   962.5                     -0.20416121
                     965                     -0.20227845
                   967.5                     -0.19949999
                     970                     -0.19586433
                   972.5                     -0.19142292
                     975                      -0.1862318
                   977.5                       -0.180355
                     980                     -0.17386666
                   982.5                     -0.16684144
                     985                     -0.15936341
                   987.5                      -0.1515153
                     990                     -0.14338576
                   992.5                      -0.1350614
                     995                     -0.12663243
                   997.5                     -0.11818319
                    1000                     -0.10980061
                  1002.5                     -0.10156511
                    1005                    -0.093558119
                  1007.5                    -0.085849974
                    1010                    -0.078511786
                  1012.5                    -0.071604621
                    1015                    -0.065186832
                  1017.5                    -0.059305789
                    1020                    -0.054007254
                  1022.5                    -0.049322975
                    1025                     -0.04528193
                  1027.5                    -0.041904935
                    1030                    -0.039202572
                  1032.5                    -0.037182107
                    1035                    -0.035837961
                  1037.5                    -0.035162226
                    1040                    -0.035136729
                  1042.5                    -0.035737445
                    1045                    -0.036936122
                  1047.5                    -0.038694142
                    1050                    -0.040972425
                  1052.5                     -0.04372251
                    1055                    -0.046896295
                  1057.5                    -0.050438692
                    1060                    -0.054291901
                  1062.5                    -0.058397227
                    1065                    -0.062692313
                  1067.5                    -0.067116827
                    1070                    -0.071608458
                  1072.5                    -0.076104168
                    1075                    -0.080544983
                  1077.5                    -0.084872054
                    1080                    -0.089027816
                  1082.5                    -0.092960534
                    1085                    -0.096623617
                  1087.5                     -0.09996943
                    1090                     -0.10295831
                  1092.5                     -0.10555653
                    1095                      -0.1077336
                  1097.5                     -0.10946896
                    1100                      -0.1107427
                  1102.5                       -0.111545
                    1105                     -0.11186974
                  1107.5                     -0.11171871
                    1110                     -0.11109936
                  1112.5                     -0.11002271
                    1115                     -0.10850933
                  1117.5                     -0.10658111
                    1120                     -0.10426683
                  1122.5                     -0.10159835
                    1125                    -0.098613115
                  1127.5                    -0.095349311
                    1130                     -0.09184961
                  1132.5                    -0.088158426
                    1135                    -0.084320584
                  1137.5                    -0.080385376
                    1140                    -0.076396401
                  1142.5                    -0.072402921
                    1145                    -0.068448934
                  1147.5                     -0.06458109
                    1150                    -0.060839785
                  1152.5                    -0.057267904
                    1155                    -0.053902516
                  1157.5                    -0.050774733
                    1160                     -0.04791935
                  1162.5                    -0.045362606
                    1165                     -0.04312681
                  1167.5                    -0.041231911
                    1170                    -0.039691471
                  1172.5                    -0.038515957
                    1175                    -0.037712161
                  1177.5                    -0.037279724
                    1180                    -0.037216184
                  1182.5                    -0.037513422
                    1185                    -0.038160968
                  1187.5                    -0.039142425
                    1190                    -0.040438012
                  1192.5                    -0.042026974
                    1195                    -0.043881216
                  1197.5                    -0.045973767
                    1200                    -0.048272691
                  1202.5                     -0.05074486
                    1205                    -0.053357035
                  1207.5                    -0.056073433
                    1210                    -0.058855596
                  1212.5                    -0.061668244
                    1215                    -0.064474642
                  1217.5                    -0.067238575
                    1220                    -0.069926425
                  1222.5                    -0.072503725
                    1225                    -0.074939099
                  1227.5                    -0.077202488
                    1230                    -0.079267741
                  1232.5                    -0.081111448
                    1235                    -0.082711589
                  1237.5                    -0.084052362
                    1240                    -0.085118762
                  1242.5                    -0.085899526
                    1245                     -0.08638978
                  1247.5                    -0.086585601
                    1250                    -0.086489791
                  1252.5                    -0.086104867
                    1255                    -0.085439807
                  1257.5                    -0.084507287
                    1260                     -0.08332114
                  1262.5                    -0.081899059
                    1265                    -0.080261742
                  1267.5                    -0.078433311
                    1270                     -0.07643714
                  1272.5                    -0.074301815
                    1275                    -0.072054899
                  1277.5                    -0.069725202
                    1280                    -0.067343552
                  1282.5                    -0.064938309
                    1285                    -0.062540927
                  1287.5                    -0.060180718
                    1290                    -0.057885649
                  1292.5                    -0.055683443
                    1295                     -0.05360042
                  1297.5                    -0.051659987
                    1300                    -0.049884895
                  1302.5                    -0.048294828
                    1305                    -0.046904858
                  1307.5                    -0.045733618
                    1310                    -0.044789624
                  1312.5                    -0.044082801
                    1315                    -0.043618349
                  1317.5                     -0.04339954
                    1320                    -0.043426366
                  1322.5                    -0.043694165
                    1325                    -0.044198047
                  1327.5                    -0.044929434
                    1330                    -0.045875334
                  1332.5                    -0.047021499
                    1335                    -0.048352563
                  1337.5                    -0.049850295
                    1340                    -0.051491847
                  1342.5                    -0.053258208
                    1345                     -0.05512227
                  1347.5                    -0.057063372
                    1350                    -0.059054695
                  1352.5                    -0.061070804
                    1355                     -0.06308515
                  1357.5                    -0.065074207
                    1360                    -0.067012115
                  1362.5                    -0.068875411
                    1365                    -0.070640461
                  1367.5                    -0.072285328
                    1370                    -0.073791911
                  1372.5                    -0.075142106
                    1375                    -0.076318661
                  1377.5                    -0.077310149
                    1380                    -0.078103382
                  1382.5                    -0.078689916
                    1385                    -0.079066541
                  1387.5                    -0.079227936
                    1390                    -0.079174501
                  1392.5                    -0.078908503
                    1395                    -0.078433549
                  1397.5                    -0.077758705
                    1400                    -0.076894095
                  1402.5                    -0.075850332
                    1405                    -0.074643242
                  1407.5                    -0.073288204
                    1410                    -0.071804222
                  1412.5                    -0.070209694
                    1415                     -0.06852521
                  1417.5                    -0.066771857
                    1420                    -0.064974101
                  1422.5                    -0.063152124
                    1425                    -0.061328409
                  1427.5                    -0.059526878
                    1430                    -0.057767817
                  1432.5                     -0.05607359
                    1435                    -0.054463654
                  1437.5                    -0.052957432
                    1440                    -0.051571652
                  1442.5                     -0.05032201
                    1445                    -0.049223627
                  1447.5                    -0.048286695
                    1450                    -0.047522445
                  1452.5                    -0.046938287
                    1455                    -0.046539211
                  1457.5                    -0.046329654
                    1460                    -0.046307366
                  1462.5                    -0.046472991
                    1465                    -0.046821053
                  1467.5                    -0.047346385
                    1470                    -0.048040317
                  1472.5                    -0.048892027
                    1475                    -0.049888839
                  1477.5                    -0.051016915
                    1480                    -0.052260618
                  1482.5                    -0.053602606
                    1485                    -0.055025316
                  1487.5                    -0.056508524
                    1490                     -0.05803268
                  1492.5                    -0.059578192
                    1495                    -0.061123591
                  1497.5                    -0.062649279
                    1500                    -0.064133861
                  1502.5                    -0.065559814
                    1505                    -0.066907182
                  1507.5                    -0.068157321
                    1510                    -0.069297398
                  1512.5                    -0.070308508
                    1515                    -0.071179649
                  1517.5                    -0.071898853
                    1520                    -0.072456809
                  1522.5                    -0.072845751
                    1525                    -0.073061065
                  1527.5                    -0.073098543
                    1530                    -0.072958687
                  1532.5                    -0.072642821
                    1535                    -0.072153779
                  1537.5                     -0.07149888
                    1540                    -0.070684765
                  1542.5                    -0.069721493
                    1545                    -0.068620962
                  1547.5                    -0.067396441
                    1550                    -0.066063512
                  1552.5                     -0.06463749
                    1555                    -0.063137591
                  1557.5                    -0.061580178
                    1560                    -0.059983925
                  1562.5                    -0.058370891
                    1565                    -0.056757182
                  1567.5                     -0.05516333
                    1570                    -0.053608645
                  1572.5                    -0.052112256
                    1575                    -0.050691516
                  1577.5                    -0.049362135
                    1580                     -0.04814076
                  1582.5                    -0.047041849
                    1585                    -0.046076746
                  1587.5                    -0.045257274
                    1590                    -0.044592689
                  1592.5                     -0.04409127
                    1595                    -0.043755636
                  1597.5                    -0.043590615
                    1600                    -0.043597489
                  1602.5                    -0.043773551
                    1605                    -0.044117276
                  1607.5                    -0.044624192
                    1610                    -0.045284276
                  1612.5                    -0.046090813
                    1615                    -0.047032055
                  1617.5                    -0.048095911
                    1620                    -0.049268892
                  1622.5                    -0.050533503
                    1625                    -0.051876042
                  1627.5                    -0.053277721
                    1630                    -0.054720914
                  1632.5                    -0.056187051
                    1635                    -0.057657114
                  1637.5                    -0.059111632
                    1640                    -0.060532738
                  1642.5                    -0.061902073
                    1645                    -0.063202326
                  1647.5                    -0.064417742
                    1650                    -0.065530462
                  1652.5                    -0.066527281
                    1655                    -0.067397028
                  1657.5                    -0.068126387
                    1660                    -0.068706139
                  1662.5                    -0.069131157
                    1665                    -0.069393611
                  1667.5                    -0.069491313
                    1670                    -0.069423532
                  1672.5                    -0.069189947
                    1675                    -0.068793773
                  1677.5                    -0.068242281
                    1680                    -0.067539489
                  1682.5                      -0.0666966
                    1685                    -0.065724174
                  1687.5                    -0.064635265
                    1690                    -0.063443336
                  1692.5                    -0.062163834
                    1695                    -0.060813153
                  1697.5                    -0.059410732
                    1700                    -0.057973333
                  1702.5                    -0.056520268
                    1705                    -0.055069768
                  1707.5                     -0.05364213
                    1710                    -0.052255562
                  1712.5                    -0.050929856
                    1715                    -0.049680678
                  1717.5                    -0.048525836
                    1720                    -0.047481658
                  1722.5                    -0.046561969
                    1725                    -0.045780709
                  1727.5                    -0.045147792
                    1730                    -0.044673794
                  1732.5                    -0.044365288
                    1735                    -0.044229527
                  1737.5                    -0.044270289
                    1740                    -0.044486835
                  1742.5                    -0.044881183
                    1745                    -0.045448748
                  1747.5                    -0.046185071
                    1750                    -0.047083227
                  1752.5                    -0.048135337
                    1755                    -0.049328934
                  1757.5                    -0.050652638
                    1760                    -0.052090926
                  1762.5                    -0.053629326
                    1765                    -0.055251249
                  1767.5                    -0.056937438
                    1770                    -0.058670115
                  1772.5                    -0.060429298
                    1775                    -0.062195902
                  1777.5                    -0.063948606
                    1780                    -0.065669004
                  1782.5                    -0.067336942
                    1785                      -0.0689336
                  1787.5                    -0.070440977
                    1790                    -0.071842917
                  1792.5                    -0.073122501
                    1795                    -0.074267269
                  1797.5                     -0.07526346
                    1800                     -0.07610285
                  1802.5                    -0.076774366
                    1805                    -0.077272482
                  1807.5                    -0.077594067
                    1810                    -0.077736886
                  1812.5                    -0.077699588
                    1815                    -0.077489023
                  1817.5                     -0.07710672
                    1820                    -0.076563531
                  1822.5                     -0.07586554
                    1825                    -0.075027159
                  1827.5                    -0.074061729
                    1830                    -0.072983694
                  1832.5                    -0.071811175
                    1835                     -0.07056239
                  1837.5                    -0.069256167
                    1840                    -0.067914651
                  1842.5                    -0.066558026
                    1845                    -0.065207739
                  1847.5                    -0.063885974
                    1850                     -0.06261416
                  1852.5                    -0.061413938
                    1855                    -0.060304692
                  1857.5                    -0.059308202
                    1860                    -0.058440296
                  1862.5                    -0.057720824
                    1865                    -0.057163727
                  1867.5                    -0.056783816
                    1870                    -0.056591029
                  1872.5                    -0.056596151
                    1875                    -0.056806634
                  1877.5                    -0.057227131
                    1880                    -0.057859418
                  1882.5                    -0.058705495
                    1885                    -0.059760753
                  1887.5                    -0.061021245
                    1890                    -0.062479498
                  1892.5                    -0.064124836
                    1895                    -0.065946677
                  1897.5                    -0.067929526
                    1900                    -0.070056228
                  1902.5                     -0.07230989
                    1905                    -0.074671708
                  1907.5                    -0.077117904
                    1910                    -0.079627305
                  1912.5                    -0.082176316
                    1915                    -0.084742191
                  1917.5                    -0.087299688
                    1920                    -0.089824947
                  1922.5                    -0.092295054
                    1925                    -0.094684385
                  1927.5                     -0.09697344
                    1930                    -0.099138332
                  1932.5                     -0.10116085
                    1935                     -0.10302369
                  1937.5                     -0.10470894
                    1940                     -0.10620587
                  1942.5                     -0.10750079
                    1945                     -0.10858554
                  1947.5                     -0.10945594
                    1950                     -0.11010727
                  1952.5                     -0.11054086
                    1955                     -0.11075885
                  1957.5                     -0.11076835
                    1960                      -0.1105765
                  1962.5                     -0.11019774
                    1965                     -0.10964487
                  1967.5                     -0.10893612
                    1970                     -0.10809014
                  1972.5                     -0.10712915
                    1975                     -0.10607721
                  1977.5                     -0.10495994
                    1980                     -0.10380433
                  1982.5                     -0.10263791
                    1985                     -0.10148772
                  1987.5                     -0.10038562
                    1990                    -0.099360233
                  1992.5                    -0.098439114
                    1995                    -0.097650361
                  1997.5                    -0.097021383
                    2000                     -0.09657918
                  2002.5                    -0.096346936
                    2005                    -0.096345964
                  2007.5                    -0.096597201
                    2010                    -0.097118671
                  2012.5                    -0.097923971
                    2015                    -0.099025521
                  2017.5                     -0.10043155
                    2020                     -0.10214848
                  2022.5                     -0.10417703
                    2025                     -0.10651737
                  2027.5                     -0.10916361
                    2030                     -0.11210784
                  2032.5                     -0.11534013
                    2035                     -0.11884363
                  2037.5                     -0.12260169
                    2040                     -0.12659329
                  2042.5                     -0.13079507
                    2045                     -0.13518068
                  2047.5                     -0.13972076
                    2050                     -0.14438835
                  2052.5                     -0.14914879
                    2055                     -0.15396949
                  2057.5                     -0.15881854
                    2060                     -0.16366058
                  2062.5                     -0.16846141
                    2065                     -0.17318855
                  2067.5                     -0.17780985
                    2070                     -0.18229352
                  2072.5                     -0.18661131
                    2075                      -0.1907357
                  2077.5                     -0.19464284
                    2080                     -0.19831037
                  2082.5                     -0.20172318
                    2085                      -0.2048646
                  2087.5                     -0.20772559
                    2090                     -0.21030207
                  2092.5                     -0.21259009
                    2095                      -0.2145947
                  2097.5                     -0.21632231
                    2100                     -0.21778628
                  2102.5                     -0.21900364
                    2105                     -0.21999542
                  2107.5                      -0.2207855
                    2110                     -0.22140622
                  2112.5                     -0.22188838
                    2115                     -0.22227161
                  2117.5                      -0.2225937
                    2120                     -0.22289829
                  2122.5                     -0.22322861
                    2125                     -0.22363388
                  2127.5                     -0.22415974
                    2130                     -0.22485554
                  2132.5                     -0.22577117
                    2135                     -0.22695235
                  2137.5                     -0.22844886
                    2140                     -0.23030717
                  2142.5                     -0.23257083
                    2145                      -0.2352824
                  2147.5                     -0.23848131
                    2150                     -0.24220368
                  2152.5                      -0.2464823
                    2155                     -0.25134386
                  2157.5                     -0.25681496
                    2160                     -0.26291345
                  2162.5                     -0.26965361
                    2165                     -0.27704606
                  2167.5                     -0.28509305
                    2170                     -0.29379554
                  2172.5                     -0.30314571
                    2175                     -0.31313347
                  2177.5                     -0.32373876
                    2180                      -0.3349426
                  2182.5                     -0.34671786
                    2185                     -0.35903158
                  2187.5                     -0.37184929
                    2190                     -0.38512979
                  2192.5                     -0.39883263
                    2195                     -0.41291017
                  2197.5                     -0.42731519
                    2200                     -0.44199848
                  2202.5                     -0.45690934
                    2205                     -0.47199612
                  2207.5                     -0.48720988
                    2210                     -0.50250122
                  2212.5                     -0.51782214
                    2215                     -0.53313013
                  2217.5                     -0.54838332
                    2220                     -0.56354752
                  2222.5                     -0.57859189
                    2225                     -0.59349025
                  2227.5                     -0.60822623
                    2230                     -0.62278907
                  2232.5                     -0.63717313
                    2235                     -0.65138683
                  2237.5                     -0.66544342
                    2240                     -0.67936409
                  2242.5                      -0.6931825
                    2245                     -0.70693909
                  2247.5                     -0.72068362
                    2250                     -0.73447414
                  2252.5                     -0.74838163
                    2255                     -0.76247897
                  2257.5                     -0.77685153
                    2260                     -0.79159103
                  2262.5                     -0.80679345
                    2265                       -0.822564
                  2267.5                     -0.83901344
                    2270                     -0.85625201
                  2272.5                     -0.87439774
                    2275                     -0.89357125
                  2277.5                     -0.91389072
                    2280                     -0.93548088
                  2282.5                     -0.95845811
                    2285                     -0.98294478
                  2287.5                      -1.0090555
                    2290                      -1.0369042
                  2292.5                      -1.0665971
                    2295                      -1.0982385
                  2297.5                      -1.1319202
                    2300                      -1.1677303
                  2302.5                      -1.2057483
                    2305                      -1.2460393
                  2307.5                      -1.2886612
                    2310                      -1.3336553
                  2312.5                      -1.3810521
                    2315                      -1.4308677
                  2317.5                      -1.4830995
                    2320                      -1.5377295
                  2322.5                      -1.5947212
                    2325                      -1.6540163
                  2327.5                      -1.7155398
                    2330                      -1.7791877
                  2332.5                      -1.8448409
                    2335                      -1.9123472
                  2337.5                       -1.981536
                    2340                       -2.052206
                  2342.5                      -2.1241307
                    2345                       -2.197054
                  2347.5                      -2.2706923
                    2350                      -2.3447363
                  2352.5                      -2.4188456
                    2355                      -2.4926553
                  2357.5                      -2.5657764
                    2360                      -2.6377962
                  2362.5                      -2.7082794
                    2365                      -2.7767798
                  2367.5                      -2.8428351
                    2370                      -2.9059796
                  2372.5                      -2.9657439
                    2375                      -3.0216665
                  2377.5                      -3.0733005
                    2380                      -3.1202157
                  2382.5                       -3.162012
                    2385                      -3.1983307
                  2387.5                      -3.2288503
                    2390                       -3.253303
                  2392.5                      -3.2714801
                    2395                      -3.2832311
                  2397.5                       -3.288475
                    2400                      -3.2871964
                  2402.5                       -3.279448
                    2405                       -3.265351
                  2407.5                      -3.2450887
                    2410                      -3.2189069
                  2412.5                      -3.1871062
                    2415                      -3.1500317
                  2417.5                      -3.1080749
                    2420                      -3.0616551
                  2422.5                      -3.0112179
                    2425                      -2.9572307
                  2427.5                      -2.9001671
                    2430                      -2.8405008
                  2432.5                      -2.7787034
                    2435                      -2.7152429
                  2437.5                      -2.6505627
                    2440                      -2.5850955
                  2442.5                      -2.5192471
                    2445                      -2.4534009
                  2447.5                      -2.3879118
                    2450                      -2.3231081
                  2452.5                      -2.2592831
                    2455                      -2.1967094
                  2457.5                      -2.1356219
                    2460                        -2.07623
                  2462.5                       -2.018714
                    2465                      -1.9632221
                  2467.5                       -1.909881
                    2470                      -1.8587838
                  2472.5                      -1.8100033
                    2475                      -1.7635875
                  2477.5                      -1.7195593
                    2480                      -1.6779213
                  2482.5                      -1.6386539
                    2485                       -1.601719
                  2487.5                      -1.5670612
                    2490                       -1.534607
                  2492.5                      -1.5042676
                    2495                      -1.4759399
                  2497.5                      -1.4495083
                    2500                      -1.4248478
                  2502.5                      -1.4018177
                    2505                      -1.3802767
                  2507.5                      -1.3600706
                    2510                      -1.3410413
                  2512.5                      -1.3230308
                    2515                      -1.3058731
                  2517.5                      -1.2894092
                    2520                       -1.273475
                  2522.5                      -1.2579152
                    2525                      -1.2425754
                  2527.5                      -1.2273099
                    2530                      -1.2119822
                  2532.5                      -1.1964647
                    2535                       -1.180641
                  2537.5                      -1.1644085
                    2540                       -1.147677
                  2542.5                      -1.1303719
                    2545                      -1.1124336
                  2547.5                        -1.09382
                    2550                      -1.0745047
                  2552.5                      -1.0544737
                    2555                      -1.0337363
                  2557.5                      -1.0123127
                    2560                     -0.99024055
                  2562.5                      -0.9675695
                    2565                     -0.94436493
                  2567.5                     -0.92070171
                    2570                     -0.89666792
                  2572.5                     -0.87236021
                    2575                      -0.8478837
                  2577.5                     -0.82334698
                    2580                      -0.7988653
                  2582.5                     -0.77455783
                    2585                      -0.7505423
                  2587.5                     -0.72693929
                    2590                     -0.70386427
                  2592.5                     -0.68143273
                    2595                      -0.6597519
                  2597.5                     -0.63892699
                    2600                     -0.61905342
                  2602.5                     -0.60022009
                    2605                     -0.58250634
                  2607.5                     -0.56597917
                    2610                     -0.55070048
                  2612.5                     -0.53671843
                    2615                     -0.52406641
                  2617.5                      -0.5127689
                    2620                     -0.50283935
                  2622.5                      -0.4942742
                    2625                     -0.48706333
                  2627.5                     -0.48117939
                    2630                     -0.47658626
                  2632.5                     -0.47323257
                    2635                     -0.47105715
                  2637.5                      -0.4699881
                    2640                     -0.46994377
                  2642.5                     -0.47082931
                    2645                     -0.47254584
                  2647.5                     -0.47498453
                    2650                     -0.47802821
                  2652.5                      -0.4815556
                    2655                     -0.48544084
                  2657.5                     -0.48955665
                    2660                      -0.4937718
                  2662.5                     -0.49795636
                    2665                     -0.50198137
                  2667.5                      -0.5057208
                    2670                     -0.50905582
                  2672.5                     -0.51186829
                    2675                     -0.51405448
                  2677.5                     -0.51551629
                    2680                     -0.51616657
                  2682.5                     -0.51592923
                    2685                     -0.51474324
                  2687.5                     -0.51255967
                    2690                     -0.50934389
                  2692.5                     -0.50507687
                    2695                     -0.49975589
                  2697.5                     -0.49339193
                    2700                     -0.48600994
                  2702.5                     -0.47765304
                    2705                     -0.46837475
                  2707.5                      -0.4582438
                    2710                     -0.44734081
                  2712.5                     -0.43575631
                    2715                     -0.42359007
                  2717.5                     -0.41095207
                    2720                     -0.39795764
                  2722.5                     -0.38472586
                    2725                     -0.37138032
                  2727.5                     -0.35804704
                    2730                     -0.34485164
                  2732.5                     -0.33191711
                    2735                     -0.31936333
                  2737.5                     -0.30730834
                    2740                     -0.29586211
                  2742.5                     -0.28512663
                    2745                     -0.27520035
                  2747.5                     -0.26616655
                    2750                     -0.25810167
                  2752.5                      -0.2510698
                    2755                     -0.24512576
                  2757.5                     -0.24030946
                    2760                     -0.23664861
                  2762.5                     -0.23415785
                    2765                     -0.23283947
                  2767.5                     -0.23268095
                    2770                     -0.23365975
                  2772.5                     -0.23573519
                    2775                     -0.23885655
                  2777.5                     -0.24296177
                    2780                     -0.24797387
                  2782.5                     -0.25380804
                    2785                     -0.26036666
                  2787.5                     -0.26754398
                    2790                     -0.27522565
                  2792.5                     -0.28328926
                    2795                     -0.29160915
                  2797.5                      -0.3000534
                    2800                     -0.30848659
                  2802.5                     -0.31677541
                    2805                      -0.3247844
                  2807.5                     -0.33238239
                    2810                     -0.33944163
                  2812.5                     -0.34584062
                    2815                     -0.35146663
                  2817.5                     -0.35621461
                    2820                     -0.35999256
                  2822.5                     -0.36272042
                    2825                     -0.36433109
                  2827.5                     -0.36477511
                    2830                     -0.36401688
                  2832.5                      -0.3620378
                    2835                     -0.35883629
                  2837.5                     -0.35442819
                    2840                     -0.34884663
                  2842.5                     -0.34213979
                    2845                     -0.33437288
                  2847.5                     -0.32562665
                    2850                     -0.31599333
                  2852.5                     -0.30557849
                    2855                     -0.29449901
                  2857.5                     -0.28288236
                    2860                     -0.27085952
                  2862.5                     -0.25857089
                    2865                     -0.24615766
                  2867.5                     -0.23376524
                    2870                     -0.22153623
                  2872.5                      -0.2096136
                    2875                     -0.19813696
                  2877.5                      -0.1872379
                    2880                      -0.1770452
                  2882.5                     -0.16767388
                    2885                     -0.15923375
                  2887.5                     -0.15182195
                    2890                     -0.14552414
                  2892.5                     -0.14041158
                    2895                     -0.13654392
                  2897.5                     -0.13396449
                    2900                     -0.13270286
                  2902.5                      -0.1327712
                    2905                     -0.13416924
                  2907.5                      -0.1368776
                    2910                     -0.14086206
                  2912.5                      -0.1460737
                    2915                     -0.15244715
                  2917.5                     -0.15990211
                    2920                     -0.16834465
                  2922.5                     -0.17766617
                    2925                     -0.18774734
                  2927.5                     -0.19845665
                    2930                     -0.20965142
                  2932.5                     -0.22118174
                    2935                      -0.2328912
                  2937.5                     -0.24461634
                    2940                     -0.25619506
                  2942.5                     -0.26745834
                    2945                     -0.27824331
                  2947.5                     -0.28838927
                    2950                     -0.29774135
                  2952.5                     -0.30615262
                    2955                     -0.31348849
                  2957.5                     -0.31962485
                    2960                     -0.32445541
                  2962.5                      -0.3278885
                    2965                     -0.32985409
                  2967.5                      -0.3302959
                    2970                     -0.32918709
                  2972.5                     -0.32651496
                    2975                     -0.32229447
                  2977.5                     -0.31656027
                    2980                     -0.30936725
                  2982.5                       -0.300795
                    2985                     -0.29094002
                  2987.5                     -0.27991732
                    2990                     -0.26785978
                  2992.5                     -0.25491539
                    2995                     -0.24124301
                  2997.5                     -0.22701347
                    3000                     -0.21240429

