        Frequency / MHz                S1,1/abs,dB
----------------------------------------------------------------------
                     500                    -0.050993105
                   502.5                     -0.05114683
                     505                    -0.051247596
                   507.5                    -0.051298311
                     510                    -0.051300936
                   512.5                    -0.051259459
                     515                     -0.05117709
                   517.5                    -0.051057324
                     520                    -0.050902459
                   522.5                    -0.050716727
                     525                    -0.050503787
                   527.5                    -0.050265365
                     530                    -0.050006351
                   532.5                    -0.049731266
                     535                    -0.049441495
                   537.5                    -0.049142235
                     540                    -0.048836172
                   542.5                    -0.048529215
                     545                    -0.048221611
                   547.5                    -0.047918803
                     550                     -0.04762463
                   552.5                    -0.047342012
                     555                    -0.047074819
                   557.5                    -0.046826453
                     560                    -0.046600439
                   562.5                    -0.046400046
                     565                    -0.046228022
                   567.5                    -0.046088485
                     570                    -0.045985436
                   572.5                    -0.045919241
                     575                    -0.045895093
                   577.5                    -0.045915444
                     580                    -0.045983088
                   582.5                    -0.046100023
                     585                    -0.046270427
                   587.5                    -0.046494697
                     590                    -0.046777478
                   592.5                    -0.047118767
                     595                    -0.047522976
                   597.5                    -0.047990205
                     600                    -0.048523625
                   602.5                    -0.049124474
                     605                    -0.049794261
                   607.5                    -0.050534368
                     610                    -0.051347386
                   612.5                    -0.052233217
                     615                    -0.053193827
                   617.5                    -0.054231033
                     620                     -0.05534271
                   622.5                     -0.05653184
                     625                     -0.05780094
                   627.5                    -0.059146776
                     630                    -0.060573167
                   632.5                    -0.062077633
                     635                     -0.06366043
                   637.5                    -0.065323608
                     640                    -0.067067758
                   642.5                     -0.06888989
                     645                    -0.070790884
                   647.5                    -0.072769517
                     650                    -0.074828892
                   652.5                    -0.076963762
                     655                    -0.079176728
                   657.5                    -0.081467558
                     660                    -0.083832882
                   662.5                    -0.086272054
                     665                    -0.088785956
                   667.5                    -0.091373344
                     670                    -0.094031653
                   672.5                    -0.096760924
                     675                    -0.099561507
                   677.5                     -0.10242984
                     680                     -0.10536654
                   682.5                     -0.10836761
                     685                     -0.11143583
                   687.5                     -0.11456808
                     690                     -0.11776309
                   692.5                      -0.1210174
                     695                     -0.12433354
                   697.5                     -0.12770898
                     700                     -0.13114182
                   702.5                     -0.13463139
                     705                     -0.13817719
                   707.5                      -0.1417782
                     710                     -0.14543214
                   712.5                     -0.14913863
                     715                     -0.15289712
                   717.5                     -0.15670679
                     720                      -0.1605676
                   722.5                     -0.16447699
                     725                     -0.16843515
                   727.5                     -0.17244134
                     730                     -0.17649676
                   732.5                     -0.18059865
                     735                     -0.18474946
                   737.5                     -0.18894774
                     740                     -0.19319189
                   742.5                     -0.19748622
                     745                     -0.20182655
                   747.5                     -0.20621622
                     750                     -0.21065468
                   752.5                      -0.2151439
                     755                      -0.2196824
                   757.5                     -0.22427262
                     760                     -0.22891638
                   762.5                     -0.23361308
                     765                     -0.23836579
                   767.5                     -0.24317448
                     770                     -0.24804347
                   772.5                     -0.25297244
                     775                     -0.25796403
                   777.5                     -0.26302146
                     780                     -0.26814653
                   782.5                     -0.27334027
                     785                     -0.27860733
                   787.5                     -0.28394901
                     790                      -0.2893705
                   792.5                     -0.29487484
                     795                      -0.3004623
                   797.5                     -0.30613869
                     800                     -0.31190922
                   802.5                     -0.31777518
                     805                     -0.32374058
                   807.5                     -0.32981194
                     810                     -0.33599078
                   812.5                     -0.34228254
                     815                     -0.34869241
                   817.5                     -0.35522456
                     820                     -0.36188464
                   822.5                     -0.36867641
                     825                     -0.37560523
                   827.5                     -0.38267744
                     830                     -0.38989611
                   832.5                      -0.3972686
                     835                     -0.40480062
                   837.5                     -0.41249666
                     840                     -0.42036303
                   842.5                     -0.42840499
                     845                     -0.43662955
                   847.5                     -0.44504175
                     850                     -0.45364856
                   852.5                     -0.46245496
                     855                     -0.47146801
                   857.5                     -0.48069377
                     860                     -0.49013835
                   862.5                     -0.49980851
                     865                     -0.50971042
                   867.5                     -0.51984988
                     870                     -0.53023544
                   872.5                     -0.54087057
                     875                     -0.55176397
                   877.5                     -0.56292193
                     880                     -0.57434944
                   882.5                     -0.58605449
                     885                     -0.59804252
                   887.5                     -0.61032147
                     890                     -0.62289635
                   892.5                     -0.63577344
                     895                     -0.64896048
                   897.5                     -0.66246282
                     900                     -0.67628593
                   902.5                     -0.69043718
                     905                     -0.70492237
                   907.5                     -0.71974798
                     910                     -0.73492001
                   912.5                     -0.75044229
                     915                     -0.76632326
                   917.5                     -0.78256678
                     920                     -0.79917976
                   922.5                     -0.81616699
                     925                     -0.83353321
                   927.5                      -0.8512854
                     930                     -0.86942658
                   932.5                      -0.8879638
                     935                     -0.90690072
                   937.5                     -0.92624264
                     940                     -0.94599229
                   942.5                     -0.96615612
                     945                     -0.98673645
                   947.5                      -1.0077382
                     950                      -1.0291673
                   952.5                      -1.0510238
                     955                      -1.0733121
                   957.5                      -1.0960363
                     960                      -1.1192001
                   962.5                      -1.1428045
                     965                      -1.1668518
                   967.5                      -1.1913459
                     970                      -1.2162899
                   972.5                      -1.2416815
                     975                      -1.2675255
                   977.5                       -1.293823
                     980                      -1.3205752
                   982.5                      -1.3477803
                     985                      -1.3754411
                   987.5                      -1.4035562
                     990                      -1.4321283
                   992.5                      -1.4611541
                     995                      -1.4906326
                   997.5                      -1.5205644
                    1000                      -1.5509492
                  1002.5                      -1.5817801
                    1005                      -1.6130612
                  1007.5                      -1.6447857
                    1010                      -1.6769511
                  1012.5                      -1.7095541
                    1015                      -1.7425931
                  1017.5                      -1.7760635
                    1020                      -1.8099574
                  1022.5                      -1.8442718
                    1025                      -1.8790033
                  1027.5                       -1.914143
                    1030                      -1.9496857
                  1032.5                      -1.9856253
                    1035                      -2.0219543
                  1037.5                      -2.0586638
                    1040                      -2.0957457
                  1042.5                      -2.1331906
                    1045                      -2.1709917
                  1047.5                      -2.2091364
                    1050                      -2.2476157
                  1052.5                      -2.2864158
                    1055                      -2.3255285
                  1057.5                      -2.3649419
                    1060                      -2.4046416
                  1062.5                      -2.4446124
                    1065                      -2.4848443
                  1067.5                      -2.5253202
                    1070                      -2.5660268
                  1072.5                      -2.6069469
                    1075                      -2.6480633
                  1077.5                      -2.6893619
                    1080                      -2.7308219
                  1082.5                      -2.7724279
                    1085                      -2.8141578
                  1087.5                      -2.8559932
                    1090                      -2.8979168
                  1092.5                      -2.9399037
                    1095                      -2.9819347
                  1097.5                       -3.023989
                    1100                      -3.0660398
                  1102.5                      -3.1080676
                    1105                      -3.1500472
                  1107.5                      -3.1919544
                    1110                      -3.2337641
                  1112.5                      -3.2754516
                    1115                      -3.3169907
                  1117.5                      -3.3583539
                    1120                      -3.3995136
                  1122.5                       -3.440446
                    1125                      -3.4811205
                  1127.5                      -3.5215084
                    1130                      -3.5615839
                  1132.5                      -3.6013169
                    1135                      -3.6406773
                  1137.5                      -3.6796374
                    1140                      -3.7181678
                  1142.5                      -3.7562392
                    1145                      -3.7938222
                  1147.5                      -3.8308878
                    1150                      -3.8674045
                  1152.5                      -3.9033455
                    1155                      -3.9386795
                  1157.5                        -3.97338
                    1160                      -4.0074181
                  1162.5                      -4.0407645
                    1165                      -4.0733942
                  1167.5                      -4.1052772
                    1170                      -4.1363882
                  1172.5                      -4.1667023
                    1175                      -4.1961951
                  1177.5                        -4.22484
                    1180                      -4.2526171
                  1182.5                      -4.2795014
                    1185                      -4.3054716
                  1187.5                      -4.3305108
                    1190                      -4.3545967
                  1192.5                      -4.3777147
                    1195                      -4.3998446
                  1197.5                      -4.4209735
                    1200                        -4.44109
                  1202.5                      -4.4601779
                    1205                       -4.478227
                  1207.5                      -4.4952313
                    1210                      -4.5111781
                  1212.5                      -4.5260655
                    1215                      -4.5398888
                  1217.5                      -4.5526409
                    1220                      -4.5643242
                  1222.5                      -4.5749391
                    1225                      -4.5844843
                  1227.5                      -4.5929667
                    1230                      -4.6003891
                  1232.5                      -4.6067591
                    1235                      -4.6120835
                  1237.5                      -4.6163742
                    1240                      -4.6196404
                  1242.5                      -4.6218954
                    1245                      -4.6231528
                  1247.5                      -4.6234274
                    1250                      -4.6227372
                  1252.5                      -4.6210987
                    1255                        -4.61853
                  1257.5                      -4.6150527
                    1260                      -4.6106874
                  1262.5                      -4.6054542
                    1265                      -4.5993797
                  1267.5                      -4.5924819
                    1270                      -4.5847912
                  1272.5                      -4.5763281
                    1275                      -4.5671207
                  1277.5                      -4.5571953
                    1280                      -4.5465755
                  1282.5                      -4.5352916
                    1285                      -4.5233688
                  1287.5                      -4.5108352
                    1290                      -4.4977196
                  1292.5                      -4.4840481
                    1295                      -4.4698504
                  1297.5                      -4.4551516
                    1300                      -4.4399819
                  1302.5                      -4.4243688
                    1305                        -4.40834
                  1307.5                      -4.3919197
                    1310                      -4.3751404
                  1312.5                      -4.3580241
                    1315                      -4.3405994
                  1317.5                      -4.3228911
                    1320                      -4.3049262
                  1322.5                      -4.2867294
                    1325                      -4.2683251
                  1327.5                      -4.2497378
                    1330                      -4.2309894
                  1332.5                      -4.2121066
                    1335                      -4.1931078
                  1337.5                       -4.174018
                    1340                      -4.1548572
                  1342.5                      -4.1356467
                    1345                      -4.1164048
                  1347.5                      -4.0971541
                    1350                      -4.0779113
                  1352.5                      -4.0586945
                    1355                      -4.0395225
                  1357.5                      -4.0204107
                    1360                      -4.0013781
                  1362.5                      -3.9824377
                    1365                      -3.9636034
                  1367.5                      -3.9448924
                    1370                      -3.9263173
                  1372.5                      -3.9078912
                    1375                      -3.8896262
                  1377.5                      -3.8715353
                    1380                      -3.8536274
                  1382.5                       -3.835916
                    1385                      -3.8184103
                  1387.5                      -3.8011177
                    1390                      -3.7840495
                  1392.5                      -3.7672136
                    1395                       -3.750618
                  1397.5                      -3.7342678
                    1400                      -3.7181729
                  1402.5                      -3.7023379
                    1405                      -3.6867676
                  1407.5                       -3.671469
                    1410                      -3.6564469
                  1412.5                       -3.641704
                    1415                      -3.6272454
                  1417.5                      -3.6130747
                    1420                      -3.5991947
                  1422.5                       -3.585607
                    1425                      -3.5723158
                  1427.5                      -3.5593209
                    1430                      -3.5466251
                  1432.5                      -3.5342284
                    1435                      -3.5221332
                  1437.5                      -3.5103394
                    1440                      -3.4988455
                  1442.5                      -3.4876532
                    1445                      -3.4767613
                  1447.5                      -3.4661692
                    1450                      -3.4558748
                  1452.5                      -3.4458787
                    1455                      -3.4361778
                  1457.5                       -3.426772
                    1460                      -3.4176578
                  1462.5                      -3.4088323
                    1465                      -3.4002952
                  1467.5                      -3.3920429
                    1470                       -3.384072
                  1472.5                      -3.3763812
                    1475                      -3.3689666
                  1477.5                      -3.3618246
                    1480                      -3.3549513
                  1482.5                      -3.3483453
                    1485                      -3.3420011
                  1487.5                      -3.3359179
                    1490                      -3.3300877
                  1492.5                      -3.3245102
                    1495                      -3.3191805
                  1497.5                      -3.3140947
                    1500                      -3.3092489
                  1502.5                      -3.3046392
                    1505                      -3.3002613
                  1507.5                      -3.2961119
                    1510                      -3.2921866
                  1512.5                      -3.2884821
                    1515                      -3.2849936
                  1517.5                      -3.2817184
                    1520                      -3.2786523
                  1522.5                       -3.275791
                    1525                      -3.2731324
                  1527.5                      -3.2706699
                    1530                      -3.2684025
                  1532.5                      -3.2663278
                    1535                       -3.264439
                  1537.5                      -3.2627363
                    1540                      -3.2612156
                  1542.5                      -3.2598742
                    1545                      -3.2587073
                  1547.5                      -3.2577156
                    1550                      -3.2568939
                  1552.5                      -3.2562427
                    1555                      -3.2557575
                  1557.5                      -3.2554373
                    1560                      -3.2552811
                  1562.5                      -3.2552866
                    1565                      -3.2554531
                  1567.5                      -3.2557775
                    1570                      -3.2562625
                  1572.5                       -3.256904
                    1575                      -3.2577045
                  1577.5                      -3.2586616
                    1580                      -3.2597768
                  1582.5                      -3.2610493
                    1585                      -3.2624797
                  1587.5                      -3.2640692
                    1590                      -3.2658205
                  1592.5                      -3.2677314
                    1595                      -3.2698062
                  1597.5                      -3.2720454
                    1600                      -3.2744515
                  1602.5                      -3.2770275
                    1605                      -3.2797749
                  1607.5                      -3.2826954
                    1610                      -3.2857951
                  1612.5                      -3.2890747
                    1615                      -3.2925392
                  1617.5                      -3.2961937
                    1620                      -3.3000387
                  1622.5                      -3.3040826
                    1625                      -3.3083274
                  1627.5                      -3.3127796
                    1630                      -3.3174439
                  1632.5                       -3.322324
                    1635                      -3.3274283
                  1637.5                      -3.3327614
                    1640                      -3.3383296
                  1642.5                      -3.3441397
                    1645                      -3.3501978
                  1647.5                      -3.3565105
                    1650                      -3.3630862
                  1652.5                       -3.369932
                    1655                      -3.3770546
                  1657.5                      -3.3844618
                    1660                       -3.392163
                  1662.5                      -3.4001658
                    1665                      -3.4084777
                  1667.5                      -3.4171076
                    1670                      -3.4260655
                  1672.5                      -3.4353608
                    1675                      -3.4450002
                  1677.5                      -3.4549959
                    1680                      -3.4653562
                  1682.5                      -3.4760907
                    1685                      -3.4872097
                  1687.5                      -3.4987231
                    1690                      -3.5106416
                  1692.5                      -3.5229759
                    1695                       -3.535736
                  1697.5                      -3.5489338
                    1700                      -3.5625794
                  1702.5                      -3.5766833
                    1705                      -3.5912573
                  1707.5                      -3.6063129
                    1710                      -3.6218624
                  1712.5                      -3.6379163
                    1715                      -3.6544871
                  1717.5                       -3.671586
                    1720                      -3.6892257
                  1722.5                      -3.7074172
                    1725                      -3.7261748
                  1727.5                      -3.7455091
                    1730                      -3.7654339
                  1732.5                       -3.785961
                    1735                      -3.8071045
                  1737.5                      -3.8288753
                    1740                      -3.8512875
                  1742.5                       -3.874355
                    1745                      -3.8980889
                  1747.5                      -3.9225039
                    1750                      -3.9476137
                  1752.5                      -3.9734312
                    1755                      -3.9999713
                  1757.5                      -4.0272463
                    1760                      -4.0552703
                  1762.5                      -4.0840595
                    1765                      -4.1136238
                  1767.5                       -4.143982
                    1770                      -4.1751456
                  1772.5                      -4.2071303
                    1775                      -4.2399495
                  1777.5                      -4.2736209
                    1780                      -4.3081549
                  1782.5                      -4.3435713
                    1785                      -4.3798818
                  1787.5                      -4.4171042
                    1790                      -4.4552507
                  1792.5                      -4.4943406
                    1795                      -4.5343877
                  1797.5                      -4.5754076
                    1800                      -4.6174174
                  1802.5                      -4.6604327
                    1805                      -4.7044694
                  1807.5                      -4.7495458
                    1810                      -4.7956767
                  1812.5                      -4.8428803
                    1815                      -4.8911734
                  1817.5                      -4.9405717
                    1820                      -4.9910956
                  1822.5                      -5.0427601
                    1825                      -5.0955859
                  1827.5                      -5.1495888
                    1830                      -5.2047865
                  1832.5                      -5.2611988
                    1835                      -5.3188448
                  1837.5                      -5.3777422
                    1840                      -5.4379109
                  1842.5                      -5.4993698
                    1845                      -5.5621406
                  1847.5                      -5.6262389
                    1850                      -5.6916877
                  1852.5                      -5.7585064
                    1855                      -5.8267157
                  1857.5                       -5.896337
                    1860                      -5.9673882
                  1862.5                      -6.0398947
                    1865                      -6.1138736
                  1867.5                      -6.1893484
                    1870                      -6.2663412
                  1872.5                      -6.3448722
                    1875                      -6.4249656
                  1877.5                      -6.5066389
                    1880                      -6.5899188
                  1882.5                       -6.674826
                    1885                      -6.7613824
                  1887.5                      -6.8496096
                    1890                       -6.939531
                  1892.5                      -7.0311685
                    1895                      -7.1245423
                  1897.5                      -7.2196757
                    1900                      -7.3165895
                  1902.5                      -7.4153038
                    1905                      -7.5158401
                  1907.5                      -7.6182173
                    1910                      -7.7224569
                  1912.5                      -7.8285746
                    1915                      -7.9365878
                  1917.5                      -8.0465144
                    1920                      -8.1583669
                  1922.5                      -8.2721612
                    1925                      -8.3879056
                  1927.5                      -8.5056101
                    1930                      -8.6252826
                  1932.5                      -8.7469255
                    1935                      -8.8705434
                  1937.5                      -8.9961282
                    1940                      -9.1236782
                  1942.5                      -9.2531769
                    1945                      -9.3846115
                  1947.5                      -9.5179579
                    1950                      -9.6531882
                  1952.5                      -9.7902662
                    1955                      -9.9291472
                  1957.5                      -10.069777
                    1960                      -10.212091
                  1962.5                      -10.356016
                    1965                      -10.501464
                  1967.5                      -10.648331
                    1970                      -10.796501
                  1972.5                      -10.945838
                    1975                      -11.096191
                  1977.5                      -11.247385
                    1980                      -11.399225
                  1982.5                      -11.551491
                    1985                      -11.703934
                  1987.5                      -11.856283
                    1990                      -12.008233
                  1992.5                      -12.159446
                    1995                      -12.309555
                  1997.5                      -12.458157
                    2000                      -12.604813
                  2002.5                      -12.749047
                    2005                       -12.89035
                  2007.5                       -13.02818
                    2010                      -13.161959
                  2012.5                      -13.291082
                    2015                      -13.414921
                  2017.5                      -13.532825
                    2020                       -13.64413
                  2022.5                      -13.748174
                    2025                      -13.844297
                  2027.5                      -13.931853
                    2030                      -14.010229
                  2032.5                      -14.078848
                    2035                      -14.137189
                  2037.5                      -14.184797
                    2040                       -14.22129
                  2042.5                      -14.246373
                    2045                      -14.259845
                  2047.5                      -14.261604
                    2050                      -14.251652
                  2052.5                      -14.230091
                    2055                      -14.197123
                  2057.5                      -14.153043
                    2060                      -14.098234
                  2062.5                      -14.033152
                    2065                       -13.95832
                  2067.5                      -13.874314
                    2070                      -13.781747
                  2072.5                      -13.681266
                    2075                      -13.573527
                  2077.5                      -13.459198
                    2080                      -13.338939
                  2082.5                      -13.213398
                    2085                      -13.083208
                  2087.5                      -12.948969
                    2090                      -12.811258
                  2092.5                      -12.670619
                    2095                       -12.52756
                  2097.5                      -12.382554
                    2100                      -12.236039
                  2102.5                      -12.088417
                    2105                      -11.940056
                  2107.5                      -11.791293
                    2110                       -11.64243
                  2112.5                      -11.493739
                    2115                      -11.345467
                  2117.5                      -11.197833
                    2120                      -11.051031
                  2122.5                      -10.905236
                    2125                      -10.760599
                  2127.5                      -10.617253
                    2130                      -10.475316
                  2132.5                      -10.334889
                    2135                      -10.196057
                  2137.5                      -10.058897
                    2140                      -9.9234711
                  2142.5                      -9.7898308
                    2145                      -9.6580213
                  2147.5                      -9.5280774
                    2150                      -9.4000277
                  2152.5                      -9.2738924
                    2155                      -9.1496893
                  2157.5                       -9.027426
                    2160                      -8.9071096
                  2162.5                      -8.7887436
                    2165                      -8.6723224
                  2167.5                      -8.5578445
                    2170                      -8.4453014
                  2172.5                      -8.3346812
                    2175                      -8.2259726
                  2177.5                      -8.1191611
                    2180                      -8.0142309
                  2182.5                      -7.9111654
                    2185                      -7.8099456
                  2187.5                      -7.7105511
                    2190                      -7.6129622
                  2192.5                      -7.5171583
                    2195                      -7.4231175
                  2197.5                      -7.3308165
                    2200                      -7.2402336
                  2202.5                      -7.1513452
                    2205                      -7.0641277
                  2207.5                      -6.9785591
                    2210                      -6.8946141
                  2212.5                      -6.8122692
                    2215                      -6.7315009
                  2217.5                      -6.6522848
                    2220                         -6.5746
                  2222.5                      -6.4984195
                    2225                      -6.4237196
                  2227.5                      -6.3504798
                    2230                      -6.2786731
                  2232.5                      -6.2082794
                    2235                      -6.1392733
                  2237.5                       -6.071632
                    2240                      -6.0053349
                  2242.5                      -5.9403555
                    2245                      -5.8766752
                  2247.5                      -5.8142702
                    2250                      -5.7531169
                  2252.5                      -5.6931953
                    2255                      -5.6344835
                  2257.5                      -5.5769597
                    2260                      -5.5206022
                  2262.5                      -5.4653894
                    2265                      -5.4113024
                  2267.5                       -5.358319
                    2270                      -5.3064183
                  2272.5                      -5.2555793
                    2275                      -5.2057857
                  2277.5                       -5.157012
                    2280                      -5.1092414
                  2282.5                      -5.0624533
                    2285                       -5.016629
                  2287.5                      -4.9717485
                    2290                      -4.9277932
                  2292.5                       -4.884743
                    2295                      -4.8425806
                  2297.5                      -4.8012858
                    2300                      -4.7608407
                  2302.5                       -4.721227
                    2305                      -4.6824257
                  2307.5                      -4.6444203
                    2310                      -4.6071919
                  2312.5                      -4.5707229
                    2315                      -4.5349948
                  2317.5                      -4.4999929
                    2320                      -4.4656968
                  2322.5                      -4.4320906
                    2325                      -4.3991583
                  2327.5                      -4.3668811
                    2330                      -4.3352452
                  2332.5                      -4.3042313
                    2335                       -4.273824
                  2337.5                       -4.244009
                    2340                       -4.214767
                  2342.5                      -4.1860842
                    2345                       -4.157946
                  2347.5                       -4.130335
                    2350                      -4.1032376
                  2352.5                      -4.0766373
                    2355                      -4.0505205
                  2357.5                      -4.0248715
                    2360                      -3.9996756
                  2362.5                      -3.9749193
                    2365                      -3.9505893
                  2367.5                      -3.9266713
                    2370                      -3.9031509
                  2372.5                      -3.8800134
                    2375                      -3.8572499
                  2377.5                      -3.8348442
                    2380                      -3.8127835
                  2382.5                       -3.791058
                    2385                      -3.7696523
                  2387.5                       -3.748557
                    2390                      -3.7277586
                  2392.5                      -3.7072474
                    2395                      -3.6870107
                  2397.5                      -3.6670399
                    2400                      -3.6473206
                  2402.5                      -3.6278471
                    2405                      -3.6086064
                  2407.5                      -3.5895893
                    2410                      -3.5707873
                  2412.5                      -3.5521906
                    2415                        -3.53379
                  2417.5                      -3.5155774
                    2420                      -3.4975459
                  2422.5                      -3.4796873
                    2425                      -3.4619916
                  2427.5                      -3.4444548
                    2430                      -3.4270687
                  2432.5                      -3.4098255
                    2435                       -3.392721
                  2437.5                      -3.3757493
                    2440                      -3.3589039
                  2442.5                      -3.3421804
                    2445                      -3.3255723
                  2447.5                      -3.3090769
                    2450                      -3.2926888
                  2452.5                      -3.2764049
                    2455                      -3.2602203
                  2457.5                       -3.244134
                    2460                      -3.2281403
                  2462.5                      -3.2122375
                    2465                      -3.1964252
                  2467.5                      -3.1807006
                    2470                      -3.1650586
                  2472.5                      -3.1495022
                    2475                      -3.1340278
                  2477.5                      -3.1186352
                    2480                      -3.1033242
                  2482.5                      -3.0880931
                    2485                      -3.0729436
                  2487.5                      -3.0578746
                    2490                       -3.042887
                  2492.5                      -3.0279817
                    2495                      -3.0131602
                  2497.5                      -2.9984217
                    2500                      -2.9837691
                  2502.5                      -2.9692029
                    2505                      -2.9547263
                  2507.5                      -2.9403399
                    2510                       -2.926047
                  2512.5                      -2.9118478
                    2515                      -2.8977473
                  2517.5                      -2.8837454
                    2520                      -2.8698481
                  2522.5                      -2.8560546
                    2525                      -2.8423713
                  2527.5                      -2.8287972
                    2530                       -2.815339
                  2532.5                      -2.8019986
                    2535                      -2.7887785
                  2537.5                      -2.7756831
                    2540                      -2.7627147
                  2542.5                      -2.7498781
                    2545                       -2.737175
                  2547.5                      -2.7246121
                    2550                      -2.7121882
                  2552.5                      -2.6999095
                    2555                      -2.6877797
                  2557.5                      -2.6758008
                    2560                       -2.663977
                  2562.5                      -2.6523113
                    2565                       -2.640808
                  2567.5                      -2.6294689
                    2570                      -2.6182977
                  2572.5                      -2.6072965
                    2575                      -2.5964704
                  2577.5                      -2.5858199
                    2580                      -2.5753494
                  2582.5                      -2.5650608
                    2585                      -2.5549566
                  2587.5                      -2.5450404
                    2590                      -2.5353118
                  2592.5                      -2.5257758
                    2595                      -2.5164319
                  2597.5                      -2.5072838
                    2600                      -2.4983317
                  2602.5                      -2.4895784
                    2605                      -2.4810246
                  2607.5                      -2.4726703
                    2610                      -2.4645187
                  2612.5                      -2.4565683
                    2615                      -2.4488208
                  2617.5                      -2.4412769
                    2620                      -2.4339355
                  2622.5                      -2.4267979
                    2625                      -2.4198632
                  2627.5                      -2.4131305
                    2630                      -2.4066001
                  2632.5                      -2.4002697
                    2635                        -2.39414
                  2637.5                      -2.3882082
                    2640                      -2.3824742
                  2642.5                      -2.3769347
                    2645                      -2.3715879
                  2647.5                      -2.3664334
                    2650                      -2.3614672
                  2652.5                      -2.3566865
                    2655                      -2.3520887
                  2657.5                      -2.3476717
                    2660                      -2.3434311
                  2662.5                      -2.3393648
                    2665                      -2.3354678
                  2667.5                      -2.3317366
                    2670                      -2.3281673
                  2672.5                      -2.3247542
                    2675                      -2.3214954
                  2677.5                      -2.3183855
                    2680                      -2.3154194
                  2682.5                      -2.3125914
                    2685                       -2.309898
                  2687.5                      -2.3073307
                    2690                      -2.3048871
                  2692.5                      -2.3025615
                    2695                      -2.3003471
                  2697.5                       -2.298237
                    2700                      -2.2962275
                  2702.5                      -2.2943104
                    2705                      -2.2924798
                  2707.5                      -2.2907303
                    2710                      -2.2890556
                  2712.5                       -2.287448
                    2715                      -2.2859014
                  2717.5                        -2.28441
                    2720                      -2.2829661
                  2722.5                      -2.2815612
                    2725                      -2.2801921
                  2727.5                      -2.2788503
                    2730                      -2.2775297
                  2732.5                      -2.2762232
                    2735                      -2.2749226
                  2737.5                       -2.273623
                    2740                      -2.2723154
                  2742.5                      -2.2709979
                    2745                      -2.2696587
                  2747.5                      -2.2682946
                    2750                      -2.2669005
                  2752.5                      -2.2654645
                    2755                      -2.2639876
                  2757.5                      -2.2624578
                    2760                       -2.260872
                  2762.5                      -2.2592245
                    2765                      -2.2575103
                  2767.5                      -2.2557225
                    2770                      -2.2538584
                  2772.5                      -2.2519105
                    2775                      -2.2498749
                  2777.5                      -2.2477492
                    2780                      -2.2455281
                  2782.5                      -2.2432058
                    2785                      -2.2407801
                  2787.5                      -2.2382488
                    2790                      -2.2356084
                  2792.5                      -2.2328541
                    2795                       -2.229984
                  2797.5                      -2.2269972
                    2800                      -2.2238919
                  2802.5                       -2.220666
                    2805                      -2.2173161
                  2807.5                      -2.2138458
                    2810                      -2.2102501
                  2812.5                      -2.2065322
                    2815                      -2.2026905
                  2817.5                      -2.1987257
                    2820                      -2.1946369
                  2822.5                      -2.1904276
                    2825                      -2.1860988
                  2827.5                      -2.1816519
                    2830                      -2.1770879
                  2832.5                      -2.1724119
                    2835                       -2.167624
                  2837.5                      -2.1627279
                    2840                       -2.157728
                  2842.5                      -2.1526275
                    2845                      -2.1474296
                  2847.5                      -2.1421408
                    2850                      -2.1367628
                  2852.5                      -2.1313034
                    2855                      -2.1257653
                  2857.5                      -2.1201534
                    2860                      -2.1144762
                  2862.5                      -2.1087381
                    2865                      -2.1029442
                  2867.5                      -2.0971032
                    2870                      -2.0912199
                  2872.5                      -2.0852998
                    2875                      -2.0793518
                  2877.5                       -2.073382
                    2880                       -2.067399
                  2882.5                      -2.0614081
                    2885                      -2.0554171
                  2887.5                      -2.0494349
                    2890                      -2.0434679
                  2892.5                      -2.0375235
                    2895                      -2.0316098
                  2897.5                      -2.0257343
                    2900                      -2.0199054
                  2902.5                      -2.0141308
                    2905                      -2.0084179
                  2907.5                      -2.0027734
                    2910                      -1.9972064
                  2912.5                      -1.9917249
                    2915                      -1.9863354
                  2917.5                      -1.9810454
                    2920                      -1.9758638
                  2922.5                      -1.9707952
                    2925                       -1.965849
                  2927.5                      -1.9610315
                    2930                      -1.9563492
                  2932.5                      -1.9518085
                    2935                      -1.9474166
                  2937.5                      -1.9431798
                    2940                      -1.9391034
                  2942.5                      -1.9351939
                    2945                      -1.9314561
                  2947.5                      -1.9278967
                    2950                      -1.9245182
                  2952.5                      -1.9213282
                    2955                        -1.91833
                  2957.5                       -1.915528
                    2960                      -1.9129255
                  2962.5                      -1.9105253
                    2965                      -1.9083327
                  2967.5                      -1.9063484
                    2970                      -1.9045778
                  2972.5                      -1.9030195
                    2975                      -1.9016776
                  2977.5                      -1.9005528
                    2980                      -1.8996471
                  2982.5                      -1.8989592
                    2985                      -1.8984909
                  2987.5                      -1.8982402
                    2990                      -1.8982093
                  2992.5                      -1.8983943
                    2995                      -1.8987938
                  2997.5                      -1.8994086
                    3000                      -1.9002347

