        Frequency / MHz                S1,1/abs,dB
----------------------------------------------------------------------
                     500                      -0.2210116
                   502.5                     -0.22201666
                     505                     -0.22214653
                   507.5                      -0.2214118
                     510                     -0.21982847
                   512.5                      -0.2174164
                     515                     -0.21419503
                   517.5                     -0.21019058
                     520                     -0.20543072
                   522.5                      -0.1999477
                     525                     -0.19377135
                   527.5                     -0.18694072
                     530                     -0.17949096
                   532.5                     -0.17146285
                     535                     -0.16289608
                   537.5                     -0.15383393
                     540                     -0.14431932
                   542.5                     -0.13439638
                     545                     -0.12411075
                   547.5                     -0.11350972
                     550                     -0.10263585
                   552.5                    -0.091538477
                     555                     -0.08026268
                   557.5                     -0.06885288
                     560                    -0.057355799
                   562.5                    -0.045815278
                     565                    -0.034275898
                   567.5                    -0.022779393
                     570                    -0.011370296
                   572.5                  -8.6808623e-05
                     575                     0.011030488
                   577.5                      0.02194302
                     580                     0.032615591
                   582.5                     0.043013435
                     585                     0.053101468
                   587.5                     0.062849268
                     590                     0.072226586
                   592.5                     0.081206259
                     595                     0.089760311
                   597.5                     0.097865332
                     600                      0.10549918
                   602.5                      0.11264213
                     605                       0.1192735
                   607.5                      0.12537983
                     610                      0.13094561
                   612.5                       0.1359568
                     615                      0.14040556
                   617.5                      0.14428019
                     620                      0.14757493
                   622.5                      0.15028653
                     625                      0.15241111
                   627.5                      0.15394758
                     630                      0.15489719
                   632.5                      0.15526335
                     635                      0.15504922
                   637.5                       0.1542617
                     640                      0.15290899
                   642.5                      0.15099984
                     645                      0.14854683
                   647.5                      0.14556203
                     650                      0.14206107
                   652.5                       0.1380582
                     655                      0.13356967
                   657.5                      0.12861857
                     660                      0.12322116
                   662.5                      0.11739885
                     665                      0.11117675
                   667.5                       0.1045755
                     670                     0.097620001
                   672.5                     0.090338521
                     675                     0.082754092
                   677.5                     0.074895454
                     680                     0.066790406
                   682.5                     0.058467158
                     685                     0.049955498
                   687.5                     0.041285974
                     690                      0.03248572
                   692.5                     0.023587069
                     695                     0.014619815
                   697.5                    0.0056126303
                     700                   -0.0033991318
                   702.5                    -0.012389089
                     705                    -0.021327475
                   707.5                    -0.030182171
                     710                    -0.038926487
                   712.5                    -0.047530553
                     715                     -0.05596497
                   717.5                    -0.064205838
                     720                    -0.072223828
                   722.5                    -0.079992679
                     725                    -0.087490235
                   727.5                     -0.09469302
                     730                     -0.10157775
                   732.5                     -0.10812481
                     735                     -0.11431295
                   737.5                     -0.12012612
                     740                     -0.12554691
                   742.5                     -0.13056084
                     745                     -0.13515358
                   747.5                     -0.13931447
                     750                     -0.14303376
                   752.5                     -0.14630331
                     755                     -0.14911489
                   757.5                     -0.15146575
                     760                     -0.15335333
                   762.5                     -0.15477464
                     765                     -0.15573302
                   767.5                     -0.15622863
                     770                     -0.15626653
                   772.5                     -0.15585175
                     775                     -0.15499302
                   777.5                     -0.15369823
                     780                     -0.15197896
                   782.5                     -0.14984738
                     785                     -0.14731539
                   787.5                     -0.14440013
                     790                     -0.14111549
                   792.5                     -0.13748038
                     795                     -0.13351276
                   797.5                     -0.12923079
                     800                     -0.12465683
                   802.5                     -0.11981125
                     805                     -0.11471565
                   807.5                     -0.10939245
                     810                     -0.10386537
                   812.5                    -0.098156919
                     815                     -0.09229262
                   817.5                    -0.086295652
                     820                    -0.080190853
                   822.5                    -0.074001576
                     825                     -0.06775226
                   827.5                    -0.061469687
                     830                     -0.05517646
                   832.5                    -0.048896258
                     835                    -0.042652393
                   837.5                    -0.036470007
                     840                      -0.0303708
                   842.5                    -0.024375689
                     845                    -0.018509134
                   847.5                    -0.012790328
                     850                   -0.0072405553
                   852.5                    -0.001878925
                     855                    0.0032742815
                   857.5                    0.0082029942
                     860                     0.012889119
                   862.5                     0.017316037
                     865                     0.021469443
                   867.5                     0.025332968
                     870                     0.028895194
                   872.5                     0.032143265
                     875                     0.035066136
                   877.5                     0.037651482
                     880                     0.039892016
                   882.5                     0.041778386
                     885                     0.043305585
                   887.5                     0.044466213
                     890                     0.045253899
                   892.5                     0.045665891
                     895                     0.045700921
                   897.5                      0.04535475
                     900                      0.04462902
                   902.5                     0.043520867
                     905                     0.042035728
                   907.5                     0.040173936
                     910                     0.037938657
                   912.5                     0.035335585
                     915                     0.032368594
                   917.5                     0.029044977
                     920                     0.025372744
                   922.5                     0.021360228
                     925                     0.017014727
                   927.5                     0.012347642
                     930                    0.0073697256
                   932.5                     0.002090126
                     935                   -0.0034749025
                   937.5                   -0.0093143483
                     940                    -0.015412954
                   942.5                     -0.02175987
                     945                    -0.028335995
                   947.5                    -0.035129819
                     950                    -0.042120624
                   952.5                    -0.049297002
                     955                    -0.056637813
                   957.5                    -0.064128568
                     960                    -0.071749605
                   962.5                    -0.079484184
                     965                    -0.087313699
                   967.5                    -0.095219827
                     970                     -0.10318365
                   972.5                     -0.11118822
                     975                     -0.11921399
                   977.5                     -0.12724323
                     980                     -0.13525575
                   982.5                     -0.14323418
                     985                     -0.15116089
                   987.5                     -0.15901806
                     990                     -0.16678806
                   992.5                     -0.17445336
                     995                     -0.18199889
                   997.5                     -0.18940472
                    1000                     -0.19665903
                  1002.5                      -0.2037454
                    1005                     -0.21064765
                  1007.5                     -0.21735344
                    1010                     -0.22384976
                  1012.5                      -0.2301234
                    1015                     -0.23616126
                  1017.5                     -0.24195619
                    1020                     -0.24749409
                  1022.5                     -0.25276681
                    1025                     -0.25776789
                  1027.5                     -0.26248704
                    1030                     -0.26691938
                  1032.5                     -0.27105924
                    1035                     -0.27490132
                  1037.5                     -0.27844251
                    1040                     -0.28167929
                  1042.5                     -0.28460967
                    1045                     -0.28723367
                  1047.5                     -0.28955057
                    1050                     -0.29156224
                  1052.5                     -0.29326979
                    1055                     -0.29467591
                  1057.5                      -0.2957843
                    1060                     -0.29660012
                  1062.5                     -0.29712775
                    1065                     -0.29737462
                  1067.5                     -0.29734492
                    1070                     -0.29705028
                  1072.5                     -0.29649533
                    1075                     -0.29569026
                  1077.5                     -0.29464505
                    1080                     -0.29337022
                  1082.5                     -0.29187398
                    1085                     -0.29016996
                  1087.5                     -0.28826876
                    1090                     -0.28618305
                  1092.5                     -0.28392348
                    1095                     -0.28150185
                  1097.5                     -0.27893461
                    1100                     -0.27623004
                  1102.5                     -0.27340478
                    1105                      -0.2704711
                  1107.5                     -0.26744132
                    1110                      -0.2643281
                  1112.5                     -0.26114771
                    1115                     -0.25790908
                  1117.5                     -0.25462982
                    1120                     -0.25131787
                  1122.5                     -0.24798993
                    1125                     -0.24465498
                  1127.5                     -0.24133017
                    1130                     -0.23802203
                  1132.5                      -0.2347444
                    1135                     -0.23150818
                  1137.5                     -0.22832264
                    1140                     -0.22520262
                  1142.5                     -0.22215387
                    1145                       -0.219187
                  1147.5                     -0.21630987
                    1150                     -0.21353427
                  1152.5                     -0.21086556
                    1155                     -0.20830918
                  1157.5                     -0.20587665
                    1160                     -0.20357324
                  1162.5                     -0.20140252
                    1165                     -0.19937071
                  1167.5                     -0.19748435
                    1170                     -0.19574454
                  1172.5                     -0.19415763
                    1175                     -0.19272421
                  1177.5                     -0.19144826
                    1180                     -0.19033076
                  1182.5                     -0.18937376
                    1185                     -0.18857809
                  1187.5                     -0.18794212
                    1190                     -0.18746807
                  1192.5                     -0.18715403
                    1195                       -0.186998
                  1197.5                     -0.18699888
                    1200                     -0.18715416
                  1202.5                     -0.18746025
                    1205                     -0.18791493
                  1207.5                     -0.18851402
                    1210                      -0.1892526
                  1212.5                     -0.19012757
                    1215                     -0.19113432
                  1217.5                      -0.1922645
                    1220                     -0.19351619
                  1222.5                     -0.19488115
                    1225                     -0.19635336
                  1227.5                      -0.1979282
                    1230                       -0.199596
                  1232.5                     -0.20135265
                    1235                     -0.20318899
                  1237.5                     -0.20509843
                    1240                     -0.20707404
                  1242.5                     -0.20910771
                    1245                     -0.21119183
                  1247.5                      -0.2133181
                    1250                     -0.21547962
                  1252.5                     -0.21766848
                    1255                     -0.21987614
                  1257.5                     -0.22209686
                    1260                      -0.2243213
                  1262.5                     -0.22654124
                    1265                     -0.22875102
                  1267.5                     -0.23094265
                    1270                     -0.23310903
                  1272.5                     -0.23524225
                    1275                     -0.23733669
                  1277.5                     -0.23938513
                    1280                     -0.24138181
                  1282.5                     -0.24331992
                    1285                     -0.24519399
                  1287.5                     -0.24699863
                    1290                     -0.24872931
                  1292.5                     -0.25037957
                    1295                     -0.25194688
                  1297.5                       -0.253424
                    1300                     -0.25481008
                  1302.5                     -0.25610018
                    1305                     -0.25729119
                  1307.5                     -0.25838173
                    1310                     -0.25936683
                  1312.5                     -0.26024729
                    1315                     -0.26101918
                  1317.5                     -0.26168219
                    1320                     -0.26223615
                  1322.5                     -0.26267995
                    1325                     -0.26301375
                  1327.5                     -0.26323708
                    1330                     -0.26335158
                  1332.5                     -0.26335752
                    1335                     -0.26325682
                  1337.5                     -0.26305036
                    1340                     -0.26274068
                  1342.5                     -0.26233069
                    1345                     -0.26182114
                  1347.5                     -0.26121727
                    1350                     -0.26051956
                  1352.5                     -0.25973387
                    1355                      -0.2588631
                  1357.5                      -0.2579098
                    1360                     -0.25687985
                  1362.5                     -0.25577628
                    1365                      -0.2546051
                  1367.5                     -0.25336822
                    1370                     -0.25207243
                  1372.5                     -0.25072135
                    1375                     -0.24932144
                  1377.5                     -0.24787649
                    1380                     -0.24639096
                  1382.5                     -0.24487137
                    1385                     -0.24332117
                  1387.5                     -0.24174655
                    1390                     -0.24015151
                  1392.5                     -0.23854217
                    1395                     -0.23692372
                  1397.5                     -0.23529956
                    1400                     -0.23367476
                  1402.5                     -0.23205533
                    1405                      -0.2304436
                  1407.5                     -0.22884631
                    1410                     -0.22726659
                  1412.5                     -0.22570847
                    1415                     -0.22417677
                  1417.5                     -0.22267286
                    1420                     -0.22120381
                  1422.5                     -0.21976943
                    1425                     -0.21837584
                  1427.5                      -0.2170234
                    1430                     -0.21571732
                  1432.5                     -0.21445839
                    1435                     -0.21324955
                  1437.5                     -0.21209141
                    1440                     -0.21098756
                  1442.5                     -0.20993894
                    1445                     -0.20894553
                  1447.5                     -0.20801143
                    1450                     -0.20713365
                  1452.5                     -0.20631467
                    1455                     -0.20555532
                  1457.5                     -0.20485439
                    1460                     -0.20421227
                  1462.5                     -0.20362776
                    1465                     -0.20310127
                  1467.5                     -0.20263125
                    1470                     -0.20221706
                  1472.5                     -0.20185675
                    1475                     -0.20154889
                  1477.5                     -0.20129205
                    1480                     -0.20108488
                  1482.5                     -0.20092358
                    1485                     -0.20080783
                  1487.5                     -0.20073394
                    1490                     -0.20070036
                  1492.5                     -0.20070136
                    1495                     -0.20073826
                  1497.5                     -0.20080668
                    1500                     -0.20090252
                  1502.5                     -0.20102315
                    1505                      -0.2011658
                  1507.5                     -0.20132689
                    1510                     -0.20150313
                  1512.5                     -0.20169187
                    1515                     -0.20188885
                  1517.5                     -0.20209127
                    1520                      -0.2022946
                  1522.5                     -0.20249623
                    1525                     -0.20269417
                  1527.5                     -0.20288313
                    1530                     -0.20306009
                  1532.5                     -0.20322354
                    1535                     -0.20336857
                  1537.5                     -0.20349117
                    1540                     -0.20359196
                  1542.5                      -0.2036654
                    1545                     -0.20370957
                  1547.5                     -0.20372069
                    1550                     -0.20369821
                  1552.5                     -0.20363931
                    1555                     -0.20354082
                  1557.5                     -0.20340095
                    1560                     -0.20321872
                  1562.5                     -0.20299187
                    1565                     -0.20271954
                  1567.5                     -0.20239877
                    1570                     -0.20202957
                  1572.5                     -0.20161132
                    1575                     -0.20114244
                  1577.5                     -0.20062243
                    1580                     -0.20004963
                  1582.5                     -0.19942716
                    1585                     -0.19875218
                  1587.5                     -0.19802403
                    1590                     -0.19724643
                  1592.5                     -0.19641657
                    1595                     -0.19553702
                  1597.5                     -0.19460848
                    1600                     -0.19363079
                  1602.5                     -0.19260643
                    1605                     -0.19153558
                  1607.5                     -0.19042146
                    1610                     -0.18926398
                  1612.5                     -0.18806619
                    1615                      -0.1868283
                  1617.5                     -0.18555368
                    1620                     -0.18424372
                  1622.5                     -0.18290227
                    1625                     -0.18152942
                  1627.5                     -0.18012936
                    1630                     -0.17870384
                  1632.5                     -0.17725578
                    1635                     -0.17578668
                  1637.5                      -0.1743007
                    1640                     -0.17279993
                  1642.5                     -0.17128779
                    1645                     -0.16976483
                  1647.5                     -0.16823654
                    1650                     -0.16670523
                  1652.5                     -0.16517174
                    1655                     -0.16364192
                  1657.5                     -0.16211598
                    1660                     -0.16059634
                  1662.5                     -0.15908763
                    1665                     -0.15759151
                  1667.5                     -0.15611139
                    1670                     -0.15464769
                  1672.5                     -0.15320452
                    1675                     -0.15178377
                  1677.5                     -0.15038741
                    1680                     -0.14901712
                  1682.5                     -0.14767691
                    1685                     -0.14636566
                  1687.5                      -0.1450881
                    1690                     -0.14384399
                  1692.5                     -0.14263473
                    1695                      -0.1414629
                  1697.5                     -0.14032858
                    1700                     -0.13923412
                  1702.5                      -0.1381798
                    1705                     -0.13716643
                  1707.5                     -0.13619488
                    1710                     -0.13526509
                  1712.5                     -0.13437817
                    1715                     -0.13353407
                  1717.5                     -0.13273348
                    1720                     -0.13197602
                  1722.5                     -0.13126088
                    1725                     -0.13058949
                  1727.5                     -0.12995856
                    1730                      -0.1293698
                  1732.5                     -0.12882255
                    1735                     -0.12831487
                  1737.5                     -0.12784709
                    1740                     -0.12741607
                  1742.5                      -0.1270224
                    1745                     -0.12666513
                  1747.5                     -0.12634124
                    1750                     -0.12605021
                  1752.5                      -0.1257909
                    1755                     -0.12556061
                  1757.5                     -0.12535814
                    1760                     -0.12518205
                  1762.5                     -0.12502996
                    1765                     -0.12490019
                  1767.5                     -0.12479108
                    1770                      -0.1247004
                  1772.5                     -0.12462462
                    1775                      -0.1245642
                  1777.5                     -0.12451678
                    1780                     -0.12447903
                  1782.5                     -0.12444857
                    1785                     -0.12442466
                  1787.5                      -0.1244051
                    1790                     -0.12438631
                  1792.5                      -0.1243683
                    1795                     -0.12434784
                  1797.5                     -0.12432325
                    1800                     -0.12429332
                  1802.5                     -0.12425574
                    1805                     -0.12420807
                  1807.5                     -0.12414974
                    1810                     -0.12407924
                  1812.5                     -0.12399387
                    1815                     -0.12389326
                  1817.5                     -0.12377544
                    1820                     -0.12363902
                  1822.5                     -0.12348316
                    1825                     -0.12330627
                  1827.5                     -0.12310934
                    1830                     -0.12288908
                  1832.5                     -0.12264621
                    1835                     -0.12237895
                  1837.5                     -0.12208845
                    1840                     -0.12177289
                  1842.5                     -0.12143289
                    1845                     -0.12106689
                  1847.5                     -0.12067629
                    1850                     -0.12026114
                  1852.5                     -0.11981981
                    1855                     -0.11935545
                  1857.5                     -0.11886638
                    1860                     -0.11835371
                  1862.5                     -0.11781811
                    1865                     -0.11725999
                  1867.5                     -0.11668074
                    1870                     -0.11608053
                  1872.5                     -0.11546113
                    1875                     -0.11482228
                  1877.5                     -0.11416711
                    1880                     -0.11349516
                  1882.5                     -0.11280928
                    1885                     -0.11210981
                  1887.5                     -0.11139781
                    1890                     -0.11067531
                  1892.5                     -0.10994479
                    1895                     -0.10920643
                  1897.5                       -0.108462
                    1900                     -0.10771386
                  1902.5                      -0.1069639
                    1905                     -0.10621231
                  1907.5                     -0.10546168
                    1910                     -0.10471488
                  1912.5                     -0.10397185
                    1915                     -0.10323423
                  1917.5                     -0.10250531
                    1920                     -0.10178518
                  1922.5                     -0.10107662
                    1925                     -0.10038011
                  1927.5                     -0.09969832
                    1930                    -0.099031857
                  1932.5                    -0.098382724
                    1935                    -0.097751817
                  1937.5                    -0.097141371
                    1940                    -0.096551116
                  1942.5                    -0.095983611
                    1945                    -0.095440253
                  1947.5                    -0.094921009
                    1950                    -0.094426208
                  1952.5                    -0.093958765
                    1955                    -0.093518009
                  1957.5                    -0.093104866
                    1960                    -0.092721174
                  1962.5                    -0.092365239
                    1965                    -0.092038976
                  1967.5                    -0.091742214
                    1970                    -0.091475786
                  1972.5                    -0.091239002
                    1975                    -0.091032289
                  1977.5                    -0.090855463
                    1980                    -0.090708377
                  1982.5                    -0.090590898
                    1985                    -0.090500929
                  1987.5                    -0.090441814
                    1990                    -0.090409965
                  1992.5                     -0.09040534
                    1995                    -0.090427801
                  1997.5                     -0.09047581
                    2000                    -0.090548271
                  2002.5                    -0.090644663
                    2005                    -0.090764518
                  2007.5                    -0.090906789
                    2010                    -0.091068963
                  2012.5                    -0.091250634
                    2015                    -0.091450725
                  2017.5                    -0.091667388
                    2020                    -0.091899106
                  2022.5                    -0.092145084
                    2025                    -0.092403316
                  2027.5                    -0.092673007
                    2030                    -0.092951702
                  2032.5                    -0.093238622
                    2035                    -0.093532405
                  2037.5                    -0.093829641
                    2040                     -0.09413113
                  2042.5                    -0.094435046
                    2045                       -0.094738
                  2047.5                    -0.095039802
                    2050                    -0.095338662
                  2052.5                    -0.095633279
                    2055                    -0.095921885
                  2057.5                    -0.096204329
                    2060                    -0.096477247
                  2062.5                    -0.096741984
                    2065                    -0.096993153
                  2067.5                    -0.097234186
                    2070                    -0.097461258
                  2072.5                    -0.097673642
                    2075                     -0.09787059
                  2077.5                    -0.098051902
                    2080                    -0.098215793
                  2082.5                    -0.098360993
                    2085                    -0.098488821
                  2087.5                    -0.098595941
                    2090                     -0.09868518
                  2092.5                    -0.098753679
                    2095                    -0.098801699
                  2097.5                    -0.098828392
                    2100                    -0.098836096
                  2102.5                    -0.098820988
                    2105                    -0.098785881
                  2107.5                    -0.098730331
                    2110                    -0.098653235
                  2112.5                    -0.098558171
                    2115                    -0.098442845
                  2117.5                     -0.09830745
                    2120                    -0.098154147
                  2122.5                    -0.097982458
                    2125                    -0.097795042
                  2127.5                    -0.097590347
                    2130                    -0.097369934
                  2132.5                    -0.097134822
                    2135                    -0.096887592
                  2137.5                    -0.096627124
                    2140                     -0.09635544
                  2142.5                    -0.096074527
                    2145                    -0.095784793
                  2147.5                    -0.095487161
                    2150                    -0.095184079
                  2152.5                    -0.094875392
                    2155                    -0.094565109
                  2157.5                    -0.094251454
                    2160                    -0.093938418
                  2162.5                    -0.093625766
                    2165                    -0.093315892
                  2167.5                    -0.093010641
                    2170                    -0.092710286
                  2172.5                    -0.092416658
                    2175                    -0.092132106
                  2177.5                    -0.091856873
                    2180                    -0.091592255
                  2182.5                    -0.091341101
                    2185                    -0.091103127
                  2187.5                    -0.090881179
                    2190                    -0.090674967
                  2192.5                    -0.090486291
                    2195                     -0.09031643
                  2197.5                    -0.090167188
                    2200                    -0.090037231
                  2202.5                    -0.089929938
                    2205                    -0.089845029
                  2207.5                    -0.089783801
                    2210                    -0.089746508
                  2212.5                    -0.089733934
                    2215                    -0.089746347
                  2217.5                    -0.089785067
                    2220                    -0.089849854
                  2222.5                    -0.089941522
                    2225                    -0.090059323
                  2227.5                     -0.09020461
                    2230                    -0.090376651
                  2232.5                    -0.090575771
                    2235                    -0.090801778
                  2237.5                    -0.091053965
                    2240                     -0.09133268
                  2242.5                    -0.091637754
                    2245                    -0.091967979
                  2247.5                    -0.092323201
                    2250                    -0.092702745
                  2252.5                    -0.093106992
                    2255                    -0.093532137
                  2257.5                    -0.093981185
                    2260                    -0.094449815
                  2262.5                    -0.094938938
                    2265                    -0.095447377
                  2267.5                     -0.09597448
                    2270                    -0.096516967
                  2272.5                    -0.097076274
                    2275                     -0.09764964
                  2277.5                    -0.098236401
                    2280                    -0.098835353
                  2282.5                    -0.099444245
                    2285                     -0.10006238
                  2287.5                     -0.10068854
                    2290                     -0.10132149
                  2292.5                     -0.10195892
                    2295                     -0.10260063
                  2297.5                     -0.10324428
                    2300                      -0.1038891
                  2302.5                     -0.10453326
                    2305                     -0.10517701
                  2307.5                     -0.10581532
                    2310                     -0.10645049
                  2312.5                     -0.10708112
                    2315                     -0.10770373
                  2317.5                     -0.10831843
                    2320                     -0.10892429
                  2322.5                     -0.10952034
                    2325                     -0.11010561
                  2327.5                     -0.11067856
                    2330                     -0.11123919
                  2332.5                      -0.1117854
                    2335                     -0.11231768
                  2337.5                     -0.11283542
                    2340                     -0.11333748
                  2342.5                     -0.11382374
                    2345                       -0.114293
                  2347.5                     -0.11474615
                    2350                     -0.11518295
                  2352.5                     -0.11560215
                    2355                     -0.11600504
                  2357.5                      -0.1163914
                    2360                     -0.11675984
                  2362.5                     -0.11711315
                    2365                     -0.11744995
                  2367.5                     -0.11777096
                    2370                     -0.11807729
                  2372.5                     -0.11836854
                    2375                     -0.11864591
                  2377.5                     -0.11891091
                    2380                     -0.11916319
                  2382.5                     -0.11940486
                    2385                     -0.11963641
                  2387.5                     -0.11985735
                    2390                     -0.12007188
                  2392.5                     -0.12027843
                    2395                     -0.12048006
                  2397.5                     -0.12067725
                    2400                     -0.12087163
                  2402.5                     -0.12106459
                    2405                     -0.12125721
                  2407.5                     -0.12145147
                    2410                     -0.12164895
                  2412.5                     -0.12185054
                    2415                     -0.12205828
                  2417.5                     -0.12227324
                    2420                     -0.12249795
                  2422.5                     -0.12273228
                    2425                     -0.12297939
                  2427.5                     -0.12324128
                    2430                     -0.12351739
                  2432.5                     -0.12381084
                    2435                      -0.1241226
                  2437.5                      -0.1244548
                    2440                     -0.12480739
                  2442.5                     -0.12518246
                    2445                     -0.12558209
                  2447.5                     -0.12600575
                    2450                     -0.12645661
                  2452.5                      -0.1269352
                    2455                     -0.12744159
                  2457.5                     -0.12797831
                    2460                     -0.12854609
                  2462.5                     -0.12914425
                    2465                      -0.1297756
                  2467.5                     -0.13043912
                    2470                     -0.13113683
                  2472.5                     -0.13186894
                    2475                     -0.13263548
                  2477.5                     -0.13343635
                    2480                     -0.13427382
                  2482.5                     -0.13514618
                    2485                     -0.13605416
                  2487.5                     -0.13699823
                    2490                     -0.13797767
                  2492.5                     -0.13899277
                    2495                     -0.14004266
                  2497.5                     -0.14112821
                    2500                     -0.14224767
                  2502.5                     -0.14340152
                    2505                     -0.14458929
                  2507.5                     -0.14580962
                    2510                     -0.14706212
                  2512.5                     -0.14834518
                    2515                      -0.1496598
                  2517.5                     -0.15100435
                    2520                     -0.15237746
                  2522.5                      -0.1537778
                    2525                     -0.15520614
                  2527.5                     -0.15665925
                    2530                     -0.15813646
                  2532.5                     -0.15963806
                    2535                     -0.16116184
                  2537.5                     -0.16270586
                    2540                     -0.16427115
                  2542.5                     -0.16585389
                    2545                     -0.16745519
                  2547.5                     -0.16907291
                    2550                     -0.17070475
                  2552.5                     -0.17235162
                    2555                     -0.17401058
                  2557.5                     -0.17568205
                    2560                     -0.17736328
                  2562.5                      -0.1790552
                    2565                     -0.18075513
                  2567.5                     -0.18246399
                    2570                      -0.1841789
                  2572.5                     -0.18590094
                    2575                     -0.18762769
                  2577.5                     -0.18935962
                    2580                     -0.19109573
                  2582.5                     -0.19283536
                    2585                     -0.19457913
                  2587.5                     -0.19632576
                    2590                     -0.19807561
                  2592.5                     -0.19982777
                    2595                      -0.2015832
                  2597.5                     -0.20334206
                    2600                     -0.20510276
                  2602.5                     -0.20686739
                    2605                       -0.208636
                  2607.5                     -0.21040991
                    2610                     -0.21218838
                  2612.5                     -0.21397322
                    2615                     -0.21576304
                  2617.5                     -0.21756159
                    2620                      -0.2193687
                  2622.5                      -0.2211865
                    2625                     -0.22301427
                  2627.5                      -0.2248546
                    2630                     -0.22670919
                  2632.5                     -0.22857913
                    2635                     -0.23046612
                  2637.5                     -0.23237223
                    2640                     -0.23429882
                  2642.5                     -0.23624705
                    2645                     -0.23822079
                  2647.5                     -0.24022081
                    2650                     -0.24224903
                  2652.5                     -0.24430805
                    2655                     -0.24640021
                  2657.5                     -0.24852768
                    2660                     -0.25069159
                  2662.5                     -0.25289584
                    2665                     -0.25514106
                  2667.5                     -0.25743142
                    2670                     -0.25976823
                  2672.5                      -0.2621532
                    2675                      -0.2645897
                  2677.5                     -0.26707953
                    2680                     -0.26962479
                  2682.5                     -0.27222937
                    2685                     -0.27489216
                  2687.5                     -0.27761964
                    2690                     -0.28041028
                  2692.5                     -0.28326854
                    2695                     -0.28619709
                  2697.5                     -0.28919463
                    2700                     -0.29226669
                  2702.5                     -0.29541295
                    2705                     -0.29863514
                  2707.5                     -0.30193774
                    2710                     -0.30531918
                  2712.5                     -0.30878388
                    2715                     -0.31233189
                  2717.5                     -0.31596424
                    2720                     -0.31968298
                  2722.5                     -0.32348979
                    2725                     -0.32738713
                  2727.5                     -0.33137299
                    2730                     -0.33544983
                  2732.5                     -0.33962005
                    2735                     -0.34388296
                  2737.5                     -0.34824024
                    2740                      -0.3526926
                  2742.5                     -0.35724171
                    2745                     -0.36188599
                  2747.5                     -0.36662755
                    2750                     -0.37146619
                  2752.5                     -0.37640309
                    2755                     -0.38143868
                  2757.5                     -0.38657334
                    2760                     -0.39180677
                  2762.5                     -0.39714049
                    2765                     -0.40257348
                  2767.5                     -0.40810718
                    2770                      -0.4137412
                  2772.5                     -0.41947673
                    2775                     -0.42531341
                  2777.5                     -0.43125157
                    2780                     -0.43729275
                  2782.5                     -0.44343445
                    2785                     -0.44968084
                  2787.5                      -0.4560307
                    2790                     -0.46248468
                  2792.5                     -0.46904355
                    2795                     -0.47570754
                  2797.5                     -0.48247834
                    2800                     -0.48935658
                  2802.5                     -0.49634332
                    2805                     -0.50343991
                  2807.5                     -0.51064863
                    2810                     -0.51796843
                  2812.5                      -0.5254037
                    2815                     -0.53295343
                  2817.5                     -0.54062249
                    2820                     -0.54841082
                  2822.5                     -0.55631996
                    2825                     -0.56435467
                  2827.5                     -0.57251638
                    2830                     -0.58080872
                  2832.5                      -0.5892324
                    2835                     -0.59779293
                  2837.5                     -0.60649224
                    2840                     -0.61533364
                  2842.5                     -0.62432196
                    2845                     -0.63346013
                  2847.5                     -0.64275333
                    2850                     -0.65220459
                  2852.5                     -0.66181775
                    2855                     -0.67159936
                  2857.5                     -0.68155185
                    2860                     -0.69168181
                  2862.5                     -0.70199249
                    2865                     -0.71249059
                  2867.5                     -0.72318109
                    2870                     -0.73406849
                  2872.5                     -0.74515909
                    2875                     -0.75645697
                  2877.5                     -0.76797081
                    2880                     -0.77970332
                  2882.5                     -0.79166051
                    2885                     -0.80384882
                  2887.5                     -0.81627448
                    2890                     -0.82894231
                  2892.5                     -0.84185664
                    2895                     -0.85502689
                  2897.5                     -0.86845397
                    2900                     -0.88214748
                  2902.5                     -0.89611002
                    2905                     -0.91034721
                  2907.5                     -0.92486454
                    2910                     -0.93966642
                  2912.5                     -0.95475696
                    2915                     -0.97014078
                  2917.5                     -0.98582217
                    2920                      -1.0018045
                  2922.5                      -1.0180912
                    2925                      -1.0346852
                  2927.5                      -1.0515872
                    2930                      -1.0688028
                  2932.5                      -1.0863316
                    2935                      -1.1041745
                  2937.5                       -1.122333
                    2940                      -1.1408071
                  2942.5                      -1.1595953
                    2945                      -1.1786973
                  2947.5                      -1.1981127
                    2950                      -1.2178352
                  2952.5                      -1.2378656
                    2955                      -1.2581986
                  2957.5                      -1.2788302
                    2960                      -1.2997533
                  2962.5                       -1.320963
                    2965                      -1.3424523
                  2967.5                      -1.3642143
                    2970                      -1.3862383
                  2972.5                      -1.4085159
                    2975                      -1.4310353
                  2977.5                      -1.4537871
                    2980                      -1.4767563
                  2982.5                      -1.4999312
                    2985                      -1.5232968
                  2987.5                      -1.5468381
                    2990                      -1.5705386
                  2992.5                      -1.5943804
                    2995                      -1.6183453
                  2997.5                      -1.6424148
                    3000                      -1.6665674

