        Frequency / MHz                S1,1/abs,dB
----------------------------------------------------------------------
                     500                      0.35425248
                   502.5                      0.33745411
                     505                      0.31427469
                   507.5                      0.28462149
                     510                      0.24842467
                   512.5                      0.20564308
                     515                      0.15625512
                   517.5                      0.10027173
                     520                     0.037725479
                   522.5                    -0.031316008
                     525                     -0.10676011
                   527.5                     -0.18847817
                     530                     -0.27630622
                   532.5                     -0.37004092
                     535                     -0.46943761
                   537.5                     -0.57420487
                     540                     -0.68400124
                   542.5                     -0.79843213
                     545                     -0.91704214
                   547.5                      -1.0393163
                     550                      -1.1646696
                   552.5                      -1.2924472
                     555                      -1.4219227
                   557.5                      -1.5522944
                     560                      -1.6826842
                   562.5                      -1.8121473
                     565                      -1.9396645
                   567.5                      -2.0641661
                     570                      -2.1845314
                   572.5                      -2.2996037
                     575                      -2.4082278
                   577.5                      -2.5092488
                     580                      -2.6015604
                   582.5                      -2.6841194
                     585                       -2.755983
                   587.5                      -2.8163439
                     590                      -2.8645466
                   592.5                      -2.9001178
                     595                      -2.9227845
                   597.5                      -2.9324808
                     600                      -2.9293503
                   602.5                      -2.9137412
                     605                      -2.8861895
                   607.5                      -2.8473998
                     610                      -2.7982203
                   612.5                      -2.7396053
                     615                      -2.6725928
                   617.5                      -2.5982759
                     620                      -2.5177659
                   622.5                      -2.4321737
                     625                      -2.3425833
                   627.5                      -2.2500397
                     630                      -2.1555318
                   632.5                      -2.0599798
                     635                      -1.9642366
                   637.5                      -1.8690782
                     640                      -1.7752025
                   642.5                      -1.6832356
                     645                      -1.5937253
                   647.5                      -1.5071524
                     650                      -1.4239288
                   652.5                      -1.3444065
                     655                      -1.2688772
                   657.5                      -1.1975793
                     660                      -1.1307023
                   662.5                      -1.0683906
                     665                       -1.010745
                   667.5                      -0.9578291
                     670                     -0.90967104
                   672.5                     -0.86626872
                     675                     -0.82758504
                   677.5                     -0.79356122
                     680                     -0.76410789
                   682.5                     -0.73911568
                     685                     -0.71845157
                   687.5                     -0.70196121
                     690                     -0.68947132
                   692.5                     -0.68079091
                     695                     -0.67571092
                   697.5                     -0.67400971
                     700                     -0.67544737
                   702.5                     -0.67977362
                     705                     -0.68672462
                   707.5                     -0.69602767
                     710                     -0.70739898
                   712.5                     -0.72055026
                     715                     -0.73518479
                   717.5                     -0.75100536
                     720                     -0.76771158
                   722.5                     -0.78500514
                     725                     -0.80259072
                   727.5                     -0.82017946
                     730                     -0.83749097
                   732.5                     -0.85425681
                     735                     -0.87022147
                   737.5                     -0.88514633
                     740                     -0.89881345
                   742.5                     -0.91102414
                     745                     -0.92160528
                   747.5                     -0.93040636
                     750                     -0.93730681
                   752.5                     -0.94221257
                     755                     -0.94505808
                   757.5                     -0.94580667
                     760                     -0.94444905
                   762.5                     -0.94100562
                     765                     -0.93552424
                   767.5                     -0.92807261
                     770                     -0.91874803
                   772.5                      -0.9076672
                     775                     -0.89496487
                   777.5                      -0.8807932
                     780                     -0.86531492
                   782.5                     -0.84870771
                     785                      -0.8311575
                   787.5                     -0.81285012
                     790                     -0.79398121
                   792.5                     -0.77474212
                     795                     -0.75532401
                   797.5                     -0.73591408
                     800                     -0.71669353
                   802.5                     -0.69783487
                     805                     -0.67950311
                   807.5                     -0.66185076
                     810                     -0.64502093
                   812.5                     -0.62914381
                     815                     -0.61433429
                   817.5                     -0.60069611
                     820                     -0.58831857
                   822.5                     -0.57727542
                     825                     -0.56762707
                   827.5                      -0.5594204
                     830                     -0.55268502
                   832.5                     -0.54744002
                     835                     -0.54368936
                   837.5                     -0.54142338
                     840                     -0.54061928
                   842.5                     -0.54124263
                     845                     -0.54324883
                   847.5                     -0.54657943
                     850                     -0.55116784
                   852.5                     -0.55693728
                     855                     -0.56380207
                   857.5                     -0.57166875
                     860                     -0.58043834
                   862.5                     -0.59000529
                     865                     -0.60026018
                   867.5                     -0.61108816
                     870                     -0.62237528
                   872.5                     -0.63400246
                     875                     -0.64585336
                   877.5                      -0.6578124
                     880                     -0.66976467
                   882.5                      -0.6816019
                     885                     -0.69321595
                   887.5                      -0.7045099
                     890                     -0.71538774
                   892.5                     -0.72576729
                     895                     -0.73556848
                   897.5                     -0.74472586
                     900                     -0.75318205
                   902.5                     -0.76088817
                     905                     -0.76781022
                   907.5                     -0.77392184
                     910                      -0.7792096
                   912.5                     -0.78367031
                     915                     -0.78731219
                   917.5                     -0.79015452
                     920                     -0.79222584
                   922.5                     -0.79356446
                     925                     -0.79421727
                   927.5                      -0.7942395
                     930                     -0.79369542
                   932.5                     -0.79265167
                     935                     -0.79118354
                   937.5                     -0.78936983
                     940                     -0.78729117
                   942.5                     -0.78503062
                     945                      -0.7826735
                   947.5                     -0.78030741
                     950                     -0.77801445
                   952.5                     -0.77587772
                     955                     -0.77397862
                   957.5                     -0.77239469
                     960                     -0.77119866
                   962.5                     -0.77045924
                     965                     -0.77023984
                   967.5                     -0.77059924
                     970                     -0.77158874
                   972.5                     -0.77325399
                     975                     -0.77563407
                   977.5                     -0.77876027
                     980                     -0.78265776
                   982.5                     -0.78734595
                     985                     -0.79283351
                   987.5                     -0.79912586
                     990                     -0.80621835
                   992.5                     -0.81410391
                     995                     -0.82276545
                   997.5                     -0.83218002
                    1000                     -0.84232035
                  1002.5                     -0.85315309
                    1005                     -0.86464159
                  1007.5                     -0.87674118
                    1010                     -0.88940706
                  1012.5                     -0.90258788
                    1015                     -0.91623183
                  1017.5                     -0.93028368
                    1020                      -0.9446869
                  1022.5                     -0.95938465
                    1025                      -0.9743191
                  1027.5                      -0.9894307
                    1030                      -1.0046662
                  1032.5                      -1.0199685
                    1035                      -1.0352852
                  1037.5                      -1.0505661
                    1040                      -1.0657655
                  1042.5                      -1.0808383
                    1045                      -1.0957476
                  1047.5                       -1.110459
                    1050                      -1.1249412
                  1052.5                      -1.1391739
                    1055                      -1.1531354
                  1057.5                      -1.1668157
                    1060                      -1.1802059
                  1062.5                      -1.1933036
                    1065                      -1.2061162
                  1067.5                      -1.2186527
                    1070                      -1.2309275
                  1072.5                      -1.2429608
                    1075                      -1.2547805
                  1077.5                      -1.2664127
                    1080                      -1.2778926
                  1082.5                      -1.2892576
                    1085                       -1.300548
                  1087.5                       -1.311805
                    1090                      -1.3230746
                  1092.5                      -1.3344058
                    1095                      -1.3458404
                  1097.5                      -1.3574303
                    1100                      -1.3692206
                  1102.5                      -1.3812594
                    1105                      -1.3935915
                  1107.5                      -1.4062604
                    1110                      -1.4193085
                  1112.5                      -1.4327733
                    1115                      -1.4466924
                  1117.5                      -1.4610968
                    1120                      -1.4760155
                  1122.5                      -1.4914747
                    1125                      -1.5074942
                  1127.5                      -1.5240887
                    1130                      -1.5412717
                  1132.5                      -1.5590486
                    1135                      -1.5774199
                  1137.5                      -1.5963872
                    1140                      -1.6159375
                  1142.5                      -1.6360614
                    1145                      -1.6567408
                  1147.5                      -1.6779535
                    1150                      -1.6996741
                  1152.5                      -1.7218721
                    1155                      -1.7445123
                  1157.5                      -1.7675593
                    1160                      -1.7909689
                  1162.5                         -1.8147
                    1165                      -1.8387027
                  1167.5                      -1.8629302
                    1170                      -1.8873325
                  1172.5                      -1.9118554
                    1175                      -1.9364489
                  1177.5                      -1.9610561
                    1180                      -1.9856262
                  1182.5                      -2.0101066
                    1185                      -2.0344439
                  1187.5                      -2.0585885
                    1190                       -2.082491
                  1192.5                      -2.1061052
                    1195                      -2.1293879
                  1197.5                      -2.1522966
                    1200                      -2.1747958
                  1202.5                      -2.1968486
                    1205                      -2.2184266
                  1207.5                      -2.2395005
                    1210                      -2.2600508
                  1212.5                      -2.2800579
                    1215                      -2.2995061
                  1217.5                      -2.3183865
                    1220                      -2.3366926
                  1222.5                       -2.354423
                    1225                      -2.3715776
                  1227.5                      -2.3881632
                    1230                      -2.4041879
                  1232.5                      -2.4196619
                    1235                      -2.4346014
                  1237.5                      -2.4490216
                    1240                      -2.4629401
                  1242.5                      -2.4763798
                    1245                      -2.4893585
                  1247.5                      -2.5019023
                    1250                      -2.5140306
                  1252.5                      -2.5257683
                    1255                       -2.537137
                  1257.5                      -2.5481576
                    1260                      -2.5588509
                  1262.5                      -2.5692374
                    1265                      -2.5793333
                  1267.5                      -2.5891561
                    1270                      -2.5987181
                  1272.5                      -2.6080306
                    1275                      -2.6171034
                  1277.5                      -2.6259436
                    1280                      -2.6345534
                  1282.5                       -2.642935
                    1285                       -2.651087
                  1287.5                      -2.6590052
                    1290                      -2.6666849
                  1292.5                      -2.6741145
                    1295                      -2.6812856
                  1297.5                      -2.6881847
                    1300                       -2.694796
                  1302.5                      -2.7011058
                    1305                      -2.7070948
                  1307.5                       -2.712745
                    1310                      -2.7180385
                  1312.5                      -2.7229543
                    1315                       -2.727476
                  1317.5                      -2.7315814
                    1320                      -2.7352555
                  1322.5                       -2.738479
                    1325                      -2.7412366
                  1327.5                      -2.7435149
                    1330                      -2.7452994
                  1332.5                       -2.746583
                    1335                      -2.7473565
                  1337.5                      -2.7476138
                    1340                       -2.747354
                  1342.5                      -2.7465763
                    1345                      -2.7452867
                  1347.5                      -2.7434906
                    1350                       -2.741197
                  1352.5                      -2.7384196
                    1355                       -2.735174
                  1357.5                      -2.7314805
                    1360                      -2.7273613
                  1362.5                       -2.722839
                    1365                      -2.7179428
                  1367.5                      -2.7127007
                    1370                      -2.7071463
                  1372.5                      -2.7013116
                    1375                      -2.6952326
                  1377.5                      -2.6889466
                    1380                      -2.6824891
                  1382.5                      -2.6759012
                    1385                      -2.6692201
                  1387.5                      -2.6624847
                    1390                      -2.6557344
                  1392.5                      -2.6490078
                    1395                      -2.6423414
                  1397.5                      -2.6357724
                    1400                      -2.6293378
                  1402.5                      -2.6230699
                    1405                      -2.6170023
                  1407.5                       -2.611165
                    1410                      -2.6055857
                  1412.5                      -2.6002925
                    1415                      -2.5953089
                  1417.5                      -2.5906565
                    1420                      -2.5863566
                  1422.5                      -2.5824248
                    1425                      -2.5788731
                  1427.5                      -2.5757193
                    1430                      -2.5729687
                  1432.5                      -2.5706304
                    1435                      -2.5687092
                  1437.5                      -2.5672074
                    1440                       -2.566126
                  1442.5                      -2.5654648
                    1445                      -2.5652188
                  1447.5                      -2.5653848
                    1450                       -2.565956
                  1452.5                      -2.5669252
                    1455                      -2.5682832
                  1457.5                      -2.5700222
                    1460                      -2.5721305
                  1462.5                      -2.5745978
                    1465                      -2.5774145
                  1467.5                      -2.5805677
                    1470                      -2.5840478
                  1472.5                      -2.5878455
                    1475                      -2.5919499
                  1477.5                      -2.5963522
                    1480                      -2.6010452
                  1482.5                      -2.6060213
                    1485                      -2.6112739
                  1487.5                       -2.616801
                    1490                      -2.6226001
                  1492.5                      -2.6286678
                    1495                      -2.6350077
                  1497.5                      -2.6416213
                    1500                      -2.6485129
                  1502.5                      -2.6556895
                    1505                      -2.6631589
                  1507.5                      -2.6709332
                    1510                       -2.679023
                  1512.5                      -2.6874425
                    1515                      -2.6962082
                  1517.5                      -2.7053373
                    1520                      -2.7148488
                  1522.5                       -2.724765
                    1525                      -2.7351074
                  1527.5                      -2.7458983
                    1530                      -2.7571644
                  1532.5                      -2.7689293
                    1535                       -2.781222
                  1537.5                      -2.7940668
                    1540                      -2.8074949
                  1542.5                      -2.8215316
                    1545                      -2.8362076
                  1547.5                      -2.8515508
                    1550                      -2.8675881
                  1552.5                      -2.8843492
                    1555                      -2.9018603
                  1557.5                      -2.9201517
                    1560                      -2.9392461
                  1562.5                      -2.9591716
                    1565                      -2.9799517
                  1567.5                      -3.0016111
                    1570                      -3.0241699
                  1572.5                      -3.0476529
                    1575                      -3.0720758
                  1577.5                      -3.0974588
                    1580                      -3.1238183
                  1582.5                      -3.1511679
                    1585                      -3.1795211
                  1587.5                      -3.2088892
                    1590                       -3.239279
                  1592.5                      -3.2707015
                    1595                      -3.3031577
                  1597.5                      -3.3366515
                    1600                      -3.3711838
                  1602.5                      -3.4067509
                    1605                      -3.4433488
                  1607.5                      -3.4809708
                    1610                      -3.5196068
                  1612.5                      -3.5592428
                    1615                      -3.5998643
                  1617.5                      -3.6414508
                    1620                      -3.6839835
                  1622.5                      -3.7274364
                    1625                      -3.7717777
                  1627.5                      -3.8169797
                    1630                      -3.8630015
                  1632.5                      -3.9098082
                    1635                      -3.9573512
                  1637.5                       -4.005585
                    1640                      -4.0544546
                  1642.5                      -4.1039021
                    1645                      -4.1538651
                  1647.5                      -4.2042747
                    1650                      -4.2550558
                  1652.5                      -4.3061315
                    1655                      -4.3574138
                  1657.5                      -4.4088109
                    1660                      -4.4602277
                  1662.5                      -4.5115571
                    1665                      -4.5626886
                  1667.5                      -4.6135032
                    1670                      -4.6638794
                  1672.5                      -4.7136834
                    1675                      -4.7627798
                  1677.5                      -4.8110232
                    1680                      -4.8582644
                  1682.5                      -4.9043455
                    1685                      -4.9491085
                  1687.5                      -4.9923867
                    1690                      -5.0340095
                  1692.5                      -5.0738071
                    1695                      -5.1116023
                  1697.5                        -5.14722
                    1700                      -5.1804843
                  1702.5                      -5.2112235
                    1705                      -5.2392642
                  1707.5                      -5.2644419
                    1710                      -5.2865952
                  1712.5                      -5.3055723
                    1715                      -5.3212292
                  1717.5                      -5.3334337
                    1720                      -5.3420686
                  1722.5                      -5.3470286
                    1725                      -5.3482229
                  1727.5                      -5.3455824
                    1730                      -5.3390499
                  1732.5                      -5.3285933
                    1735                      -5.3141961
                  1737.5                      -5.2958641
                    1740                       -5.273624
                  1742.5                        -5.24752
                    1745                       -5.217618
                  1747.5                       -5.184003
                    1750                      -5.1467807
                  1752.5                      -5.1060695
                    1755                      -5.0620069
                  1757.5                      -5.0147448
                    1760                      -4.9644465
                  1762.5                       -4.911288
                    1765                      -4.8554543
                  1767.5                      -4.7971398
                    1770                      -4.7365416
                  1772.5                       -4.673863
                    1775                      -4.6093117
                  1777.5                      -4.5430922
                    1780                      -4.4754093
                  1782.5                      -4.4064705
                    1785                      -4.3364755
                  1787.5                       -4.265619
                    1790                      -4.1940925
                  1792.5                      -4.1220821
                    1795                       -4.049765
                  1797.5                      -3.9773087
                    1800                      -3.9048773
                  1802.5                      -3.8326245
                    1805                      -3.7606922
                  1807.5                      -3.6892166
                    1810                      -3.6183244
                  1812.5                      -3.5481311
                    1815                      -3.4787446
                  1817.5                      -3.4102632
                    1820                       -3.342777
                  1822.5                      -3.2763637
                    1825                      -3.2110978
                  1827.5                       -3.147042
                    1830                      -3.0842499
                  1832.5                      -3.0227699
                    1835                       -2.962641
                  1837.5                      -2.9038956
                    1840                      -2.8465602
                  1842.5                      -2.7906526
                    1845                      -2.7361862
                  1847.5                      -2.6831659
                    1850                      -2.6315946
                  1852.5                      -2.5814664
                    1855                      -2.5327727
                  1857.5                      -2.4854988
                    1860                      -2.4396282
                  1862.5                      -2.3951383
                    1865                      -2.3520032
                  1867.5                      -2.3101936
                    1870                      -2.2696793
                  1872.5                      -2.2304251
                    1875                      -2.1923952
                  1877.5                      -2.1555504
                    1880                      -2.1198524
                  1882.5                      -2.0852582
                    1885                      -2.0517273
                  1887.5                      -2.0192163
                    1890                      -1.9876815
                  1892.5                      -1.9570811
                    1895                      -1.9273725
                  1897.5                      -1.8985125
                    1900                      -1.8704606
                  1902.5                       -1.843175
                    1905                      -1.8166169
                  1907.5                        -1.79075
                    1910                      -1.7655372
                  1912.5                      -1.7409438
                    1915                      -1.7169388
                  1917.5                      -1.6934897
                    1920                      -1.6705707
                  1922.5                       -1.648155
                    1925                      -1.6262211
                  1927.5                      -1.6047447
                    1930                      -1.5837114
                  1932.5                      -1.5631025
                    1935                      -1.5429066
                  1937.5                      -1.5231099
                    1940                      -1.5037057
                  1942.5                      -1.4846856
                    1945                       -1.466046
                  1947.5                      -1.4477847
                    1950                       -1.429899
                  1952.5                      -1.4123911
                    1955                      -1.3952626
                  1957.5                      -1.3785171
                    1960                      -1.3621599
                  1962.5                      -1.3461958
                    1965                      -1.3306314
                  1967.5                      -1.3154725
                    1970                      -1.3007282
                  1972.5                      -1.2864025
                    1975                      -1.2725059
                  1977.5                      -1.2590432
                    1980                      -1.2460207
                  1982.5                      -1.2334454
                    1985                      -1.2213212
                  1987.5                      -1.2096524
                    1990                      -1.1984417
                  1992.5                      -1.1876924
                    1995                      -1.1774019
                  1997.5                       -1.167572
                    2000                      -1.1581993
                  2002.5                      -1.1492796
                    2005                      -1.1408087
                  2007.5                      -1.1327789
                    2010                      -1.1251821
                  2012.5                       -1.118008
                    2015                      -1.1112453
                  2017.5                      -1.1048816
                    2020                      -1.0989021
                  2022.5                      -1.0932918
                    2025                      -1.0880325
                  2027.5                      -1.0831094
                    2030                      -1.0785015
                  2032.5                      -1.0741913
                    2035                      -1.0701573
                  2037.5                      -1.0663791
                    2040                      -1.0628387
                  2042.5                      -1.0595123
                    2045                      -1.0563805
                  2047.5                      -1.0534239
                    2050                      -1.0506208
                  2052.5                      -1.0479526
                    2055                      -1.0454013
                  2057.5                      -1.0429484
                    2060                      -1.0405778
                  2062.5                      -1.0382746
                    2065                      -1.0360255
                  2067.5                      -1.0338167
                    2070                       -1.031639
                  2072.5                      -1.0294834
                    2075                      -1.0273417
                  2077.5                      -1.0252095
                    2080                      -1.0230833
                  2082.5                      -1.0209618
                    2085                      -1.0188459
                  2087.5                      -1.0167367
                    2090                      -1.0146388
                  2092.5                      -1.0125581
                    2095                      -1.0105034
                  2097.5                       -1.008482
                    2100                      -1.0065054
                  2102.5                      -1.0045872
                    2105                      -1.0027383
                  2107.5                      -1.0009731
                    2110                     -0.99930818
                  2112.5                     -0.99775902
                    2115                     -0.99634093
                  2117.5                     -0.99507262
                    2120                     -0.99396923
                  2122.5                     -0.99304817
                    2125                     -0.99232626
                  2127.5                     -0.99181917
                    2130                     -0.99154261
                  2132.5                     -0.99151354
                    2135                      -0.9917432
                  2137.5                     -0.99224646
                    2140                     -0.99303426
                  2142.5                     -0.99411718
                    2145                     -0.99550479
                  2147.5                     -0.99720343
                    2150                     -0.99922082
                  2152.5                      -1.0015591
                    2155                      -1.0042218
                  2157.5                      -1.0072104
                    2160                      -1.0105247
                  2162.5                      -1.0141599
                    2165                      -1.0181137
                  2167.5                      -1.0223788
                    2170                      -1.0269486
                  2172.5                      -1.0318143
                    2175                      -1.0369649
                  2177.5                      -1.0423899
                    2180                       -1.048075
                  2182.5                      -1.0540078
                    2185                      -1.0601729
                  2187.5                      -1.0665565
                    2190                       -1.073143
                  2192.5                      -1.0799141
                    2195                      -1.0868567
                  2197.5                      -1.0939539
                    2200                      -1.1011904
                  2202.5                      -1.1085503
                    2205                      -1.1160212
                  2207.5                      -1.1235884
                    2210                      -1.1312392
                  2212.5                      -1.1389642
                    2215                       -1.146753
                  2217.5                      -1.1545987
                    2220                      -1.1624926
                  2222.5                      -1.1704343
                    2225                      -1.1784178
                  2227.5                      -1.1864456
                    2230                      -1.1945181
                  2232.5                      -1.2026404
                    2235                      -1.2108176
                  2237.5                       -1.219059
                    2240                      -1.2273754
                  2242.5                      -1.2357788
                    2245                      -1.2442851
                  2247.5                      -1.2529114
                    2250                      -1.2616751
                  2252.5                      -1.2705969
                    2255                      -1.2797007
                  2257.5                      -1.2890079
                    2260                      -1.2985446
                  2262.5                      -1.3083373
                    2265                      -1.3184122
                  2267.5                       -1.328798
                    2270                      -1.3395217
                  2272.5                       -1.350613
                    2275                         -1.3621
                  2277.5                      -1.3740119
                    2280                      -1.3863762
                  2282.5                      -1.3992221
                    2285                      -1.4125759
                  2287.5                      -1.4264645
                    2290                      -1.4409145
                  2292.5                      -1.4559486
                    2295                      -1.4715898
                  2297.5                      -1.4878623
                    2300                      -1.5047839
                  2302.5                      -1.5223727
                    2305                      -1.5406491
                  2307.5                      -1.5596255
                    2310                      -1.5793167
                  2312.5                      -1.5997338
                    2315                      -1.6208878
                  2317.5                      -1.6427878
                    2320                      -1.6654406
                  2322.5                      -1.6888507
                    2325                      -1.7130237
                  2327.5                      -1.7379618
                    2330                      -1.7636693
                  2332.5                      -1.7901428
                    2335                      -1.8173883
                  2337.5                      -1.8454006
                    2340                       -1.874183
                  2342.5                      -1.9037342
                    2345                      -1.9340534
                  2347.5                      -1.9651427
                    2350                      -1.9970026
                  2352.5                      -2.0296357
                    2355                      -2.0630478
                  2357.5                      -2.0972425
                    2360                      -2.1322287
                  2362.5                      -2.1680182
                    2365                      -2.2046222
                  2367.5                      -2.2420583
                    2370                      -2.2803445
                  2372.5                       -2.319504
                    2375                      -2.3595646
                  2377.5                      -2.4005577
                    2380                      -2.4425168
                  2382.5                      -2.4854837
                    2385                      -2.5295025
                  2387.5                      -2.5746218
                    2390                      -2.6208974
                  2392.5                      -2.6683901
                    2395                      -2.7171638
                  2397.5                      -2.7672893
                    2400                      -2.8188437
                  2402.5                      -2.8719091
                    2405                      -2.9265742
                  2407.5                       -2.982931
                    2410                      -3.0410782
                  2412.5                      -3.1011211
                    2415                      -3.1631691
                  2417.5                      -3.2273396
                    2420                      -3.2937522
                  2422.5                      -3.3625362
                    2425                      -3.4338231
                  2427.5                      -3.5077502
                    2430                      -3.5844643
                  2432.5                      -3.6641118
                    2435                       -3.746849
                  2437.5                      -3.8328376
                    2440                      -3.9222425
                  2442.5                      -4.0152373
                    2445                      -4.1120006
                  2447.5                       -4.212716
                    2450                      -4.3175762
                  2452.5                      -4.4267792
                    2455                      -4.5405286
                  2457.5                      -4.6590376
                    2460                      -4.7825262
                  2462.5                      -4.9112257
                    2465                      -5.0453698
                  2467.5                      -5.1852074
                    2470                      -5.3309951
                  2472.5                      -5.4830014
                    2475                      -5.6415052
                  2477.5                      -5.8068001
                    2480                      -5.9791876
                  2482.5                      -6.1589921
                    2485                       -6.346546
                  2487.5                      -6.5422012
                    2490                      -6.7463261
                  2492.5                      -6.9593092
                    2495                      -7.1815534
                  2497.5                      -7.4134893
                    2500                      -7.6555596
                  2502.5                      -7.9082311
                    2505                      -8.1719898
                  2507.5                      -8.4473391
                    2510                      -8.7347957
                  2512.5                      -9.0348858
                    2515                      -9.3481387
                  2517.5                       -9.675072
                    2520                      -10.016173
                  2522.5                      -10.371881
                    2525                      -10.742545
                  2527.5                      -11.128377
                    2530                       -11.52938
                  2532.5                       -11.94526
                    2535                      -12.375283
                  2537.5                       -12.81811
                    2540                      -13.271559
                  2542.5                      -13.732309
                    2545                      -14.195529
                  2547.5                      -14.654477
                    2550                       -15.10008
                  2552.5                      -15.520655
                    2555                      -15.901914
                  2557.5                       -16.22755
                    2560                      -16.480592
                  2562.5                      -16.645588
                    2565                      -16.711237
                  2567.5                      -16.672706
                    2570                      -16.532712
                  2572.5                      -16.300899
                    2575                      -15.991798
                  2577.5                      -15.622188
                    2580                      -15.208724
                  2582.5                      -14.766339
                    2585                      -14.307468
                  2587.5                      -13.841885
                    2590                      -13.376946
                  2592.5                      -12.917967
                    2595                      -12.468645
                  2597.5                       -12.03144
                    2600                        -11.6079
                  2602.5                      -11.198895
                    2605                      -10.804822
                  2607.5                      -10.425746
                    2610                      -10.061499
                  2612.5                      -9.7117602
                    2615                      -9.3761097
                  2617.5                      -9.0540678
                    2620                      -8.7451196
                  2622.5                      -8.4487436
                    2625                      -8.1644089
                  2627.5                      -7.8915995
                    2630                      -7.6298133
                  2632.5                      -7.3785643
                    2635                      -7.1373874
                  2637.5                      -6.9058415
                    2640                      -6.6835038
                  2642.5                      -6.4699747
                    2645                       -6.264873
                  2647.5                      -6.0678423
                    2650                      -5.8785403
                  2652.5                      -5.6966452
                    2655                      -5.5218511
                  2657.5                      -5.3538689
                    2660                      -5.1924236
                  2662.5                      -5.0372523
                    2665                      -4.8881091
                  2667.5                      -4.7447539
                    2670                      -4.6069663
                  2672.5                      -4.4745253
                    2675                      -4.3472279
                  2677.5                      -4.2248769
                    2680                      -4.1072834
                  2682.5                      -3.9942645
                    2685                      -3.8856465
                  2687.5                      -3.7812597
                    2690                      -3.6809429
                  2692.5                      -3.5845387
                    2695                      -3.4918953
                  2697.5                      -3.4028649
                    2700                       -3.317306
                  2702.5                      -3.2350772
                    2705                      -3.1560455
                  2707.5                      -3.0800795
                    2710                      -3.0070489
                  2712.5                      -2.9368293
                    2715                      -2.8693009
                  2717.5                       -2.804341
                    2720                      -2.7418366
                  2722.5                      -2.6816723
                    2725                      -2.6237385
                  2727.5                      -2.5679245
                    2730                      -2.5141263
                  2732.5                      -2.4622398
                    2735                      -2.4121659
                  2737.5                      -2.3638056
                    2740                      -2.3170668
                  2742.5                      -2.2718524
                    2745                      -2.2280791
                  2747.5                      -2.1856568
                    2750                      -2.1445042
                  2752.5                      -2.1045439
                    2755                      -2.0656954
                  2757.5                      -2.0278913
                    2760                      -1.9910592
                  2762.5                      -1.9551364
                    2765                      -1.9200608
                  2767.5                      -1.8857766
                    2770                      -1.8522303
                  2772.5                      -1.8193727
                    2775                      -1.7871594
                  2777.5                      -1.7555521
                    2780                       -1.724513
                  2782.5                      -1.6940116
                    2785                      -1.6640206
                  2787.5                      -1.6345162
                    2790                      -1.6054809
                  2792.5                      -1.5768992
                    2795                      -1.5487613
                  2797.5                      -1.5210586
                    2800                      -1.4937889
                  2802.5                      -1.4669523
                    2805                      -1.4405508
                  2807.5                      -1.4145894
                    2810                      -1.3890799
                  2812.5                       -1.364032
                    2815                      -1.3394578
                  2817.5                      -1.3153735
                    2820                       -1.291795
                  2822.5                      -1.2687394
                    2825                      -1.2462261
                  2827.5                      -1.2242708
                    2830                      -1.2028959
                  2832.5                      -1.1821171
                    2835                      -1.1619532
                  2837.5                      -1.1424224
                    2840                      -1.1235381
                  2842.5                      -1.1053155
                    2845                      -1.0877684
                  2847.5                      -1.0709057
                    2850                      -1.0547362
                  2852.5                      -1.0392656
                    2855                      -1.0244971
                  2857.5                      -1.0104295
                    2860                      -0.9970603
                  2862.5                     -0.98438366
                    2865                     -0.97239131
                  2867.5                     -0.96106804
                    2870                     -0.95039921
                  2872.5                     -0.94036552
                    2875                     -0.93094441
                  2877.5                       -0.922109
                    2880                     -0.91383089
                  2882.5                     -0.90607777
                    2885                     -0.89881489
                  2887.5                     -0.89200403
                    2890                     -0.88560685
                  2892.5                     -0.87958113
                    2895                     -0.87388264
                  2897.5                     -0.86846581
                    2900                     -0.86328516
                  2902.5                     -0.85829371
                    2905                     -0.85344398
                  2907.5                     -0.84868936
                    2910                     -0.84398224
                  2912.5                     -0.83927864
                    2915                     -0.83453399
                  2917.5                     -0.82970573
                    2920                     -0.82475533
                  2922.5                     -0.81964364
                    2925                     -0.81433841
                  2927.5                     -0.80881018
                    2930                     -0.80303081
                  2932.5                     -0.79697992
                    2935                     -0.79063848
                  2937.5                     -0.78399479
                    2940                     -0.77704078
                  2942.5                     -0.76977298
                    2945                     -0.76219496
                  2947.5                     -0.75431425
                    2950                     -0.74614208
                  2952.5                     -0.73769597
                    2955                     -0.72900013
                  2957.5                     -0.72008037
                    2960                     -0.71096793
                  2962.5                     -0.70169868
                    2965                     -0.69231057
                  2967.5                     -0.68284816
                    2970                     -0.67335545
                  2972.5                     -0.66387792
                    2975                     -0.65446773
                  2977.5                     -0.64517325
                    2980                     -0.63604721
                  2982.5                      -0.6271393
                    2985                     -0.61850127
                  2987.5                     -0.61018148
                    2990                     -0.60223109
                  2992.5                     -0.59469541
                    2995                     -0.58761753
                  2997.5                     -0.58103963
                    3000                     -0.57499722

