        Frequency / MHz                S1,1/abs,dB
----------------------------------------------------------------------
                     500                  -2.2702875e-06
                   502.5                  -1.2886785e-05
                     505                  -8.9935493e-05
                   507.5                  -0.00018543834
                     510                   -0.0002382569
                   512.5                  -0.00021502338
                     515                  -0.00013151904
                   517.5                  -4.0417571e-05
                     520                  -3.0405357e-07
                   522.5                  -3.5242906e-05
                     525                   -0.0001232327
                   527.5                  -0.00020846297
                     530                  -0.00023645058
                   532.5                  -0.00018984282
                     535                  -9.9461939e-05
                   537.5                  -2.1675622e-05
                     540                  -6.8554153e-06
                   542.5                  -6.3042994e-05
                     545                  -0.00015422279
                   547.5                  -0.00022295477
                     550                  -0.00022452609
                   552.5                  -0.00015969072
                     555                  -6.8635901e-05
                   557.5                  -1.0911836e-05
                     560                  -2.1936063e-05
                   562.5                  -9.4223994e-05
                     565                  -0.00018135081
                   567.5                  -0.00022838553
                     570                  -0.00020661242
                   572.5                   -0.0001287013
                     575                  -4.5773175e-05
                   577.5                  -1.0724751e-05
                     580                  -4.3486405e-05
                   582.5                  -0.00012464893
                     585                  -0.00020202312
                   587.5                  -0.00022577864
                     590                  -0.00018269793
                   592.5                  -9.8941063e-05
                     595                  -2.8808327e-05
                   597.5                  -1.6466334e-05
                     600                  -6.8927687e-05
                   602.5                  -0.00015328373
                     605                  -0.00021571349
                   607.5                  -0.00021563866
                     610                  -0.00015536114
                   612.5                  -7.2479755e-05
                     615                  -1.9302464e-05
                   617.5                  -3.1254629e-05
                     620                   -9.774955e-05
                   622.5                  -0.00017857284
                     625                  -0.00022085772
                   627.5                  -0.00019898794
                     630                  -0.00012614784
                   632.5                  -5.0872856e-05
                     635                  -1.8818894e-05
                   637.5                  -5.0441234e-05
                     640                  -0.00012684983
                   642.5                    -0.000197404
                     645                  -0.00021796075
                   647.5                  -0.00017581452
                     650                  -9.8160151e-05
                   652.5                  -3.4643796e-05
                     655                  -2.4780763e-05
                   657.5                   -7.610664e-05
                     660                  -0.00015364071
                   662.5                  -0.00020925035
                     665                  -0.00020804456
                   667.5                  -0.00015076797
                     670                  -7.3468197e-05
                   672.5                  -2.6907345e-05
                     675                  -3.9270608e-05
                   677.5                  -0.00010256294
                     680                  -0.00017656612
                   682.5                  -0.00021410041
                     685                  -0.00019161349
                   687.5                    -0.000123841
                     690                  -5.4145565e-05
                   692.5                  -2.5603071e-05
                     695                  -5.7629545e-05
                   697.5                  -0.00012877849
                     700                   -0.0001935486
                   702.5                  -0.00021142323
                     705                  -0.00017020866
                   707.5                  -9.8135923e-05
                     710                  -4.0198269e-05
                   712.5                  -3.2813603e-05
                     715                  -8.1969383e-05
                   717.5                  -0.00015371799
                     720                   -0.0002045785
                   722.5                  -0.00020120476
                     725                  -0.00014640857
                   727.5                  -7.5722951e-05
                     730                  -3.3187955e-05
                   732.5                  -4.6479625e-05
                     735                  -0.00010657001
                   737.5                  -0.00017530697
                     740                  -0.00020860815
                   742.5                  -0.00018602007
                     745                  -0.00012227683
                   747.5                   -5.660502e-05
                     750                  -3.3125352e-05
                   752.5                  -6.3505761e-05
                     755                  -0.00013144536
                   757.5                  -0.00019043201
                     760                  -0.00020562386
                   762.5                  -0.00016585671
                     765                   -9.729167e-05
                   767.5                   -4.441228e-05
                     770                  -3.9504199e-05
                   772.5                  -8.7007279e-05
                     775                  -0.00015452416
                   777.5                  -0.00020115364
                     780                  -0.00019561114
                   782.5                  -0.00014277542
                     785                  -7.7147618e-05
                   787.5                  -3.8635733e-05
                     790                  -5.2854146e-05
                   792.5                  -0.00011077773
                     795                  -0.00017424911
                   797.5                  -0.00020435287
                     800                  -0.00018062706
                   802.5                  -0.00011987507
                     805                  -5.9258951e-05
                   807.5                  -3.8250658e-05
                     810                   -7.007929e-05
                   812.5                   -0.0001337846
                     815                  -0.00018957702
                   817.5                  -0.00020105071
                     820                  -0.00016169411
                   822.5                  -9.7669358e-05
                     825                  -4.7255937e-05
                   827.5                  -4.5339393e-05
                     830                  -9.1188337e-05
                   832.5                  -0.00015602684
                     835                  -0.00019790822
                   837.5                   -0.0001912323
                     840                  -0.00014035498
                   842.5                  -7.6675327e-05
                     845                  -4.2182693e-05
                   847.5                  -5.8360385e-05
                     850                  -0.00011359855
                   852.5                  -0.00017542881
                     855                    -0.000201818
                   857.5                  -0.00017695386
                     860                  -0.00011815523
                   862.5                  -6.1555454e-05
                     865                  -4.3532163e-05
                   867.5                  -7.5253237e-05
                     870                   -0.0001373122
                   872.5                  -0.00018887563
                     875                  -0.00019766717
                   877.5                  -0.00015820221
                     880                   -9.612585e-05
                   882.5                  -5.0762649e-05
                     885                  -5.0798045e-05
                   887.5                  -9.5508427e-05
                     890                   -0.0001587037
                   892.5                  -0.00019687349
                     895                  -0.00018854658
                   897.5                  -0.00013755491
                     900                  -7.7372561e-05
                   902.5                  -4.6894241e-05
                     905                  -6.3474113e-05
                   907.5                  -0.00011913136
                     910                  -0.00017621447
                   912.5                  -0.00019940779
                     915                   -0.0001739229
                   917.5                  -0.00011655705
                     920                  -6.3451032e-05
                   922.5                  -4.8925161e-05
                     925                  -8.0534912e-05
                   927.5                  -0.00014042868
                     930                  -0.00018983496
                   932.5                  -0.00019542756
                     935                  -0.00015585315
                   937.5                  -9.6239083e-05
                     940                  -5.3849469e-05
                   942.5                  -5.5831377e-05
                     945                  -0.00010147067
                   947.5                  -0.00016146946
                     950                  -0.00019696419
                   952.5                  -0.00018698677
                     955                  -0.00013691426
                   957.5                  -7.8670808e-05
                     960                   -5.116502e-05
                   962.5                  -6.9177258e-05
                     965                  -0.00012369783
                   967.5                  -0.00017862282
                     970                  -0.00019913961
                   972.5                  -0.00017303363
                     975                  -0.00011606182
                   977.5                  -6.5407813e-05
                     980                  -5.2301673e-05
                   982.5                   -8.690142e-05
                     985                  -0.00014566403
                   987.5                  -0.00019136105
                     990                  -0.00019582685
                   992.5                  -0.00015614182
                     995                  -9.7432005e-05
                   997.5                  -5.6973137e-05
                    1000                  -6.0894417e-05
                  1002.5                   -0.0001079762
                    1005                  -0.00016581311
                  1007.5                  -0.00019915228
                    1010                  -0.00018700743
                  1012.5                  -0.00013681607
                    1015                  -8.0505275e-05
                  1017.5                  -5.4410415e-05
                    1020                  -7.5918645e-05
                  1022.5                  -0.00012878163
                    1025                  -0.00018258455
                  1027.5                  -0.00020146207
                    1030                  -0.00017318169
                  1032.5                   -0.0001171172
                    1035                  -6.8389505e-05
                  1037.5                  -5.8247202e-05
                    1040                  -9.3241861e-05
                  1042.5                  -0.00015138883
                    1045                   -0.0001959665
                  1047.5                  -0.00019775411
                    1050                  -0.00015640381
                  1052.5                  -9.8074184e-05
                    1055                  -6.1089649e-05
                  1057.5                  -6.7458733e-05
                    1060                  -0.00011442427
                  1062.5                  -0.00017165179
                    1065                  -0.00020335517
                  1067.5                  -0.00018956172
                    1070                  -0.00013821234
                  1072.5                  -8.2790274e-05
                    1075                  -5.9130947e-05
                  1077.5                  -8.2055242e-05
                    1080                  -0.00013739806
                  1082.5                  -0.00018904405
                    1085                  -0.00020628458
                  1087.5                  -0.00017582962
                    1090                  -0.00011911354
                  1092.5                  -7.1265886e-05
                    1095                  -6.4075702e-05
                  1097.5                  -0.00010100991
                    1100                  -0.00016009169
                  1102.5                  -0.00020303427
                    1105                  -0.00020266327
                  1107.5                   -0.0001601631
                    1110                  -0.00010168748
                  1112.5                  -6.5576006e-05
                    1115                  -7.4898262e-05
                  1117.5                  -0.00012329346
                    1120                  -0.00018146383
                  1122.5                  -0.00021153388
                    1125                  -0.00019453973
                  1127.5                  -0.00014202779
                    1130                  -8.6965189e-05
                  1132.5                  -6.5726956e-05
                    1135                  -9.1090692e-05
                  1137.5                  -0.00014787236
                    1140                  -0.00019995067
                  1142.5                  -0.00021452163
                    1145                  -0.00018240903
                  1147.5                  -0.00012399796
                    1150                  -7.7016305e-05
                  1152.5                  -7.2762236e-05
                    1155                  -0.00011266043
                  1157.5                  -0.00017163784
                    1160                  -0.00021501847
                  1162.5                  -0.00021197375
                    1165                  -0.00016728487
                  1167.5                  -0.00010761613
                    1170                  -7.3913808e-05
                  1172.5                   -8.461978e-05
                    1175                  -0.00013702337
                  1177.5                  -0.00019561776
                    1180                  -0.00022405791
                  1182.5                  -0.00020489942
                    1185                  -0.00014966468
                  1187.5                  -9.4946095e-05
                    1190                  -7.6109236e-05
                  1192.5                  -0.00010493173
                    1195                  -0.00016314468
                  1197.5                  -0.00021617425
                    1200                   -0.0002291148
                  1202.5                   -0.0001937899
                    1205                  -0.00013419024
                  1207.5                   -8.701913e-05
                    1210                  -8.5162214e-05
                  1212.5                  -0.00012852673
                    1215                  -0.00019101945
                  1217.5                  -0.00023277011
                    1220                  -0.00022808993
                  1222.5                  -0.00018017174
                    1225                  -0.00011981155
                  1227.5                  -8.5388179e-05
                    1230                  -0.00010159721
                  1232.5                  -0.00015696057
                    1235                  -0.00021753037
                  1237.5                  -0.00024538044
                    1240                  -0.00022302321
                  1242.5                  -0.00016505548
                    1245                  -0.00010858793
                  1247.5                  -9.0572381e-05
                    1250                  -0.00012386658
                  1252.5                  -0.00018660691
                    1255                  -0.00024162429
                  1257.5                  -0.00025190367
                    1260                  -0.00021336374
                  1262.5                  -0.00015100602
                    1265                  -0.00010310001
                  1267.5                  -0.00010412796
                    1270                    -0.000152491
                  1272.5                  -0.00021900986
                    1275                  -0.00026120539
                  1277.5                  -0.00025385768
                    1280                  -0.00020218435
                  1282.5                  -0.00013851978
                    1285                  -0.00010593022
                  1287.5                  -0.00012450455
                    1290                  -0.00018539828
                  1292.5                  -0.00025001128
                    1295                  -0.00027727677
                  1297.5                  -0.00025172083
                    1300                  -0.00018841598
                  1302.5                  -0.00013120279
                    1305                  -0.00011448672
                  1307.5                  -0.00015325619
                    1310                  -0.00022206231
                  1312.5                  -0.00027906882
                    1315                  -0.00028876334
                  1317.5                   -0.0002454498
                    1320                  -0.00017772025
                  1322.5                  -0.00012955547
                    1325                  -0.00013342455
                  1327.5                  -0.00018830841
                    1330                  -0.00026039637
                  1332.5                  -0.00030459432
                    1335                  -0.00029458265
                  1337.5                  -0.00023655159
                    1340                  -0.00016851078
                  1342.5                  -0.00013563324
                    1345                  -0.00016066692
                  1347.5                  -0.00022913335
                    1350                  -0.00029882032
                  1352.5                  -0.00032602515
                    1355                  -0.00029571501
                  1357.5                  -0.00022652972
                    1360                  -0.00016489632
                  1362.5                  -0.00015200803
                    1365                  -0.00019723902
                  1367.5                  -0.00027415794
                    1370                   -0.0003357416
                  1372.5                  -0.00034330344
                    1375                  -0.00029313366
                  1377.5                  -0.00021843771
                    1380                  -0.00016891311
                  1382.5                  -0.00017762458
                    1385                  -0.00024105096
                  1387.5                  -0.00032179601
                    1390                  -0.00036903497
                  1392.5                  -0.00035480627
                    1395                  -0.00028832022
                  1397.5                  -0.00021423471
                    1400                   -0.0001815582
                  1402.5                  -0.00021400951
                    1405                  -0.00029258998
                  1407.5                  -0.00036992692
                    1410                  -0.00039914574
                  1412.5                  -0.00036044774
                    1415                  -0.00028326366
                  1417.5                  -0.00021608919
                    1420                  -0.00020537425
                  1422.5                  -0.00026060706
                    1425                  -0.00034973727
                  1427.5                  -0.00041796198
                    1430                  -0.00042287353
                  1432.5                  -0.00036374888
                    1435                  -0.00027942214
                  1437.5                  -0.00022635232
                    1440                  -0.00024133953
                  1442.5                  -0.00031839803
                    1445                  -0.00041138572
                  1447.5                  -0.00046321444
                    1450                  -0.00044320456
                  1452.5                  -0.00036510168
                    1455                  -0.00028134268
                  1457.5                  -0.00024861062
                    1460                  -0.00029144747
                  1462.5                  -0.00038574772
                    1465                  -0.00047587872
                  1467.5                  -0.00050606891
                    1470                  -0.00045895027
                  1472.5                  -0.00036642327
                    1475                  -0.00029147591
                  1477.5                  -0.00028533665
                    1480                  -0.00035610978
                  1482.5                  -0.00046253908
                    1485                  -0.00054203438
                  1487.5                  -0.00054479397
                    1490                  -0.00047198542
                  1492.5                  -0.00037217926
                    1495                   -0.0003148254
                  1497.5                  -0.00033948239
                    1500                  -0.00043672965
                  1502.5                  -0.00054963732
                    1505                  -0.00060964719
                  1507.5                  -0.00058225669
                    1510                  -0.00048671321
                  1512.5                  -0.00038781597
                    1515                  -0.00035530385
                  1517.5                   -0.0004149776
                    1520                  -0.00053567852
                  1522.5                  -0.00064576156
                    1525                  -0.00067998158
                  1527.5                  -0.00061916663
                    1530                  -0.00050641679
                  1532.5                  -0.00041973026
                    1535                  -0.00042139902
                  1537.5                  -0.00051773186
                    1540                  -0.00065626361
                  1542.5                  -0.00075417735
                    1545                  -0.00075469799
                  1547.5                  -0.00066180154
                    1550                    -0.000539427
                  1552.5                  -0.00047574244
                    1555                  -0.00051887614
                  1557.5                  -0.00065299408
                    1560                  -0.00080163397
                  1562.5                  -0.00087901202
                    1565                   -0.0008404457
                  1567.5                  -0.00071779385
                    1570                  -0.00059852957
                  1572.5                  -0.00056915685
                    1575                  -0.00066259943
                  1577.5                  -0.00083302673
                    1580                  -0.00098296705
                  1582.5                   -0.0010272205
                    1585                  -0.00094667763
                  1587.5                  -0.00080169966
                    1590                  -0.00069927375
                  1592.5                  -0.00072172076
                    1595                   -0.0008722339
                  1597.5                   -0.0010753858
                    1600                   -0.0012166998
                  1602.5                   -0.0012182228
                    1605                   -0.0010952663
                  1607.5                  -0.00093993198
                    1610                  -0.00087472057
                  1612.5                  -0.00096592754
                    1615                   -0.0011843682
                  1617.5                   -0.0014155398
                    1620                    -0.001536081
                  1622.5                   -0.0014897205
                    1625                   -0.0013278216
                  1627.5                   -0.0011832017
                    1630                   -0.0011836917
                  1632.5                   -0.0013703067
                    1635                   -0.0016674048
                  1637.5                   -0.0019268832
                    1640                   -0.0020168057
                  1642.5                   -0.0019185675
                    1645                   -0.0017352362
                  1647.5                   -0.0016374812
                    1650                   -0.0017514435
                  1652.5                   -0.0020763587
                    1655                   -0.0024790879
                  1657.5                   -0.0027718997
                    1660                   -0.0028341715
                  1662.5                   -0.0026998918
                    1665                   -0.0025395527
                  1667.5                   -0.0025667105
                    1670                   -0.0028937488
                  1672.5                   -0.0034528448
                    1675                   -0.0040349255
                  1677.5                   -0.0044099593
                    1680                   -0.0044919016
                  1682.5                    -0.004402885
                    1685                   -0.0044168852
                  1687.5                   -0.0047957227
                    1690                   -0.0056128431
                  1692.5                    -0.006700892
                    1695                   -0.0077368186
                  1697.5                   -0.0084629116
                    1700                   -0.0088802102
                  1702.5                    -0.009301082
                    1705                     -0.01019716
                  1707.5                    -0.011930983
                    1710                     -0.01452444
                  1712.5                    -0.017644594
                    1715                     -0.02084821
                  1717.5                    -0.023986497
                    1720                    -0.027527724
                  1722.5                    -0.032563635
                    1725                    -0.040400455
                  1727.5                    -0.051862403
                    1730                    -0.066616609
                  1732.5                    -0.082858801
                    1735                    -0.097608902
                  1737.5                     -0.10757837
                    1740                     -0.11029983
                  1742.5                     -0.10505003
                    1745                     -0.09313407
                  1747.5                    -0.077385857
                    1750                    -0.061137094
                  1752.5                    -0.047104467
                    1755                     -0.03667114
                  1757.5                    -0.029772461
                    1760                    -0.025349256
                  1762.5                    -0.022070644
                    1765                    -0.018982172
                  1767.5                    -0.015807052
                    1770                    -0.012822345
                  1772.5                    -0.010489482
                    1775                    -0.009057376
                  1777.5                   -0.0083955632
                    1780                   -0.0080719677
                  1782.5                   -0.0076269372
                    1785                   -0.0068265123
                  1787.5                   -0.0057592379
                    1790                   -0.0047332353
                  1792.5                   -0.0040528576
                    1795                   -0.0038259549
                  1797.5                   -0.0039065058
                    1800                   -0.0040025464
                  1802.5                   -0.0038614237
                    1805                   -0.0034193646
                  1807.5                   -0.0028225147
                    1810                   -0.0023183539
                  1812.5                   -0.0020916987
                    1815                   -0.0021587308
                  1817.5                   -0.0023602435
                    1820                   -0.0024730338
                  1822.5                   -0.0023518925
                    1825                    -0.002011434
                  1827.5                   -0.0016082967
                    1830                   -0.0013370483
                  1832.5                   -0.0013019408
                    1835                    -0.001462116
                  1837.5                   -0.0016589133
                    1840                   -0.0017227475
                  1842.5                   -0.0015793217
                    1845                     -0.00128844
                  1847.5                   -0.0010050532
                    1850                  -0.00087152615
                  1852.5                  -0.00093513951
                    1855                   -0.0011197292
                  1857.5                   -0.0012761797
                    1860                   -0.0012841326
                  1862.5                   -0.0011196503
                    1865                  -0.00087008915
                  1867.5                  -0.00067506491
                    1870                  -0.00063538493
                  1872.5                  -0.00075207776
                    1875                  -0.00092818021
                  1877.5                   -0.0010361918
                    1880                  -0.00099379334
                  1882.5                  -0.00081768524
                    1885                  -0.00060928056
                  1887.5                  -0.00048805058
                    1890                  -0.00051409993
                  1892.5                  -0.00065555723
                    1895                  -0.00080866607
                  1897.5                  -0.00086561526
                    1900                  -0.00078280897
                  1902.5                    -0.000607829
                    1905                  -0.00044264203
                  1907.5                  -0.00038281446
                    1910                  -0.00045536505
                  1912.5                  -0.00060217513
                    1915                  -0.00072309671
                  1917.5                  -0.00073221567
                    1920                  -0.00062168921
                  1922.5                  -0.00045709147
                    1925                   -0.0003367444
                  1927.5                  -0.00032855837
                    1930                  -0.00043151398
                  1932.5                   -0.0005705216
                    1935                  -0.00065169047
                  1937.5                  -0.00062045425
                    1940                  -0.00049448065
                  1942.5                  -0.00034856238
                    1945                  -0.00027264842
                  1947.5                  -0.00030790269
                    1950                  -0.00042620267
                  1952.5                  -0.00054581949
                    1955                  -0.00058903808
                  1957.5                  -0.00052395986
                    1960                  -0.00039229948
                  1962.5                  -0.00027392941
                    1965                  -0.00023946953
                  1967.5                   -0.0003073654
                    1970                  -0.00042851986
                  1972.5                  -0.00052389424
                    1975                  -0.00052893097
                  1977.5                  -0.00043917374
                    1980                  -0.00031216407
                  1982.5                   -0.0002240326
                    1985                  -0.00022908744
                  1987.5                  -0.00031880194
                    1990                  -0.00043340692
                  1992.5                  -0.00049761813
                    1995                  -0.00046893591
                  1997.5                  -0.00036578643
                    2000                  -0.00025070682
                  2002.5                  -0.00019604514
                    2005                   -0.0002334851
                  2007.5                  -0.00033572156
                    2010                  -0.00043538541
                  2012.5                  -0.00046773011
                    2015                  -0.00041086248
                  2017.5                  -0.00030151398
                    2020                  -0.00020671758
                  2022.5                  -0.00018514178
                    2025                  -0.00024885588
                  2027.5                  -0.00035480225
                    2030                  -0.00043214872
                  2032.5                  -0.00043296945
                    2035                  -0.00035503883
                  2037.5                  -0.00024828197
                    2040                  -0.00017852728
                  2042.5                  -0.00018965374
                    2045                  -0.00027091459
                  2047.5                  -0.00037069114
                    2050                  -0.00042298929
                  2052.5                  -0.00039419725
                    2055                  -0.00030391631
                  2057.5                  -0.00020702977
                    2060                  -0.00016502402
                  2062.5                  -0.00020328298
                    2065                  -0.00029591971
                  2067.5                  -0.00038116966
                    2070                  -0.00040619817
                  2072.5                  -0.00035334777
                    2075                  -0.00025636493
                  2077.5                  -0.00017666113
                    2080                  -0.00016408669
                  2082.5                  -0.00022440593
                    2085                  -0.00031962756
                  2087.5                  -0.00038714323
                    2090                  -0.00038319911
                  2092.5                  -0.00031187386
                    2095                  -0.00021697931
                  2097.5                  -0.00015921035
                    2100                  -0.00017361021
                  2102.5                  -0.00025089375
                    2105                  -0.00033987279
                  2107.5                  -0.00038435792
                    2110                  -0.00035440358
                  2112.5                  -0.00027073445
                    2115                  -0.00018520393
                  2117.5                  -0.00015258891
                    2120                  -0.00019201514
                  2122.5                  -0.00027803067
                    2125                  -0.00035501434
                  2127.5                  -0.00037322861
                    2130                  -0.00032231257
                  2132.5                  -0.00023350249
                    2135                  -0.00016309154
                  2137.5                  -0.00015679125
                    2140                   -0.0002166906
                  2142.5                  -0.00030368938
                    2145                  -0.00036341418
                  2147.5                  -0.00035677171
                    2150                   -0.0002884129
                  2152.5                  -0.00020118254
                    2155                  -0.00015115601
                  2157.5                  -0.00016974499
                    2160                  -0.00024347123
                  2162.5                   -0.0003267769
                    2165                  -0.00036447282
                  2167.5                  -0.00033387526
                    2170                  -0.00025420784
                  2172.5                  -0.00017582944
                    2175                  -0.00014940382
                  2177.5                  -0.00019041606
                    2180                   -0.0002728464
                  2182.5                  -0.00034360723
                    2185                  -0.00035759608
                  2187.5                   -0.0003070612
                    2190                  -0.00022225348
                  2192.5                  -0.00015848019
                    2195                  -0.00015629573
                  2197.5                  -0.00021673249
                    2200                  -0.00030063988
                  2202.5                  -0.00035411567
                    2205                  -0.00034426493
                  2207.5                  -0.00027627813
                    2210                   -0.0001946024
                  2212.5                  -0.00015069848
                    2215                  -0.00017236488
                  2217.5                  -0.00024609839
                    2220                  -0.00032370457
                  2222.5                  -0.00035720132
                    2225                   -0.0003238967
                  2227.5                  -0.00024666522
                    2230                  -0.00017332315
                  2232.5                  -0.00015146779
                    2235                  -0.00019503709
                  2237.5                   -0.0002759117
                    2240                  -0.00034302755
                  2242.5                   -0.0003533171
                    2245                  -0.00030057811
                  2247.5                  -0.00021871533
                    2250                  -0.00015997771
                  2252.5                  -0.00016236557
                    2255                  -0.00022328684
                  2257.5                  -0.00030459593
                    2260                  -0.00035493033
                  2262.5                  -0.00034136247
                    2265                  -0.00027322782
                  2267.5                  -0.00019448937
                    2270                  -0.00015458492
                  2272.5                  -0.00017979124
                    2275                  -0.00025452866
                  2277.5                  -0.00033004815
                    2280                  -0.00035987248
                  2282.5                  -0.00032386843
                    2285                  -0.00024543766
                  2287.5                  -0.00017657819
                    2290                  -0.00015820617
                  2292.5                  -0.00020480336
                    2295                  -0.00028616738
                  2297.5                  -0.00035015567
                    2300                  -0.00035623955
                  2302.5                  -0.00030129967
                    2305                  -0.00022081069
                  2307.5                  -0.00016499652
                    2310                  -0.00017138889
                  2312.5                  -0.00023482954
                    2315                  -0.00031611493
                  2317.5                  -0.00036331523
                    2320                  -0.00034656036
                  2322.5                  -0.00027672091
                    2325                  -0.00019882241
                  2327.5                   -0.0001628728
                    2330                  -0.00019209187
                  2332.5                  -0.00026832442
                    2335                  -0.00034279027
                  2337.5                  -0.00036947172
                    2340                  -0.00032974167
                  2342.5                  -0.00025113617
                    2345                  -0.00018310227
                  2347.5                  -0.00017023804
                    2350                  -0.00021982552
                  2352.5                   -0.0003011458
                    2355                  -0.00036460124
                  2357.5                  -0.00036701158
                    2360                  -0.00030935614
                  2362.5                   -0.0002276327
                    2365                  -0.00017521964
                  2367.5                  -0.00018557372
                    2370                  -0.00025305712
                  2372.5                  -0.00033431453
                    2375                  -0.00037891099
                  2377.5                  -0.00035846405
                    2380                  -0.00028588037
                  2382.5                  -0.00020827547
                    2385                  -0.00017572036
                  2387.5                  -0.00020943108
                    2390                  -0.00028817554
                  2392.5                  -0.00036262656
                    2395                  -0.00038618099
                  2397.5                   -0.0003432518
                    2400                  -0.00026186999
                  2402.5                  -0.00019514283
                    2405                  -0.00018515525
                  2407.5                  -0.00023977108
                    2410                  -0.00032466356
                  2412.5                   -0.0003865618
                    2415                  -0.00038583329
                  2417.5                  -0.00032339386
                    2420                  -0.00024041267
                  2422.5                  -0.00018928939
                    2425                  -0.00020459827
                  2427.5                   -0.0002755837
                    2430                  -0.00035991933
                  2432.5                  -0.00040296484
                    2435                  -0.00037832192
                  2437.5                  -0.00030143518
                    2440                  -0.00022253912
                  2442.5                  -0.00019178052
                    2445                  -0.00023149878
                  2447.5                  -0.00031584745
                    2450                  -0.00039132907
                  2452.5                  -0.00041229505
                    2455                  -0.00036358633
                  2457.5                  -0.00027837629
                    2460                  -0.00021084554
                  2462.5                  -0.00020524269
                    2465                  -0.00026589173
                  2467.5                  -0.00035538714
                    2470                   -0.0004173004
                  2472.5                  -0.00041293424
                    2475                  -0.00034571156
                  2477.5                  -0.00025885692
                    2480                  -0.00020845978
                  2482.5                  -0.00022816276
                    2485                  -0.00030676988
                  2487.5                  -0.00039419144
                    2490                  -0.00043570958
                  2492.5                  -0.00040585075
                    2495                  -0.00032361426
                  2497.5                  -0.00024287213
                    2500                  -0.00021541434
                  2502.5                  -0.00026058443
                    2505                   -0.0003510431
                  2507.5                  -0.00042912689
                    2510                  -0.00044701041
                  2512.5                  -0.00039304908
                    2515                  -0.00030191736
                  2517.5                  -0.00023405511
                    2520                  -0.00023278598
                  2522.5                  -0.00029995705
                    2525                   -0.0003956097
                  2527.5                  -0.00045859682
                    2530                  -0.00044906342
                  2532.5                  -0.00037550248
                    2535                  -0.00028370621
                  2537.5                  -0.00023449956
                    2540                  -0.00026061935
                  2542.5                  -0.00034631198
                    2545                  -0.00043942044
                  2547.5                  -0.00047995671
                    2550                  -0.00044386517
                  2552.5                  -0.00035523025
                    2555                  -0.00027000884
                  2557.5                  -0.00024579443
                    2560                  -0.00029896271
                  2562.5                  -0.00039707918
                    2565                  -0.00047830422
                  2567.5                  -0.00049365349
                    2570                  -0.00043237669
                  2572.5                  -0.00033529711
                    2575                  -0.00026497703
                  2577.5                  -0.00026901928
                    2580                  -0.00034578636
                  2582.5                  -0.00044760339
                    2585                    -0.000511696
                  2587.5                  -0.00049805714
                    2590                  -0.00041556634
                  2592.5                  -0.00031878524
                    2595                  -0.00026967032
                  2597.5                  -0.00030318921
                    2600                   -0.0003990538
                  2602.5                  -0.00049683488
                    2605                  -0.00053746001
                  2607.5                  -0.00049515497
                    2610                    -0.000396997
                  2612.5                  -0.00030827478
                    2615                  -0.00028723526
                  2617.5                   -0.0003483572
                    2620                  -0.00045619838
                  2622.5                  -0.00054266795
                    2625                  -0.00055448399
                  2627.5                  -0.00048434768
                    2630                  -0.00037921188
                  2632.5                  -0.00030739972
                    2635                  -0.00031668621
                  2637.5                  -0.00040353344
                    2640                  -0.00051515144
                  2642.5                  -0.00058194276
                    2645                  -0.00056216114
                  2647.5                  -0.00046969641
                    2650                  -0.00036528888
                  2652.5                  -0.00031670561
                    2655                  -0.00035911374
                  2657.5                  -0.00046616772
                    2660                   -0.0005733077
                  2662.5                  -0.00061303345
                    2665                  -0.00056143226
                  2667.5                  -0.00045320553
                    2670                  -0.00035884128
                  2672.5                  -0.00034089438
                    2675                   -0.0004135402
                  2677.5                  -0.00053421152
                    2680                  -0.00062596779
                  2682.5                  -0.00063481409
                    2685                  -0.00055427228
                  2687.5                  -0.00043792774
                    2690                  -0.00036246665
                  2692.5                  -0.00037950324
                    2695                  -0.00048001699
                  2697.5                  -0.00060352542
                    2700                  -0.00067306891
                  2702.5                  -0.00064614761
                    2705                  -0.00054110968
                  2707.5                    -0.000427969
                    2710                  -0.00038033838
                  2712.5                  -0.00043207753
                    2715                  -0.00055444475
                  2717.5                  -0.00067149976
                    2720                  -0.00071090152
                  2722.5                  -0.00064899412
                    2725                  -0.00052807561
                  2727.5                  -0.00042590609
                    2730                  -0.00041301933
                  2732.5                  -0.00049971499
                    2735                  -0.00063529313
                  2737.5                   -0.0007354969
                    2740                  -0.00073884211
                  2742.5                  -0.00064479542
                    2745                  -0.00051614227
                  2747.5                  -0.00043692328
                    2750                  -0.00046264313
                  2752.5                  -0.00058040413
                    2755                  -0.00071790234
                  2757.5                  -0.00079130049
                    2760                  -0.00075625171
                  2762.5                  -0.00063654942
                    2765                   -0.0005104449
                  2767.5                  -0.00046364254
                    2770                  -0.00052979638
                  2772.5                  -0.00067004733
                    2775                  -0.00079965765
                  2777.5                    -0.000838291
                    2780                  -0.00076351949
                  2782.5                  -0.00062623332
                    2785                  -0.00051665835
                  2787.5                  -0.00050870287
                    2790                  -0.00061351481
                  2792.5                  -0.00076711473
                    2795                  -0.00087583852
                  2797.5                  -0.00087375184
                    2800                  -0.00076413369
                  2802.5                  -0.00061946292
                    2805                  -0.00053685655
                  2807.5                  -0.00057320878
                    2810                  -0.00071127208
                  2812.5                  -0.00086694268
                    2815                  -0.00094479869
                  2817.5                  -0.00089805647
                    2820                  -0.00076055338
                  2822.5                  -0.00062136129
                    2825                  -0.00057574664
                  2827.5                  -0.00065878933
                    2830                  -0.00082052781
                  2832.5                  -0.00096586961
                    2835                   -0.0010033073
                  2837.5                  -0.00091311619
                    2840                  -0.00075628539
                  2842.5                  -0.00063604229
                    2845                  -0.00063699267
                  2847.5                  -0.00076241576
                    2850                  -0.00093974874
                  2852.5                   -0.0010596751
                    2855                   -0.0010501722
                  2857.5                  -0.00091980251
                    2860                  -0.00075692542
                  2862.5                  -0.00066920306
                    2865                   -0.0007211914
                  2867.5                  -0.00088415511
                    2870                    -0.001061676
                  2872.5                   -0.0011456534
                    2875                   -0.0010846958
                  2877.5                  -0.00092312972
                    2880                   -0.0007675798
                  2882.5                  -0.00072501616
                    2885                   -0.0008279064
                  2887.5                   -0.0010199114
                    2890                    -0.001183663
                  2892.5                   -0.0012200208
                    2895                   -0.0011097836
                  2897.5                  -0.00092709088
                    2900                  -0.00079597019
                  2902.5                  -0.00080664637
                    2905                  -0.00095980792
                  2907.5                   -0.0011665933
                    2910                   -0.0013009473
                  2912.5                   -0.0012815432
                    2915                   -0.0011262648
                  2917.5                  -0.00093880473
                    2920                  -0.00084674869
                  2922.5                   -0.0009167531
                    2925                   -0.0011133385
                  2927.5                   -0.0013179577
                    2930                   -0.0014081949
                  2932.5                   -0.0013299899
                    2935                   -0.0011396249
                  2937.5                  -0.00096438409
                    2940                  -0.00092563165
                  2942.5                     -0.00105594
                    2945                   -0.0012838782
                  2947.5                   -0.0014702964
                    2950                   -0.0015036418
                  2952.5                   -0.0013676923
                    2955                   -0.0011558805
                  2957.5                   -0.0010110067
                    2960                   -0.0010357745
                  2962.5                   -0.0012248015
                    2965                    -0.001467282
                  2967.5                   -0.0016177656
                    2970                   -0.0015859936
                  2972.5                   -0.0013990363
                    2975                   -0.0011836539
                  2977.5                   -0.0010869241
                    2980                   -0.0011813864
                  2982.5                   -0.0014197712
                    2985                   -0.0016588263
                  2987.5                   -0.0017560081
                    2990                   -0.0016554584
                  2992.5                   -0.0014289204
                    2995                   -0.0012305621
                  2997.5                   -0.0011978282
                    3000                   -0.0013651282

