        Frequency / MHz                S1,1/abs,dB
----------------------------------------------------------------------
                     500                     -0.16154698
                   502.5                     -0.14888011
                     505                     -0.13503379
                   507.5                      -0.1201639
                     510                     -0.10443122
                   512.5                    -0.088001565
                     515                     -0.07104247
                   517.5                    -0.053724123
                     520                    -0.036215116
                   522.5                    -0.018683379
                     525                   -0.0012917382
                   527.5                     0.015802296
                     530                     0.032444753
                   532.5                      0.04849396
                     535                     0.063812158
                   537.5                     0.078272311
                     540                     0.091757938
                   542.5                      0.10416113
                     545                      0.11539037
                   547.5                      0.12535708
                     550                      0.13399304
                   552.5                      0.14123527
                     555                      0.14703587
                   557.5                      0.15136073
                     560                      0.15418345
                   562.5                      0.15549483
                     565                      0.15529279
                   567.5                      0.15359203
                     570                      0.15041308
                   572.5                      0.14579111
                     575                      0.13977501
                   577.5                      0.13241708
                     580                      0.12378684
                   582.5                      0.11395858
                     585                      0.10301912
                   587.5                     0.091061205
                     590                     0.078184868
                   592.5                     0.064502093
                     595                     0.050127236
                   597.5                     0.035179242
                     600                     0.019783328
                   602.5                    0.0040688157
                     605                    -0.011832282
                   607.5                    -0.027788725
                     610                    -0.043667026
                   612.5                     -0.05933355
                     615                    -0.074659714
                   617.5                     -0.08951839
                     620                     -0.10378632
                   622.5                     -0.11734719
                     625                     -0.13009003
                   627.5                      -0.1419141
                     630                     -0.15272558
                   632.5                     -0.16244149
                     635                      -0.1709888
                   637.5                     -0.17830704
                     640                     -0.18434769
                   642.5                     -0.18907486
                     645                     -0.19246598
                   647.5                     -0.19451151
                     650                      -0.1952137
                   652.5                     -0.19458859
                     655                     -0.19266665
                   657.5                     -0.18948917
                     660                     -0.18510825
                   662.5                     -0.17958757
                     665                      -0.1730022
                   667.5                     -0.16543384
                     670                     -0.15697566
                   672.5                     -0.14772387
                     675                     -0.13778339
                   677.5                     -0.12726244
                     680                     -0.11627395
                   682.5                     -0.10493459
                     685                    -0.093357937
                   687.5                    -0.081661997
                     690                    -0.069963199
                   692.5                      -0.0583743
                     695                    -0.047008573
                   697.5                     -0.03597314
                     700                    -0.025370489
                   702.5                    -0.015302555
                     705                    -0.005859477
                   707.5                     0.002871105
                     710                     0.010807205
                   712.5                     0.017878407
                     715                     0.024018178
                   717.5                     0.029167272
                     720                      0.03327762
                   722.5                     0.036305394
                     725                     0.038220154
                   727.5                     0.038996269
                     730                     0.038615921
                   732.5                     0.037072033
                     735                     0.034364866
                   737.5                     0.030503084
                     740                     0.025505127
                   742.5                     0.019392689
                     745                     0.012200359
                   747.5                    0.0039696641
                     750                   -0.0052572038
                   752.5                    -0.015420836
                     755                    -0.026461958
                   757.5                    -0.038314662
                     760                    -0.050904988
                   762.5                    -0.064157174
                     765                    -0.077989592
                   767.5                    -0.092311723
                     770                     -0.10703679
                   772.5                     -0.12207382
                     775                     -0.13732284
                   777.5                     -0.15268881
                     780                     -0.16807737
                   782.5                     -0.18338788
                     785                     -0.19852524
                   787.5                     -0.21339219
                     790                     -0.22789866
                   792.5                     -0.24195297
                     795                     -0.25546946
                   797.5                     -0.26836436
                     800                     -0.28056443
                   802.5                     -0.29199624
                     805                     -0.30259502
                   807.5                     -0.31230485
                     810                     -0.32107397
                   812.5                     -0.32886094
                     815                     -0.33563119
                   817.5                     -0.34135948
                     820                     -0.34602648
                   822.5                     -0.34962527
                     825                     -0.35215382
                   827.5                     -0.35362102
                     830                      -0.3540412
                   832.5                     -0.35344001
                     835                     -0.35184679
                   837.5                     -0.34930112
                     840                     -0.34584741
                   842.5                      -0.3415366
                     845                     -0.33642157
                   847.5                     -0.33056636
                     850                     -0.32403154
                   852.5                     -0.31688849
                     855                       -0.309206
                   857.5                     -0.30105357
                     860                     -0.29250702
                   862.5                     -0.28363983
                     865                     -0.27452395
                   867.5                      -0.2652322
                     870                     -0.25583713
                   872.5                     -0.24640733
                     875                     -0.23700812
                   877.5                     -0.22770724
                     880                     -0.21856254
                   882.5                     -0.20963201
                     885                      -0.2009686
                   887.5                     -0.19262105
                     890                     -0.18463437
                   892.5                     -0.17704852
                     895                     -0.16989833
                   897.5                     -0.16321293
                     900                     -0.15701873
                   902.5                     -0.15133555
                     905                     -0.14617803
                   907.5                     -0.14155687
                     910                     -0.13747789
                   912.5                     -0.13394124
                     915                     -0.13094371
                   917.5                     -0.12847792
                     920                     -0.12652984
                   922.5                     -0.12508586
                     925                     -0.12412305
                   927.5                     -0.12362013
                     930                     -0.12355027
                   932.5                     -0.12388406
                     935                     -0.12459024
                   937.5                     -0.12563369
                     940                     -0.12698002
                   942.5                     -0.12859111
                     945                     -0.13042923
                   947.5                     -0.13245395
                     950                     -0.13462679
                   952.5                     -0.13690782
                     955                       -0.139257
                   957.5                     -0.14163616
                     960                     -0.14400743
                   962.5                     -0.14633457
                     965                     -0.14858061
                   967.5                      -0.1507147
                     970                      -0.1527046
                   972.5                     -0.15452164
                     975                     -0.15613999
                   977.5                     -0.15753712
                     980                     -0.15868986
                   982.5                     -0.15958327
                     985                       -0.160201
                   987.5                     -0.16053457
                     990                     -0.16057376
                   992.5                     -0.16031371
                     995                     -0.15975396
                   997.5                     -0.15889615
                    1000                     -0.15774319
                  1002.5                     -0.15630307
                    1005                     -0.15458738
                  1007.5                     -0.15260628
                    1010                     -0.15037654
                  1012.5                     -0.14791467
                    1015                     -0.14523857
                  1017.5                     -0.14237095
                    1020                     -0.13933291
                  1022.5                     -0.13614825
                    1025                     -0.13284024
                  1027.5                      -0.1294363
                    1030                      -0.1259583
                  1032.5                     -0.12243301
                    1035                     -0.11888634
                  1037.5                     -0.11534272
                    1040                     -0.11182755
                  1042.5                     -0.10836137
                    1045                     -0.10497047
                  1047.5                     -0.10167369
                    1050                    -0.098491247
                  1052.5                    -0.095441697
                    1055                    -0.092542552
                  1057.5                     -0.08980847
                    1060                    -0.087250995
                  1062.5                    -0.084884265
                    1065                    -0.082715137
                  1067.5                     -0.08075227
                    1070                    -0.078999599
                  1072.5                    -0.077460221
                    1075                    -0.076137071
                  1077.5                    -0.075027239
                    1080                    -0.074128363
                  1082.5                    -0.073437009
                    1085                    -0.072943363
                  1087.5                    -0.072643811
                    1090                    -0.072525097
                  1092.5                    -0.072577642
                    1095                    -0.072790322
                  1097.5                    -0.073146763
                    1100                    -0.073633515
                  1102.5                    -0.074236315
                    1105                    -0.074938178
                  1107.5                    -0.075723426
                    1110                    -0.076574308
                  1112.5                    -0.077473869
                    1115                    -0.078404905
                  1117.5                    -0.079352123
                    1120                    -0.080297059
                  1122.5                    -0.081225509
                    1125                    -0.082120819
                  1127.5                    -0.082969708
                    1130                    -0.083756513
                  1132.5                    -0.084471467
                    1135                    -0.085100033
                  1137.5                      -0.0856355
                    1140                    -0.086064942
                  1142.5                    -0.086383238
                    1145                    -0.086583142
                  1147.5                    -0.086661341
                    1150                    -0.086612789
                  1152.5                    -0.086437495
                    1155                     -0.08613392
                  1157.5                    -0.085703172
                    1160                    -0.085148795
                  1162.5                    -0.084473228
                    1165                    -0.083682984
                  1167.5                    -0.082783118
                    1170                     -0.08178177
                  1172.5                    -0.080687912
                    1175                    -0.079509864
                  1177.5                     -0.07825741
                    1180                    -0.076942003
                  1182.5                    -0.075575067
                    1185                    -0.074166756
                  1187.5                    -0.072730909
                    1190                     -0.07127936
                  1192.5                    -0.069822725
                    1195                    -0.068374768
                  1197.5                    -0.066945074
                    1200                    -0.065546738
                  1202.5                    -0.064190903
                    1205                    -0.062886805
                  1207.5                    -0.061644364
                    1210                    -0.060473076
                  1212.5                    -0.059380231
                    1215                    -0.058372756
                  1217.5                    -0.057457998
                    1220                    -0.056641564
                  1222.5                    -0.055925197
                    1225                    -0.055314722
                  1227.5                    -0.054808798
                    1230                    -0.054411767
                  1232.5                    -0.054121035
                    1235                     -0.05393734
                  1237.5                      -0.0538554
                    1240                     -0.05387446
                  1242.5                    -0.053989409
                    1245                    -0.054195208
                  1247.5                    -0.054485834
                    1250                    -0.054852239
                  1252.5                    -0.055290258
                    1255                    -0.055789058
                  1257.5                    -0.056341863
                    1260                     -0.05693886
                  1262.5                    -0.057570235
                    1265                    -0.058226797
                  1267.5                    -0.058898855
                    1270                    -0.059576865
                  1272.5                    -0.060250732
                    1275                    -0.060909544
                  1277.5                    -0.061546944
                    1280                    -0.062152474
                  1282.5                    -0.062716559
                    1285                    -0.063234991
                  1287.5                    -0.063696963
                    1290                    -0.064096612
                  1292.5                    -0.064428888
                    1295                    -0.064689549
                  1297.5                    -0.064872031
                    1300                    -0.064975623
                  1302.5                    -0.064996855
                    1305                    -0.064934365
                  1307.5                    -0.064786476
                    1310                    -0.064556018
                  1312.5                     -0.06424291
                    1315                    -0.063849633
                  1317.5                    -0.063378669
                    1320                    -0.062835156
                  1322.5                    -0.062223875
                    1325                    -0.061549274
                  1327.5                    -0.060816516
                    1330                    -0.060035296
                  1332.5                    -0.059210098
                    1335                    -0.058349541
                  1337.5                    -0.057462469
                    1340                    -0.056556294
                  1342.5                    -0.055638664
                    1345                    -0.054719791
                  1347.5                    -0.053806088
                    1350                    -0.052908009
                  1352.5                    -0.052032135
                    1355                    -0.051187478
                  1357.5                    -0.050381036
                    1360                    -0.049621102
                  1362.5                    -0.048913193
                    1365                    -0.048263645
                  1367.5                    -0.047678514
                    1370                    -0.047162491
                  1372.5                    -0.046719249
                    1375                    -0.046352297
                  1377.5                    -0.046065925
                    1380                    -0.045859813
                  1382.5                    -0.045735325
                    1385                    -0.045693751
                  1387.5                    -0.045733559
                    1390                    -0.045852708
                  1392.5                    -0.046050378
                    1395                    -0.046322193
                  1397.5                     -0.04666564
                    1400                    -0.047074303
                  1402.5                    -0.047545611
                    1405                    -0.048071758
                  1407.5                    -0.048646771
                    1410                    -0.049264607
                  1412.5                    -0.049918621
                    1415                    -0.050598903
                  1417.5                    -0.051299957
                    1420                    -0.052013414
                  1422.5                    -0.052730525
                    1425                    -0.053443815
                  1427.5                    -0.054145678
                    1430                    -0.054827145
                  1432.5                     -0.05548147
                    1435                    -0.056101421
                  1437.5                    -0.056679829
                    1440                    -0.057210907
                  1442.5                     -0.05768715
                    1445                    -0.058104067
                  1447.5                    -0.058457805
                    1450                    -0.058743224
                  1452.5                    -0.058958244
                    1455                    -0.059098923
                  1457.5                    -0.059162587
                    1460                    -0.059151215
                  1462.5                     -0.05906298
                    1465                    -0.058898123
                  1467.5                    -0.058658585
                    1470                    -0.058346273
                  1472.5                    -0.057963984
                    1475                    -0.057516605
                  1477.5                    -0.057007004
                    1480                    -0.056440884
                  1482.5                    -0.055824426
                    1485                      -0.0551629
                  1487.5                    -0.054463519
                    1490                    -0.053732407
                  1492.5                    -0.052977838
                    1495                     -0.05220704
                  1497.5                    -0.051428789
                    1500                    -0.050649933
                  1502.5                    -0.049878466
                    1505                    -0.049122737
                  1507.5                     -0.04838982
                    1510                      -0.0476882
                  1512.5                    -0.047025164
                    1515                    -0.046407282
                  1517.5                    -0.045839998
                    1520                    -0.045331133
                  1522.5                     -0.04488432
                    1525                    -0.044506286
                  1527.5                    -0.044200349
                    1530                    -0.043967979
                  1532.5                    -0.043815535
                    1535                    -0.043743373
                  1537.5                    -0.043751141
                    1540                    -0.043841767
                  1542.5                    -0.044014008
                    1545                    -0.044265663
                  1547.5                    -0.044596125
                    1550                    -0.045002293
                  1552.5                    -0.045480755
                    1555                    -0.046025939
                  1557.5                    -0.046635117
                    1560                    -0.047302071
                  1562.5                    -0.048020173
                    1565                    -0.048783878
                  1567.5                    -0.049585355
                    1570                    -0.050416296
                  1572.5                     -0.05127113
                    1575                    -0.052140338
                  1577.5                     -0.05301656
                    1580                    -0.053890998
                  1582.5                    -0.054756076
                    1585                    -0.055603336
                  1587.5                    -0.056424808
                    1590                    -0.057212756
                  1592.5                     -0.05796004
                    1595                    -0.058659479
                  1597.5                     -0.05930523
                    1600                    -0.059889734
                  1602.5                    -0.060408646
                    1605                    -0.060857791
                  1607.5                    -0.061231251
                    1610                    -0.061527418
                  1612.5                    -0.061743054
                    1615                    -0.061876472
                  1617.5                    -0.061928043
                    1620                    -0.061895448
                  1622.5                     -0.06178056
                    1625                    -0.061585578
                  1627.5                    -0.061313209
                    1630                    -0.060964539
                  1632.5                    -0.060545682
                    1635                    -0.060061116
                  1637.5                    -0.059516238
                    1640                    -0.058916354
                  1642.5                    -0.058269178
                    1645                    -0.057582385
                  1647.5                    -0.056861351
                    1650                     -0.05611607
                  1652.5                    -0.055354807
                    1655                    -0.054585216
                  1657.5                    -0.053817928
                    1660                    -0.053059311
                  1662.5                    -0.052319807
                    1665                    -0.051607649
                  1667.5                     -0.05092996
                    1670                    -0.050297429
                  1672.5                    -0.049714952
                    1675                    -0.049191571
                  1677.5                    -0.048734663
                    1680                    -0.048349042
                  1682.5                    -0.048040004
                    1685                    -0.047814896
                  1687.5                    -0.047675434
                    1690                    -0.047625365
                  1692.5                    -0.047668513
                    1695                    -0.047805615
                  1697.5                    -0.048036431
                    1700                    -0.048362335
                  1702.5                    -0.048782701
                    1705                    -0.049293871
                  1707.5                    -0.049894858
                    1710                    -0.050580597
                  1712.5                    -0.051347679
                    1715                    -0.052190696
                  1717.5                    -0.053102773
                    1720                    -0.054077636
                  1722.5                    -0.055108567
                    1725                    -0.056188413
                  1727.5                    -0.057306445
                    1730                    -0.058454599
                  1732.5                    -0.059625388
                    1735                    -0.060807734
                  1737.5                    -0.061993716
                    1740                    -0.063171803
                  1742.5                    -0.064334658
                    1745                     -0.06547078
                  1747.5                    -0.066571281
                    1750                     -0.06762831
                  1752.5                    -0.068632435
                    1755                    -0.069576288
                  1757.5                    -0.070451944
                    1760                    -0.071252484
                  1762.5                    -0.071970936
                    1765                    -0.072603928
                  1767.5                    -0.073144895
                    1770                    -0.073591378
                  1772.5                    -0.073940845
                    1775                    -0.074190165
                  1777.5                    -0.074341347
                    1780                    -0.074391617
                  1782.5                    -0.074344379
                    1785                    -0.074199819
                  1787.5                    -0.073963256
                    1790                    -0.073637836
                  1792.5                    -0.073229227
                    1795                    -0.072743542
                  1797.5                    -0.072187856
                    1800                    -0.071568651
                  1802.5                    -0.070895474
                    1805                    -0.070177287
                  1807.5                    -0.069424044
                    1810                    -0.068644091
                  1812.5                    -0.067850952
                    1815                    -0.067051872
                  1817.5                    -0.066260338
                    1820                    -0.065486185
                  1822.5                    -0.064740824
                    1825                    -0.064033598
                  1827.5                    -0.063377539
                    1830                    -0.062781027
                  1832.5                    -0.062254592
                    1835                    -0.061808306
                  1837.5                    -0.061448154
                    1840                    -0.061184377
                  1842.5                    -0.061023668
                    1845                    -0.060972299
                  1847.5                    -0.061035095
                    1850                    -0.061216465
                  1852.5                     -0.06152042
                    1855                     -0.06194952
                  1857.5                    -0.062503312
                    1860                    -0.063182487
                  1862.5                    -0.063986296
                    1865                    -0.064912491
                  1867.5                     -0.06595841
                    1870                    -0.067117802
                  1872.5                    -0.068387088
                    1875                    -0.069758545
                  1877.5                    -0.071223458
                    1880                    -0.072776218
                  1882.5                     -0.07440548
                    1885                    -0.076101426
                  1887.5                    -0.077854693
                    1890                    -0.079651188
                  1892.5                    -0.081481365
                    1895                    -0.083332997
                  1897.5                    -0.085193174
                    1900                     -0.08704728
                  1902.5                    -0.088886255
                    1905                    -0.090695141
                  1907.5                    -0.092461379
                    1910                    -0.094175314
                  1912.5                    -0.095822928
                    1915                    -0.097395155
                  1917.5                    -0.098879628
                    1920                      -0.1002689
                  1922.5                     -0.10155324
                    1925                     -0.10272634
                  1927.5                     -0.10378007
                    1930                     -0.10470976
                  1932.5                     -0.10551263
                    1935                     -0.10618357
                  1937.5                     -0.10672304
                    1940                     -0.10712974
                  1942.5                      -0.1074054
                    1945                     -0.10755262
                  1947.5                     -0.10757594
                    1950                     -0.10747983
                  1952.5                     -0.10727335
                    1955                     -0.10696086
                  1957.5                     -0.10655446
                    1960                     -0.10606317
                  1962.5                     -0.10549911
                    1965                     -0.10487388
                  1967.5                     -0.10420246
                    1970                     -0.10349599
                  1972.5                     -0.10277174
                    1975                     -0.10204336
                  1977.5                     -0.10132775
                    1980                     -0.10063851
                  1982.5                    -0.099993439
                    1985                    -0.099407054
                  1987.5                    -0.098894691
                    1990                    -0.098472924
                  1992.5                    -0.098155032
                    1995                    -0.097955007
                  1997.5                    -0.097887838
                    2000                    -0.097964044
                  2002.5                    -0.098196089
                    2005                    -0.098593689
                  2007.5                    -0.099164587
                    2010                    -0.099919612
                  2012.5                     -0.10086314
                    2015                      -0.1019996
                  2017.5                     -0.10333345
                    2020                     -0.10486589
                  2022.5                     -0.10659651
                    2025                     -0.10852428
                  2027.5                     -0.11064732
                    2030                     -0.11295861
                  2032.5                     -0.11545199
                    2035                     -0.11812047
                  2037.5                     -0.12095497
                    2040                     -0.12394273
                  2042.5                       -0.127073
                    2045                     -0.13033084
                  2047.5                     -0.13370292
                    2050                     -0.13717304
                  2052.5                     -0.14072377
                    2055                     -0.14433734
                  2057.5                     -0.14799609
                    2060                     -0.15168282
                  2062.5                     -0.15537714
                    2065                     -0.15905926
                  2067.5                     -0.16271272
                    2070                     -0.16631658
                  2072.5                     -0.16985455
                    2075                     -0.17330836
                  2077.5                       -0.176662
                    2080                     -0.17989868
                  2082.5                     -0.18300442
                    2085                     -0.18596587
                  2087.5                     -0.18877229
                    2090                     -0.19141336
                  2092.5                     -0.19387961
                    2095                     -0.19616643
                  2097.5                     -0.19826942
                    2100                     -0.20018529
                  2102.5                     -0.20191559
                    2105                     -0.20346119
                  2107.5                      -0.2048276
                    2110                     -0.20602033
                  2112.5                     -0.20704933
                    2115                     -0.20792587
                  2117.5                     -0.20866124
                    2120                     -0.20927273
                  2122.5                     -0.20977814
                    2125                      -0.2101943
                  2127.5                     -0.21054353
                    2130                     -0.21084807
                  2132.5                     -0.21113136
                    2135                     -0.21141825
                  2137.5                     -0.21173521
                    2140                     -0.21210864
                  2142.5                     -0.21256518
                    2145                     -0.21313472
                  2147.5                     -0.21384313
                    2150                     -0.21471926
                  2152.5                     -0.21578907
                    2155                     -0.21708186
                  2157.5                     -0.21862193
                    2160                     -0.22043544
                  2162.5                     -0.22254675
                    2165                     -0.22497942
                  2167.5                     -0.22775161
                    2170                     -0.23088689
                  2172.5                      -0.2343984
                    2175                     -0.23830527
                  2177.5                     -0.24261766
                    2180                     -0.24734774
                  2182.5                     -0.25250505
                    2185                     -0.25809284
                  2187.5                     -0.26411591
                    2190                     -0.27057505
                  2192.5                     -0.27746824
                    2195                     -0.28478885
                  2197.5                     -0.29253093
                    2200                     -0.30068337
                  2202.5                     -0.30923514
                    2205                     -0.31816944
                  2207.5                     -0.32746747
                    2210                     -0.33711169
                  2212.5                     -0.34707972
                    2215                     -0.35734622
                  2217.5                     -0.36788654
                    2220                     -0.37867456
                  2222.5                     -0.38967932
                    2225                      -0.4008748
                  2227.5                     -0.41222788
                    2230                     -0.42370991
                  2232.5                     -0.43528925
                    2235                     -0.44693839
                  2237.5                     -0.45862452
                    2240                     -0.47032066
                  2242.5                     -0.48199793
                    2245                     -0.49363342
                  2247.5                     -0.50519941
                    2250                     -0.51667822
                  2252.5                     -0.52804761
                    2255                     -0.53929499
                  2257.5                     -0.55040548
                    2260                     -0.56137049
                  2262.5                     -0.57218402
                    2265                     -0.58284531
                  2267.5                     -0.59335578
                    2270                      -0.6037261
                  2272.5                     -0.61396302
                    2275                     -0.62408466
                  2277.5                     -0.63411292
                    2280                     -0.64407101
                  2282.5                     -0.65398865
                    2285                     -0.66390134
                  2287.5                     -0.67384495
                    2290                      -0.6838632
                  2292.5                     -0.69400293
                    2295                     -0.70431451
                  2297.5                     -0.71484956
                    2300                     -0.72566585
                  2302.5                     -0.73682166
                    2305                     -0.74837928
                  2307.5                     -0.76040438
                    2310                     -0.77295974
                  2312.5                     -0.78611406
                    2315                     -0.79993244
                  2317.5                     -0.81448518
                    2320                     -0.82983787
                  2322.5                     -0.84605795
                    2325                     -0.86321156
                  2327.5                     -0.88136422
                    2330                     -0.90057543
                  2332.5                     -0.92090751
                    2335                     -0.94241801
                  2337.5                     -0.96515867
                    2340                     -0.98917867
                  2342.5                      -1.0145232
                    2345                      -1.0412344
                  2347.5                       -1.069344
                    2350                      -1.0988834
                  2352.5                      -1.1298744
                    2355                      -1.1623321
                  2357.5                      -1.1962654
                    2360                      -1.2316749
                  2362.5                      -1.2685538
                    2365                       -1.306886
                  2367.5                      -1.3466464
                    2370                      -1.3877983
                  2372.5                      -1.4303003
                    2375                       -1.474094
                  2377.5                      -1.5191161
                    2380                      -1.5652885
                  2382.5                      -1.6125225
                    2385                      -1.6607188
                  2387.5                       -1.709765
                    2390                      -1.7595387
                  2392.5                      -1.8099018
                    2395                      -1.8607091
                  2397.5                       -1.911799
                    2400                      -1.9629992
                  2402.5                      -2.0141312
                    2405                      -2.0650003
                  2407.5                       -2.115404
                    2410                      -2.1651322
                  2412.5                      -2.2139673
                    2415                       -2.261681
                  2417.5                      -2.3080472
                    2420                      -2.3528336
                  2422.5                      -2.3958066
                    2425                      -2.4367354
                  2427.5                      -2.4753921
                    2430                      -2.5115527
                  2432.5                      -2.5450053
                    2435                      -2.5755495
                  2437.5                      -2.6029953
                    2440                      -2.6271713
                  2442.5                      -2.6479263
                    2445                       -2.665124
                  2447.5                      -2.6786607
                    2450                      -2.6884472
                  2452.5                      -2.6944297
                    2455                       -2.696573
                  2457.5                      -2.6948757
                    2460                      -2.6893619
                  2462.5                      -2.6800822
                    2465                      -2.6671168
                  2467.5                      -2.6505671
                    2470                      -2.6305628
                  2472.5                      -2.6072538
                    2475                      -2.5808087
                  2477.5                      -2.5514187
                    2480                      -2.5192846
                  2482.5                      -2.4846248
                    2485                      -2.4476645
                  2487.5                      -2.4086369
                    2490                      -2.3677803
                  2492.5                      -2.3253373
                    2495                       -2.281549
                  2497.5                      -2.2366546
                    2500                      -2.1908893
                  2502.5                      -2.1444817
                    2505                      -2.0976552
                  2507.5                      -2.0506245
                    2510                       -2.003593
                  2512.5                      -1.9567533
                    2515                      -1.9102902
                  2517.5                      -1.8643705
                    2520                      -1.8191519
                  2522.5                      -1.7747795
                    2525                      -1.7313845
                  2527.5                      -1.6890848
                    2530                       -1.647985
                  2532.5                      -1.6081781
                    2535                      -1.5697424
                  2537.5                      -1.5327432
                    2540                      -1.4972341
                  2542.5                      -1.4632587
                    2545                      -1.4308443
                  2547.5                      -1.4000099
                    2550                      -1.3707615
                  2552.5                      -1.3430954
                    2555                      -1.3169981
                  2557.5                      -1.2924459
                    2560                      -1.2694039
                  2562.5                      -1.2478307
                    2565                      -1.2276752
                  2567.5                      -1.2088796
                    2570                      -1.1913762
                  2572.5                       -1.175095
                    2575                       -1.159954
                  2577.5                      -1.1458714
                    2580                      -1.1327581
                  2582.5                      -1.1205185
                    2585                      -1.1090588
                  2587.5                      -1.0982764
                    2590                      -1.0880738
                  2592.5                       -1.078345
                    2595                       -1.068991
                  2597.5                      -1.0599055
                    2600                      -1.0509905
                  2602.5                      -1.0421476
                    2605                      -1.0332807
                  2607.5                      -1.0242979
                    2610                       -1.015113
                  2612.5                       -1.005645
                    2615                     -0.99581666
                  2617.5                     -0.98556162
                    2620                     -0.97481872
                  2622.5                     -0.96353476
                    2625                     -0.95166367
                  2627.5                     -0.93917397
                    2630                     -0.92603503
                  2632.5                     -0.91223235
                    2635                     -0.89775625
                  2637.5                     -0.88260999
                    2640                     -0.86680422
                  2642.5                     -0.85035685
                    2645                     -0.83329968
                  2647.5                     -0.81566689
                    2650                     -0.79750517
                  2652.5                      -0.7788648
                    2655                     -0.75980524
                  2657.5                     -0.74039011
                    2660                     -0.72069046
                  2662.5                     -0.70078046
                    2665                     -0.68073718
                  2667.5                     -0.66064188
                    2670                     -0.64057661
                  2672.5                     -0.62062577
                    2675                     -0.60087191
                  2677.5                     -0.58140355
                    2680                     -0.56229862
                  2682.5                     -0.54364009
                    2685                     -0.52550645
                  2687.5                     -0.50797391
                    2690                     -0.49111135
                  2692.5                     -0.47498903
                    2695                     -0.45966651
                  2697.5                     -0.44520368
                    2700                     -0.43165019
                  2702.5                     -0.41905098
                    2705                     -0.40744455
                  2707.5                     -0.39686373
                    2710                      -0.3873331
                  2712.5                     -0.37887167
                    2715                     -0.37148822
                  2717.5                     -0.36518636
                    2720                     -0.35996228
                  2722.5                     -0.35580566
                    2725                     -0.35269447
                  2727.5                      -0.3506039
                    2730                     -0.34949978
                  2732.5                     -0.34934132
                    2735                     -0.35008068
                  2737.5                     -0.35166487
                    2740                     -0.35403211
                  2742.5                     -0.35711703
                    2745                     -0.36084703
                  2747.5                     -0.36514631
                    2750                     -0.36993295
                  2752.5                     -0.37512306
                    2755                     -0.38062649
                  2757.5                     -0.38635393
                    2760                     -0.39221189
                  2762.5                     -0.39810768
                    2765                     -0.40394682
                  2767.5                     -0.40963337
                    2770                     -0.41507907
                  2772.5                     -0.42019199
                    2775                     -0.42488581
                  2777.5                     -0.42907662
                    2780                     -0.43268882
                  2782.5                     -0.43564775
                    2785                     -0.43788818
                  2787.5                     -0.43935248
                    2790                      -0.4399881
                  2792.5                     -0.43975202
                    2795                      -0.4386117
                  2797.5                     -0.43654168
                    2800                      -0.4335268
                  2802.5                      -0.4295619
                    2805                     -0.42465142
                  2807.5                      -0.4188087
                    2810                     -0.41205875
                  2812.5                     -0.40443441
                    2815                      -0.3959766
                  2817.5                     -0.38673846
                    2820                     -0.37677682
                  2822.5                     -0.36615772
                    2825                       -0.354955
                  2827.5                     -0.34324617
                    2830                     -0.33111535
                  2832.5                     -0.31865067
                    2835                     -0.30594381
                  2837.5                     -0.29308654
                    2840                     -0.28017555
                  2842.5                     -0.26730669
                    2845                     -0.25457452
                  2847.5                     -0.24207443
                    2850                     -0.22989868
                  2852.5                     -0.21813693
                    2855                     -0.20687665
                  2857.5                     -0.19619889
                    2860                     -0.18618106
                  2862.5                     -0.17689602
                    2865                     -0.16840922
                  2867.5                     -0.16078059
                    2870                      -0.1540634
                  2872.5                     -0.14830046
                    2875                      -0.1435302
                  2877.5                     -0.13978393
                    2880                     -0.13708049
                  2882.5                     -0.13543462
                    2885                     -0.13484782
                  2887.5                     -0.13531882
                    2890                     -0.13683305
                  2892.5                     -0.13936913
                    2895                     -0.14289452
                  2897.5                     -0.14737317
                    2900                     -0.15275451
                  2902.5                     -0.15898411
                    2905                     -0.16599982
                  2907.5                     -0.17372933
                    2910                     -0.18209646
                  2912.5                     -0.19101437
                    2915                     -0.20039629
                  2917.5                      -0.2101447
                    2920                      -0.2201606
                  2922.5                     -0.23033875
                    2925                     -0.24057462
                  2927.5                     -0.25075973
                    2930                     -0.26078229
                  2932.5                     -0.27053591
                    2935                     -0.27990973
                  2937.5                     -0.28879941
                    2940                     -0.29710138
                  2942.5                     -0.30471802
                    2945                     -0.31155585
                  2947.5                     -0.31752685
                    2950                     -0.32255552
                  2952.5                      -0.3265704
                    2955                     -0.32951082
                  2957.5                     -0.33132729
                    2960                     -0.33197924
                  2962.5                     -0.33143992
                    2965                     -0.32969375
                  2967.5                     -0.32673767
                    2970                     -0.32257973
                  2972.5                     -0.31724106
                    2975                     -0.31075608
                  2977.5                     -0.30317119
                    2980                     -0.29454074
                  2982.5                     -0.28493365
                    2985                     -0.27442784
                  2987.5                     -0.26311112
                    2990                     -0.25107708
                  2992.5                     -0.23843127
                    2995                     -0.22527792
                  2997.5                     -0.21173661
                    3000                     -0.19792092

