        Frequency / MHz                S1,1/abs,dB
----------------------------------------------------------------------
                     500                    -0.084795437
                   502.5                     -0.10255784
                     505                     -0.11962802
                   507.5                     -0.13592004
                     510                     -0.15135119
                   512.5                     -0.16584826
                     515                     -0.17933787
                   517.5                     -0.19175785
                     520                     -0.20304891
                   522.5                     -0.21316022
                     525                     -0.22204789
                   527.5                     -0.22967453
                     530                     -0.23601144
                   532.5                      -0.2410392
                     535                     -0.24474093
                   537.5                     -0.24711422
                     540                     -0.24816005
                   542.5                     -0.24788981
                     545                     -0.24632007
                   547.5                     -0.24347862
                     550                     -0.23939639
                   552.5                     -0.23411228
                     555                     -0.22767338
                   557.5                     -0.22013018
                     560                     -0.21154032
                   562.5                     -0.20196684
                     565                     -0.19147596
                   567.5                      -0.1801386
                     570                     -0.16802884
                   572.5                     -0.15522132
                     575                     -0.14179888
                   577.5                     -0.12784027
                     580                     -0.11342713
                   582.5                    -0.098644419
                     585                    -0.083573078
                   587.5                    -0.068297642
                     590                    -0.052898475
                   592.5                    -0.037456964
                     595                    -0.022054264
                   597.5                   -0.0067655463
                     600                    0.0083334818
                   602.5                     0.023168827
                     605                     0.037673185
                   607.5                     0.051776386
                     610                     0.065417553
                   612.5                      0.07853449
                     615                     0.091070137
                   617.5                      0.10297407
                     620                      0.11419601
                   622.5                      0.12469081
                     625                      0.13441729
                   627.5                      0.14333807
                     630                      0.15141982
                   632.5                       0.1586354
                     635                      0.16495935
                   637.5                      0.17037045
                     640                      0.17485299
                   642.5                      0.17839511
                     645                      0.18098843
                   647.5                      0.18262922
                     650                      0.18331655
                   652.5                      0.18305481
                     655                      0.18185237
                   657.5                      0.17971941
                     660                      0.17667262
                   662.5                      0.17272983
                     665                      0.16791506
                   667.5                      0.16225331
                     670                      0.15577513
                   672.5                      0.14851118
                     675                      0.14049901
                   677.5                      0.13177646
                     680                      0.12238575
                   682.5                      0.11237088
                     685                      0.10177798
                   687.5                     0.090658153
                     690                     0.079061368
                   692.5                     0.067040982
                     695                     0.054652654
                   697.5                     0.041951578
                     700                     0.028998622
                   702.5                     0.015851099
                     705                    0.0025681162
                   707.5                    -0.010787242
                     710                    -0.024156758
                   712.5                    -0.037479233
                     715                    -0.050691853
                   717.5                    -0.063737699
                     720                    -0.076556873
                   722.5                    -0.089089838
                     725                     -0.10128167
                   727.5                     -0.11307835
                     730                     -0.12442552
                   732.5                     -0.13527483
                     735                      -0.1455766
                   737.5                     -0.15528726
                     740                     -0.16436522
                   742.5                     -0.17277306
                     745                     -0.18047498
                   747.5                     -0.18744034
                     750                     -0.19364433
                   752.5                     -0.19906135
                     755                     -0.20367532
                   757.5                      -0.2074719
                     760                     -0.21044124
                   762.5                     -0.21257859
                     765                     -0.21388249
                   767.5                     -0.21435855
                     770                     -0.21401296
                   772.5                     -0.21285929
                     775                     -0.21091444
                   777.5                     -0.20819882
                     780                     -0.20473799
                   782.5                     -0.20055738
                     785                      -0.1956928
                   787.5                     -0.19017614
                     790                     -0.18404836
                   792.5                     -0.17734789
                     795                     -0.17011782
                   797.5                     -0.16240636
                     800                     -0.15425975
                   802.5                     -0.14572611
                     805                     -0.13685732
                   807.5                     -0.12770323
                     810                     -0.11831824
                   812.5                      -0.1087541
                     815                    -0.099064875
                   817.5                     -0.08930232
                     820                    -0.079521578
                   822.5                    -0.069772954
                     825                    -0.060107953
                   827.5                    -0.050578485
                     830                     -0.04123433
                   832.5                    -0.032123468
                     835                    -0.023292082
                   837.5                    -0.014787232
                     840                   -0.0066494997
                   842.5                    0.0010780884
                     845                    0.0083561036
                   847.5                     0.015148048
                     850                       0.0214185
                   852.5                     0.027135074
                     855                     0.032267358
                   857.5                     0.036788685
                     860                     0.040672637
                   862.5                     0.043896972
                     865                     0.046444998
                   867.5                     0.048295169
                     870                     0.049434809
                   872.5                     0.049852318
                     875                     0.049536626
                   877.5                     0.048484358
                     880                     0.046690101
                   882.5                     0.044152361
                     885                     0.040875294
                   887.5                     0.036859986
                     890                     0.032114478
                   892.5                     0.026648649
                     895                     0.020474179
                   897.5                     0.013603639
                     900                    0.0060560555
                   902.5                   -0.0021479054
                     905                    -0.010991125
                   907.5                    -0.020446992
                     910                     -0.03048868
                   912.5                    -0.041091322
                     915                    -0.052223469
                   917.5                    -0.063852009
                     920                    -0.075944279
                   922.5                    -0.088466495
                     925                     -0.10137842
                   927.5                     -0.11464573
                     930                     -0.12822555
                   932.5                      -0.1420787
                     935                     -0.15616247
                   937.5                     -0.17043548
                     940                     -0.18485211
                   942.5                     -0.19936948
                     945                     -0.21394195
                   947.5                     -0.22852651
                     950                      -0.2430752
                   952.5                      -0.2575479
                     955                     -0.27189596
                   957.5                     -0.28607877
                     960                     -0.30005001
                   962.5                     -0.31376923
                     965                     -0.32719321
                   967.5                     -0.34028321
                     970                     -0.35300066
                   972.5                     -0.36530798
                     975                     -0.37716874
                   977.5                     -0.38855058
                     980                     -0.39942092
                   982.5                     -0.40975086
                     985                     -0.41951457
                   987.5                     -0.42868556
                     990                     -0.43724394
                   992.5                     -0.44516921
                     995                     -0.45244518
                   997.5                     -0.45905777
                    1000                     -0.46499688
                  1002.5                      -0.4702544
                    1005                      -0.4748256
                  1007.5                     -0.47870661
                    1010                     -0.48190041
                  1012.5                      -0.4844097
                    1015                        -0.48624
                  1017.5                     -0.48740177
                    1020                      -0.4879066
                  1022.5                     -0.48776809
                    1025                     -0.48700377
                  1027.5                     -0.48563028
                    1030                     -0.48367146
                  1032.5                     -0.48115039
                    1035                      -0.4780913
                  1037.5                     -0.47452083
                    1040                      -0.4704667
                  1042.5                     -0.46595834
                    1045                     -0.46102764
                  1047.5                     -0.45570685
                    1050                     -0.45002764
                  1052.5                     -0.44402409
                    1055                     -0.43772944
                  1057.5                     -0.43117587
                    1060                     -0.42440244
                  1062.5                     -0.41743805
                    1065                     -0.41032154
                  1067.5                     -0.40308424
                    1070                     -0.39575916
                  1072.5                      -0.3883807
                    1075                     -0.38097936
                  1077.5                     -0.37358774
                    1080                     -0.36623544
                  1082.5                     -0.35895155
                    1085                     -0.35176605
                  1087.5                     -0.34470222
                    1090                     -0.33778878
                  1092.5                     -0.33104821
                    1095                     -0.32450331
                  1097.5                     -0.31817776
                    1100                     -0.31208741
                  1102.5                     -0.30625328
                    1105                     -0.30069051
                  1107.5                     -0.29541507
                    1110                     -0.29043941
                  1112.5                      -0.2857764
                    1115                     -0.28143461
                  1117.5                     -0.27742271
                    1120                     -0.27374845
                  1122.5                     -0.27041586
                    1125                     -0.26742794
                  1127.5                     -0.26478806
                    1130                     -0.26249628
                  1132.5                     -0.26055013
                    1135                     -0.25894862
                  1137.5                     -0.25768563
                    1140                      -0.2567582
                  1142.5                     -0.25615624
                    1145                     -0.25587545
                  1147.5                     -0.25590365
                    1150                     -0.25623076
                  1152.5                     -0.25684747
                    1155                     -0.25773844
                  1157.5                     -0.25889122
                    1160                     -0.26029171
                  1162.5                     -0.26192402
                    1165                     -0.26377309
                  1167.5                     -0.26582074
                    1170                     -0.26805168
                  1172.5                     -0.27044704
                    1175                     -0.27298795
                  1177.5                     -0.27565803
                    1180                     -0.27843806
                  1182.5                     -0.28130906
                    1185                     -0.28425085
                  1187.5                     -0.28724706
                    1190                     -0.29027667
                  1192.5                     -0.29332356
                    1195                     -0.29636787
                  1197.5                     -0.29939258
                    1200                     -0.30237922
                  1202.5                     -0.30531131
                    1205                      -0.3081734
                  1207.5                      -0.3109484
                    1210                     -0.31362225
                  1212.5                     -0.31618028
                    1215                     -0.31861011
                  1217.5                     -0.32089586
                    1220                     -0.32303097
                  1222.5                     -0.32500114
                    1225                      -0.3267986
                  1227.5                     -0.32841318
                    1230                     -0.32983898
                  1232.5                     -0.33106879
                    1235                     -0.33209796
                  1237.5                      -0.3329211
                    1240                     -0.33353472
                  1242.5                     -0.33393896
                    1245                     -0.33413144
                  1247.5                     -0.33411419
                    1250                     -0.33388571
                  1252.5                     -0.33345065
                    1255                     -0.33281108
                  1257.5                     -0.33197128
                    1260                     -0.33093691
                  1262.5                     -0.32971487
                    1265                     -0.32831118
                  1267.5                     -0.32673399
                    1270                      -0.3249908
                  1272.5                     -0.32309158
                    1275                      -0.3210463
                  1277.5                      -0.3188659
                    1280                     -0.31656065
                  1282.5                     -0.31414253
                    1285                     -0.31162121
                  1287.5                     -0.30901048
                    1290                     -0.30632347
                  1292.5                      -0.3035702
                    1295                     -0.30076392
                  1297.5                      -0.2979188
                    1300                     -0.29504515
                  1302.5                     -0.29215583
                    1305                     -0.28926539
                  1307.5                     -0.28638422
                    1310                     -0.28352308
                  1312.5                     -0.28069534
                    1315                     -0.27791178
                  1317.5                      -0.2751823
                    1320                     -0.27251975
                  1322.5                     -0.26993079
                    1325                     -0.26742682
                  1327.5                     -0.26501539
                    1330                     -0.26270691
                  1332.5                     -0.26050503
                    1335                     -0.25841989
                  1337.5                     -0.25645647
                    1340                     -0.25462104
                  1342.5                      -0.2529192
                    1345                     -0.25135209
                  1347.5                      -0.2499247
                    1350                     -0.24864056
                  1352.5                     -0.24750104
                    1355                     -0.24650805
                  1357.5                     -0.24566018
                    1360                     -0.24495919
                  1362.5                     -0.24440324
                    1365                     -0.24399008
                  1367.5                     -0.24372004
                    1370                     -0.24358711
                  1372.5                     -0.24358935
                    1375                     -0.24372334
                  1377.5                     -0.24398259
                    1380                     -0.24436321
                  1382.5                     -0.24485935
                    1385                     -0.24546521
                  1387.5                     -0.24617163
                    1390                     -0.24697498
                  1392.5                     -0.24786515
                    1395                     -0.24883521
                  1397.5                     -0.24987788
                    1400                     -0.25098216
                  1402.5                     -0.25214326
                    1405                     -0.25335082
                  1407.5                     -0.25459611
                    1410                     -0.25586884
                  1412.5                     -0.25716186
                    1415                     -0.25846591
                  1417.5                     -0.25977161
                    1420                     -0.26107001
                  1422.5                     -0.26235313
                    1425                     -0.26361324
                  1427.5                     -0.26483889
                    1430                     -0.26602503
                  1432.5                     -0.26716321
                    1435                     -0.26824549
                  1437.5                     -0.26926543
                    1440                     -0.27021605
                  1442.5                     -0.27109029
                    1445                      -0.2718827
                  1447.5                     -0.27258874
                    1450                     -0.27320243
                  1452.5                     -0.27372008
                    1455                     -0.27413762
                  1457.5                     -0.27445004
                    1460                     -0.27465703
                  1462.5                      -0.2747549
                    1465                     -0.27474137
                  1467.5                     -0.27461765
                    1470                     -0.27438006
                  1472.5                     -0.27402929
                    1475                     -0.27356607
                  1477.5                     -0.27299117
                    1480                     -0.27230817
                  1482.5                     -0.27151401
                    1485                     -0.27061633
                  1487.5                     -0.26961438
                    1490                     -0.26851331
                  1492.5                     -0.26731693
                    1495                     -0.26602774
                  1497.5                     -0.26465137
                    1500                     -0.26319315
                  1502.5                      -0.2616579
                    1505                     -0.26005045
                  1507.5                     -0.25837657
                    1510                     -0.25664166
                  1512.5                     -0.25485369
                    1515                     -0.25301736
                  1517.5                     -0.25113867
                    1520                     -0.24922444
                  1522.5                     -0.24728214
                    1525                     -0.24531738
                  1527.5                     -0.24333615
                    1530                     -0.24134623
                  1532.5                     -0.23935291
                    1535                     -0.23736199
                  1537.5                     -0.23538005
                    1540                     -0.23341407
                  1542.5                     -0.23146885
                    1545                     -0.22954983
                  1547.5                     -0.22766196
                    1550                     -0.22581118
                  1552.5                     -0.22400036
                    1555                     -0.22223672
                  1557.5                     -0.22052204
                    1560                     -0.21886157
                  1562.5                     -0.21725859
                    1565                     -0.21571465
                  1567.5                     -0.21423508
                    1570                     -0.21281911
                  1572.5                     -0.21147107
                    1575                     -0.21019093
                  1577.5                     -0.20898157
                    1580                     -0.20784174
                  1582.5                      -0.2067738
                    1585                     -0.20577765
                  1587.5                     -0.20485123
                    1590                     -0.20399403
                  1592.5                     -0.20320619
                    1595                       -0.202486
                  1597.5                     -0.20183117
                    1600                     -0.20123957
                  1602.5                     -0.20071005
                    1605                     -0.20023851
                  1607.5                     -0.19982349
                    1610                     -0.19945953
                  1612.5                     -0.19914575
                    1615                     -0.19887552
                  1617.5                      -0.1986478
                    1620                     -0.19845661
                  1622.5                     -0.19829962
                    1625                     -0.19817097
                  1627.5                     -0.19806684
                    1630                     -0.19798269
                  1632.5                     -0.19791414
                    1635                     -0.19785635
                  1637.5                     -0.19780481
                    1640                     -0.19775576
                  1642.5                     -0.19770354
                    1645                     -0.19764422
                  1647.5                     -0.19757438
                    1650                     -0.19748908
                  1652.5                     -0.19738309
                    1655                     -0.19725521
                  1657.5                     -0.19709928
                    1660                     -0.19691249
                  1662.5                     -0.19669214
                    1665                     -0.19643503
                  1667.5                     -0.19613747
                    1670                     -0.19579674
                  1672.5                     -0.19541187
                    1675                     -0.19497944
                  1677.5                     -0.19449912
                    1680                     -0.19396806
                  1682.5                     -0.19338662
                    1685                     -0.19275207
                  1687.5                     -0.19206417
                    1690                     -0.19132431
                  1692.5                     -0.19053089
                    1695                     -0.18968483
                  1697.5                     -0.18878738
                    1700                     -0.18783778
                  1702.5                     -0.18683918
                    1705                     -0.18579182
                  1707.5                     -0.18469818
                    1710                     -0.18356029
                  1712.5                     -0.18237917
                    1715                     -0.18115917
                  1717.5                     -0.17990194
                    1720                     -0.17860988
                  1722.5                     -0.17728737
                    1725                     -0.17593656
                  1727.5                     -0.17456198
                    1730                     -0.17316617
                  1732.5                     -0.17175328
                    1735                     -0.17032639
                  1737.5                     -0.16888991
                    1740                     -0.16744798
                  1742.5                     -0.16600372
                    1745                     -0.16456074
                  1747.5                     -0.16312513
                    1750                     -0.16169774
                  1752.5                     -0.16028432
                    1755                     -0.15888811
                  1757.5                     -0.15751254
                    1760                     -0.15616085
                  1762.5                     -0.15483732
                    1765                     -0.15354362
                  1767.5                     -0.15228438
                    1770                     -0.15106266
                  1772.5                     -0.14988001
                    1775                     -0.14874021
                  1777.5                     -0.14764434
                    1780                     -0.14659487
                  1782.5                      -0.1455953
                    1785                     -0.14464548
                  1787.5                     -0.14374736
                    1790                     -0.14290183
                  1792.5                     -0.14211118
                    1795                     -0.14137425
                  1797.5                      -0.1406923
                    1800                      -0.1400659
                  1802.5                     -0.13949387
                    1805                     -0.13897706
                  1807.5                      -0.1385145
                    1810                     -0.13810469
                  1812.5                     -0.13774758
                    1815                     -0.13744129
                  1817.5                     -0.13718342
                    1820                     -0.13697458
                  1822.5                     -0.13681111
                    1825                     -0.13669114
                  1827.5                     -0.13661233
                    1830                     -0.13657174
                  1832.5                     -0.13656811
                    1835                     -0.13659762
                  1837.5                     -0.13665721
                    1840                     -0.13674471
                  1842.5                     -0.13685657
                    1845                     -0.13698919
                  1847.5                     -0.13713962
                    1850                     -0.13730448
                  1852.5                     -0.13748093
                    1855                     -0.13766416
                  1857.5                     -0.13785394
                    1860                     -0.13804302
                  1862.5                     -0.13823192
                    1865                     -0.13841492
                  1867.5                     -0.13858901
                    1870                      -0.1387532
                  1872.5                     -0.13890202
                    1875                     -0.13903311
                  1877.5                     -0.13914614
                    1880                     -0.13923568
                  1882.5                     -0.13930094
                    1885                     -0.13933975
                  1887.5                      -0.1393502
                    1890                     -0.13932969
                  1892.5                      -0.1392765
                    1895                     -0.13919038
                  1897.5                     -0.13906871
                    1900                     -0.13891124
                  1902.5                     -0.13871784
                    1905                     -0.13848738
                  1907.5                     -0.13821967
                    1910                     -0.13791402
                  1912.5                     -0.13757118
                    1915                     -0.13719262
                  1917.5                     -0.13677587
                    1920                     -0.13632597
                  1922.5                     -0.13584043
                    1925                     -0.13532102
                  1927.5                     -0.13477151
                    1930                      -0.1341915
                  1932.5                     -0.13358309
                    1935                     -0.13294836
                  1937.5                     -0.13228886
                    1940                     -0.13160917
                  1942.5                     -0.13090918
                    1945                     -0.13019233
                  1947.5                     -0.12946102
                    1950                     -0.12871805
                  1952.5                     -0.12796784
                    1955                     -0.12721044
                  1957.5                     -0.12645071
                    1960                     -0.12569131
                  1962.5                      -0.1249348
                    1965                     -0.12418479
                  1967.5                     -0.12344333
                    1970                     -0.12271391
                  1972.5                     -0.12199901
                    1975                     -0.12130097
                  1977.5                     -0.12062487
                    1980                     -0.11996984
                  1982.5                     -0.11934138
                    1985                     -0.11874024
                  1987.5                     -0.11816916
                    1990                     -0.11763045
                  1992.5                     -0.11712633
                    1995                     -0.11665799
                  1997.5                     -0.11622715
                    2000                     -0.11583651
                  2002.5                     -0.11548575
                    2005                     -0.11517595
                  2007.5                     -0.11490889
                    2010                     -0.11468467
                  2012.5                     -0.11450451
                    2015                     -0.11436801
                  2017.5                     -0.11427593
                    2020                     -0.11422685
                  2022.5                     -0.11422151
                    2025                     -0.11425966
                  2027.5                     -0.11433995
                    2030                     -0.11446056
                  2032.5                     -0.11462183
                    2035                     -0.11482147
                  2037.5                      -0.1150593
                    2040                     -0.11533259
                  2042.5                     -0.11563808
                    2045                     -0.11597673
                  2047.5                     -0.11634538
                    2050                     -0.11674029
                  2052.5                     -0.11716099
                    2055                     -0.11760435
                  2057.5                     -0.11806728
                    2060                      -0.1185462
                  2062.5                     -0.11904224
                    2065                     -0.11954823
                  2067.5                     -0.12006428
                    2070                     -0.12058587
                  2072.5                     -0.12111107
                    2075                     -0.12163695
                  2077.5                     -0.12216108
                    2080                     -0.12267898
                  2082.5                     -0.12319036
                    2085                     -0.12369074
                  2087.5                     -0.12417881
                    2090                     -0.12465112
                  2092.5                     -0.12510688
                    2095                     -0.12554111
                  2097.5                     -0.12595459
                    2100                     -0.12634335
                  2102.5                     -0.12670701
                    2105                     -0.12704356
                  2107.5                     -0.12735083
                    2110                     -0.12762802
                  2112.5                     -0.12787453
                    2115                      -0.1280897
                  2117.5                      -0.1282716
                    2120                     -0.12842038
                  2122.5                     -0.12853509
                    2125                     -0.12861742
                  2127.5                     -0.12866534
                    2130                     -0.12868153
                  2132.5                     -0.12866392
                    2135                     -0.12861567
                  2137.5                     -0.12853675
                    2140                     -0.12842712
                  2142.5                     -0.12828986
                    2145                     -0.12812593
                  2147.5                     -0.12793626
                    2150                     -0.12772385
                  2152.5                      -0.1274901
                    2155                     -0.12723746
                  2157.5                      -0.1269678
                    2160                     -0.12668403
                  2162.5                     -0.12638801
                    2165                     -0.12608206
                  2167.5                      -0.1257701
                    2170                     -0.12545444
                  2172.5                     -0.12513737
                    2175                     -0.12482222
                  2177.5                     -0.12451022
                    2180                      -0.1242073
                  2182.5                     -0.12391413
                    2185                     -0.12363349
                  2187.5                      -0.1233692
                    2190                     -0.12312348
                  2192.5                     -0.12289806
                    2195                      -0.1226978
                  2197.5                     -0.12252336
                    2200                     -0.12237753
                  2202.5                     -0.12226308
                    2205                     -0.12218176
                  2207.5                     -0.12213532
                    2210                     -0.12212499
                  2212.5                     -0.12215466
                    2215                     -0.12222296
                  2217.5                     -0.12233381
                    2220                      -0.1224864
                  2222.5                     -0.12268363
                    2225                     -0.12292421
                  2227.5                     -0.12321002
                    2230                     -0.12354086
                  2232.5                     -0.12391601
                    2235                     -0.12433741
                  2237.5                     -0.12480334
                    2240                     -0.12531368
                  2242.5                     -0.12586776
                    2245                     -0.12646394
                  2247.5                     -0.12710263
                    2250                     -0.12778061
                  2252.5                     -0.12849835
                    2255                     -0.12925369
                  2257.5                     -0.13004289
                    2260                     -0.13086749
                  2262.5                      -0.1317222
                    2265                     -0.13260643
                  2267.5                     -0.13351857
                    2270                      -0.1344533
                  2272.5                     -0.13541004
                    2275                     -0.13638661
                  2277.5                      -0.1373782
                    2280                     -0.13838417
                  2282.5                      -0.1394002
                    2285                     -0.14042509
                  2287.5                     -0.14145342
                    2290                     -0.14248446
                  2292.5                     -0.14351537
                    2295                     -0.14454221
                  2297.5                     -0.14556311
                    2300                     -0.14657512
                  2302.5                     -0.14757524
                    2305                     -0.14856205
                  2307.5                      -0.1495314
                    2310                     -0.15048388
                  2312.5                     -0.15141528
                    2315                     -0.15232399
                  2317.5                     -0.15320782
                    2320                     -0.15406665
                  2322.5                      -0.1548982
                    2325                     -0.15570069
                  2327.5                     -0.15647543
                    2330                     -0.15721897
                  2332.5                     -0.15793254
                    2335                     -0.15861473
                  2337.5                     -0.15926563
                    2340                     -0.15988584
                  2342.5                     -0.16047641
                    2345                      -0.1610358
                  2347.5                     -0.16156659
                    2350                     -0.16206976
                  2352.5                      -0.1625452
                    2355                     -0.16299701
                  2357.5                     -0.16342451
                    2360                     -0.16383021
                  2362.5                     -0.16421703
                    2365                     -0.16458689
                  2367.5                     -0.16494223
                    2370                     -0.16528544
                  2372.5                      -0.1656195
                    2375                     -0.16594623
                  2377.5                     -0.16627123
                    2380                     -0.16659586
                  2382.5                     -0.16692414
                    2385                     -0.16725899
                  2387.5                     -0.16760342
                    2390                     -0.16796091
                  2392.5                     -0.16833611
                    2395                     -0.16873152
                  2397.5                     -0.16915172
                    2400                     -0.16959826
                  2402.5                     -0.17007583
                    2405                     -0.17058712
                  2407.5                     -0.17113575
                    2410                     -0.17172555
                  2412.5                     -0.17235811
                    2415                     -0.17303733
                  2417.5                     -0.17376597
                    2420                     -0.17454637
                  2422.5                     -0.17538141
                    2425                      -0.1762714
                  2427.5                     -0.17722184
                    2430                     -0.17823158
                  2432.5                     -0.17930413
                    2435                     -0.18043994
                  2437.5                     -0.18163998
                    2440                     -0.18290614
                  2442.5                     -0.18423912
                    2445                     -0.18563771
                  2447.5                     -0.18710399
                    2450                     -0.18863746
                  2452.5                     -0.19023804
                    2455                     -0.19190364
                  2457.5                     -0.19363422
                    2460                     -0.19543022
                  2462.5                     -0.19728835
                    2465                     -0.19920802
                  2467.5                      -0.2011875
                    2470                     -0.20322599
                  2472.5                     -0.20531949
                    2475                     -0.20746622
                  2477.5                     -0.20966454
                    2480                      -0.2119105
                  2482.5                     -0.21420226
                    2485                     -0.21653611
                  2487.5                     -0.21891071
                    2490                       -0.221321
                  2492.5                     -0.22376493
                    2495                     -0.22623756
                  2497.5                     -0.22873882
                    2500                     -0.23126215
                  2502.5                     -0.23380594
                    2505                     -0.23636784
                  2507.5                     -0.23894198
                    2510                     -0.24152802
                  2512.5                     -0.24412153
                    2515                     -0.24672043
                  2517.5                     -0.24932001
                    2520                      -0.2519205
                  2522.5                     -0.25451737
                    2525                     -0.25710977
                  2527.5                     -0.25969483
                    2530                      -0.2622716
                  2532.5                     -0.26483812
                    2535                     -0.26739305
                  2537.5                     -0.26993515
                    2540                     -0.27246487
                  2542.5                     -0.27498081
                    2545                     -0.27748411
                  2547.5                     -0.27997395
                    2550                     -0.28245215
                  2552.5                     -0.28491847
                    2555                     -0.28737484
                  2557.5                     -0.28982332
                    2560                     -0.29226538
                  2562.5                     -0.29470388
                    2565                     -0.29714046
                  2567.5                      -0.2995796
                    2570                     -0.30202394
                  2572.5                     -0.30447753
                    2575                       -0.306944
                  2577.5                     -0.30942742
                    2580                     -0.31193249
                  2582.5                     -0.31446507
                    2585                     -0.31702987
                  2587.5                     -0.31963056
                    2590                     -0.32227418
                  2592.5                     -0.32496709
                    2595                     -0.32771396
                  2597.5                     -0.33052109
                    2600                     -0.33339323
                  2602.5                     -0.33634051
                    2605                     -0.33936584
                  2607.5                     -0.34247625
                    2610                     -0.34567884
                  2612.5                     -0.34898061
                    2615                     -0.35238598
                  2617.5                     -0.35590342
                    2620                     -0.35953798
                  2622.5                      -0.3632957
                    2625                     -0.36718253
                  2627.5                     -0.37120468
                    2630                     -0.37536865
                  2632.5                     -0.37967856
                    2635                        -0.38414
                  2637.5                     -0.38875772
                    2640                     -0.39353808
                  2642.5                     -0.39848481
                    2645                     -0.40360112
                  2647.5                     -0.40889131
                    2650                     -0.41435904
                  2652.5                     -0.42000865
                    2655                     -0.42584146
                  2657.5                     -0.43186131
                    2660                     -0.43806895
                  2662.5                     -0.44446814
                    2665                     -0.45106003
                  2667.5                      -0.4578444
                    2670                     -0.46482288
                  2672.5                     -0.47199692
                    2675                     -0.47936597
                  2677.5                     -0.48693014
                    2680                     -0.49468925
                  2682.5                     -0.50264128
                    2685                     -0.51078647
                  2687.5                     -0.51912408
                    2690                     -0.52765157
                  2692.5                     -0.53636819
                    2695                     -0.54527191
                  2697.5                      -0.5543596
                    2700                     -0.56363079
                  2702.5                     -0.57308283
                    2705                     -0.58271497
                  2707.5                     -0.59252403
                    2710                     -0.60250567
                  2712.5                     -0.61266211
                    2715                     -0.62298836
                  2717.5                       -0.633485
                    2720                      -0.6441474
                  2722.5                     -0.65497797
                    2725                     -0.66597136
                  2727.5                     -0.67713087
                    2730                     -0.68845434
                  2732.5                     -0.69994288
                    2735                     -0.71159676
                  2737.5                     -0.72341646
                    2740                      -0.7354037
                  2742.5                     -0.74756129
                    2745                     -0.75989101
                  2747.5                     -0.77239741
                    2750                     -0.78508372
                  2752.5                     -0.79795445
                    2755                     -0.81101705
                  2757.5                     -0.82427612
                    2760                     -0.83773947
                  2762.5                       -0.851415
                    2765                     -0.86531098
                  2767.5                     -0.87943881
                    2770                     -0.89380645
                  2772.5                     -0.90842667
                    2775                     -0.92331156
                  2777.5                     -0.93847389
                    2780                     -0.95392792
                  2782.5                     -0.96968791
                    2785                     -0.98576946
                  2787.5                      -1.0021888
                    2790                      -1.0189646
                  2792.5                      -1.0361132
                    2795                      -1.0536531
                  2797.5                       -1.071605
                    2800                       -1.089988
                  2802.5                      -1.1088231
                    2805                      -1.1281321
                  2807.5                      -1.1479362
                    2810                      -1.1682579
                  2812.5                        -1.18912
                    2815                      -1.2105443
                  2817.5                      -1.2325548
                    2820                      -1.2551771
                  2822.5                      -1.2784329
                    2825                       -1.302346
                  2827.5                      -1.3269418
                    2830                      -1.3522426
                  2832.5                      -1.3782733
                    2835                      -1.4050572
                  2837.5                      -1.4326169
                    2840                      -1.4609763
                  2842.5                      -1.4901566
                    2845                      -1.5201799
                  2847.5                      -1.5510674
                    2850                        -1.58284
                  2852.5                      -1.6155163
                    2855                      -1.6491144
                  2857.5                      -1.6836528
                    2860                      -1.7191457
                  2862.5                      -1.7556097
                    2865                      -1.7930569
                  2867.5                       -1.831499
                    2870                       -1.870947
                  2872.5                      -1.9114084
                    2875                      -1.9528882
                  2877.5                      -1.9953918
                    2880                      -2.0389199
                  2882.5                      -2.0834721
                    2885                       -2.129045
                  2887.5                      -2.1756313
                    2890                      -2.2232244
                  2892.5                      -2.2718101
                    2895                      -2.3213746
                  2897.5                      -2.3718966
                    2900                      -2.4233571
                  2902.5                      -2.4757265
                    2905                       -2.528975
                  2907.5                      -2.5830704
                    2910                      -2.6379733
                  2912.5                      -2.6936404
                    2915                      -2.7500226
                  2917.5                       -2.807067
                    2920                      -2.8647176
                  2922.5                      -2.9229106
                    2925                      -2.9815776
                  2927.5                      -3.0406479
                    2930                      -3.1000383
                  2932.5                      -3.1596654
                    2935                      -3.2194419
                  2937.5                      -3.2792701
                    2940                       -3.339048
                  2942.5                        -3.39867
                    2945                      -3.4580247
                  2947.5                      -3.5169945
                    2950                      -3.5754559
                  2952.5                       -3.633286
                    2955                      -3.6903495
                  2957.5                      -3.7465142
                    2960                       -3.801642
                  2962.5                      -3.8555927
                    2965                       -3.908222
                  2967.5                      -3.9593869
                    2970                      -4.0089429
                  2972.5                      -4.0567427
                    2975                       -4.102649
                  2977.5                      -4.1465172
                    2980                      -4.1882113
                  2982.5                      -4.2275973
                    2985                      -4.2645509
                  2987.5                      -4.2989466
                    2990                       -4.330674
                  2992.5                      -4.3596296
                    2995                      -4.3857177
                  2997.5                      -4.4088563
                    3000                      -4.4289702

